1;0.40881800651550293;2;222.0;[1515 2247]
2;0.9338710308074951;2;198.0;[1515 2247]
3;1.8809731006622314;2;198.0;[1515 2247]
4;3.418882131576538;2;198.0;[1515 2247]
5;5.994969129562378;2;198.0;[1515 2247]
6;10.958230018615723;2;198.0;[  23 2247]
7;11.609663009643555;2;197.359375;[  23 2247]
8;21.09276795387268;2;196.3984375;[  23 2247]
9;37.83353018760681;2;195.91796875;[  23 2247]
10;67.86804819107056;2;195.609375;[  23 2247]
11;123.59786796569824;2;195.2783203125;[  23 2247]
12;229.46012020111084;2;195.00830078125;[  23 2247]
13;433.72031807899475;2;194.82470703125;[  23 2247]
1;0.4466841220855713;2;222.0;[1515 2247]
2;1.0279662609100342;2;198.0;[1515 2247]
3;2.0554842948913574;2;198.0;[1515 2247]
4;3.674544095993042;2;198.0;[1515 2247]
5;6.403938055038452;2;198.0;[1515 2247]
6;11.535572290420532;2;198.0;[  23 2247]
7;12.24566125869751;2;197.359375;[  23 2247]
8;21.772698163986206;2;196.3984375;[  23 2247]
9;38.65071511268616;2;195.91796875;[  23 2247]
10;68.83932995796204;2;195.609375;[  23 2247]
11;122.51621913909912;2;195.2783203125;[  23 2247]
12;224.1739501953125;2;195.00830078125;[  23 2247]
13;422.4963252544403;2;194.82470703125;[  23 2247]
14;804.923709154129;2;194.6007080078125;[  23 2247]
15;1546.2727799415588;2;194.32237243652344;[  23 2247]
16;2976.2817652225494;2;194.0235366821289;[  23 2247]
1;0.4228701591491699;20;295.0;[   0    1    2    3    4    5    6    7    8    9   10   11   12   13
   14   23 1515 2247 2431 2955]
2;0.9568541049957275;20;295.0;[   0    1    2    3    4    5    6    7    8    9   10   23  159 1515
 1598 1659 1777 2247 2431 2955]
3;1.496739149093628;20;295.0;[   0    1    2    3    4    5    6    7    8   23  159 1515 1598 1600
 1659 1712 1777 2247 2431 2955]
4;2.037389039993286;20;295.0;[   0    1    2   23  159 1507 1515 1598 1600 1636 1659 1712 1777 1805
 2247 2358 2389 2431 2465 2955]
5;2.5769901275634766;20;295.0;[   0   23  159 1507 1515 1598 1600 1609 1636 1659 1712 1777 1805 2247
 2358 2389 2431 2465 2926 2955]
6;3.9489002227783203;20;292.25;[   0   23  159 1505 1507 1515 1598 1600 1609 1659 1712 1756 1777 2247
 2358 2389 2431 2465 2926 2955]
7;6.114798069000244;20;292.25;[   0   23  159 1505 1507 1515 1598 1600 1609 1659 1712 1756 1777 2247
 2358 2389 2431 2465 2926 2955]
8;10.132006883621216;20;292.25;[   0   23  159  960 1505 1507 1515 1598 1600 1609 1659 1712 1756 1777
 2247 2431 2926 2940 2943 2955]
9;11.415216207504272;20;292.25;[   0   23  159  161  960 1505 1507 1515 1598 1600 1609 1659 1712 1756
 1777 2247 2358 2431 2926 2955]
10;19.651806116104126;20;292.25;[   0   23  159  161  960 1505 1507 1515 1598 1600 1609 1659 1712 1756
 1777 2247 2358 2431 2926 2955]
11;35.68774604797363;20;291.2421875;[   0   23  159  161  989 1505 1507 1515 1598 1600 1609 1659 1712 1756
 1777 2247 2358 2431 2926 2955]
12;67.58992218971252;20;291.169921875;[   0   23  159  960 1505 1506 1515 1598 1600 1609 1659 1712 1756 1777
 2247 2389 2431 2465 2926 2955]
13;74.6579179763794;20;291.169921875;[   0   23  159  989 1505 1506 1515 1598 1600 1609 1659 1712 1756 1777
 2247 2358 2389 2431 2926 2955]
14;144.33624720573425;20;291.119140625;[   0   23  159  960 1505 1506 1515 1598 1600 1609 1659 1712 1756 1777
 2247 2358 2389 2431 2926 2955]
15;145.90957593917847;20;291.119140625;[   0   23  159  989 1505 1506 1515 1598 1600 1609 1659 1712 1756 1777
 1805 2247 2358 2431 2926 2955]
16;285.791944026947;20;290.6064453125;[   0   23  159  989 1505 1506 1515 1598 1600 1609 1659 1712 1756 1777
 2247 2358 2431 2465 2926 2955]
17;566.4459142684937;20;289.478271484375;[   0   23  159  161 1505 1506 1507 1515 1598 1600 1609 1659 1712 1756
 1777 2247 2431 2465 2926 2955]
18;617.9489641189575;20;289.475341796875;[   0   23  159  989 1505 1506 1515 1598 1600 1609 1659 1712 1756 1777
 2247 2358 2431 2465 2926 2955]
19;1229.9494562149048;20;287.8291015625;[   0   23  159 1505 1506 1507 1515 1598 1600 1609 1659 1712 1756 1777
 2247 2358 2389 2431 2926 2955]
20;1251.7532532215118;20;287.726318359375;[   0   23  157  159  161 1505 1506 1507 1515 1598 1600 1609 1712 1756
 1777 2247 2358 2431 2926 2955]
21;2492.5964691638947;20;286.6661071777344;[   0   23  159  161  989 1505 1506 1507 1515 1598 1600 1609 1712 1756
 1777 2247 2358 2431 2926 2955]
22;2510.8948092460632;20;286.6495056152344;[   0   23  159  161  989 1505 1506 1507 1515 1598 1600 1609 1712 1756
 1777 2247 2358 2431 2926 2955]
