I;1;0.00024700164794921875;1.1920928955078125e-06;0;0.005285978317260742;10;1000000.0;0;[0 1 2 3 4 5 6 7 8 9];1;1;0;0;0
I;2;0.001085042953491211;7.152557373046875e-07;0;0.022056102752685547;10;220.0;0;[  0   1   2  13  61  98 151 168 181 211];1;1;0;0;0
I;3;0.0023469924926757812;9.5367431640625e-07;0;0.04041600227355957;10;206.0;0;[  0   1  26  41  61  98 151 181 193 211];1;1;0;0;0
I;4;0.002129793167114258;9.5367431640625e-07;0;0.05854010581970215;10;198.0;0;[  0  26  41  61  98 163 181 182 193 211];1;1;0;0;0
I;5;0.003226041793823242;1.1920928955078125e-06;0;0.07759404182434082;10;190.0;0;[  0  26  41  61  98 163 181 182 193 234];1;1;0;0;0
I;6;0.003674030303955078;2.1457672119140625e-06;0;0.09685111045837402;10;182.0;0;[  0  41  69  98 153 163 181 182 193 211];1;1;0;0;0
I;7;0.003483295440673828;9.5367431640625e-07;0;0.1168220043182373;10;179.0;0;[  0  26  98 153 163 181 182 193 211 268];1;1;0;0;0
I;8;0.005106925964355469;0.0;0;0.1384580135345459;10;178.0;0;[ 41  61  69  98 153 163 181 182 193 211];1;1;0;0;0
I;9;0.0045511722564697266;0.15181422233581543;0.012769937515258789;0.1601240634918213;10;177.0;159.0;[ 41  61  69  98 153 163 181 182 193 211];2;2;0;0;0
I;10;0.006436824798583984;0.18868613243103027;0.0014300346374511719;0.3238081932067871;10;175.25;160.75;[ 41  61  69  98 153 163 181 182 193 211];4;4;0;0;0
I;11;0.00017714500427246094;0.36929821968078613;0.013014793395996094;0.520197868347168;10;175.25;162.1875;[ 41  61  69  98 153 163 181 182 193 211];8;8;0;0;0
I;12;0.007149934768676758;1.1920928955078125e-06;0;0.9088380336761475;10;175.25;162.1875;[ 41  61  98 153 163 181 182 193 211 234];8;8;0;0;0
I;13;0.010142803192138672;0.6362688541412354;0.01495814323425293;0.9703938961029053;10;175.0;163.8125;[ 41  61  69  98 153 163 181 182 193 211];15;15;0;0;0
I;14;0.008450031280517578;0.9892659187316895;0.017930984497070312;1.6368460655212402;10;174.28125;165.171875;[ 41  61  69  98 153 163 181 182 193 211];26;26;0;0;0
I;15;0.008002042770385742;1.6188468933105469;0.02307891845703125;2.6728389263153076;10;173.625;166.359375;[ 41  61  69  98 153 163 181 182 193 211];44;44;0;0;0
I;16;0.016072988510131836;9.5367431640625e-07;0;4.373971939086914;10;173.0;166.359375;[ 26  69  98 153 163 181 182 193 211 337];44;44;0;0;0
I;17;0.013640165328979492;4.109384775161743;0.030504941940307617;4.51259708404541;10;172.9453125;167.45703125;[ 26  61  69  98 153 163 181 182 193 211];72;72;0;0;0
I;18;0.023927927017211914;3.184535026550293;0.04047393798828125;8.754683017730713;10;172.5390625;168.119140625;[ 26  61  69  98 153 163 181 182 193 211];108;108;0;0;0
I;19;0.018635988235473633;4.262995004653931;0.053533077239990234;12.158440113067627;10;172.2802734375;168.648193359375;[ 26  61  69  98 153 163 181 182 193 211];156;156;0;0;0
I;20;0.019013166427612305;9.5367431640625e-07;0;16.705914974212646;10;172.2265625;168.648193359375;[ 26  69  98 153 163 181 182 193 211 337];156;156;0;0;0
I;21;0.0207979679107666;10.195127964019775;0.06738996505737305;17.117834091186523;10;172.08349609375023;168.659912109375;[ 41  61  69  98 153 163 181 182 193 211];206;206;0;0;0
I;22;0.024703025817871094;0.0;0;27.741496801376343;10;172.0;168.659912109375;[  0  26  69  98 163 181 182 193 211 337];206;206;0;0;0
I;23;0.021739959716796875;9.5367431640625e-07;0;28.29004192352295;10;172.0;168.659912109375;[  0  41  61  98 163 181 182 193 211 234];206;206;0;0;0
I;24;0.023860931396484375;0.0;0;28.81073307991028;10;171.93554687500063;168.659912109375;[ 26  69  98 153 163 181 182 193 211 337];206;206;0;0;0
I;25;0.022367000579833984;5.334845304489136;0.08379888534545898;29.342600107192993;10;171.92138671875;169.0111083984375;[ 41  61  69  98 153 163 181 182 193 211];265;266;0;0;0
I;26;0.0461580753326416;6.057103872299194;0.10199403762817383;35.251458168029785;10;171.876708984375;169.3291015625;[ 41  61  69  98 153 163 181 182 193 211];332;334;0;0;0
I;27;0.024947166442871094;1.1920928955078125e-06;0;42.00398898124695;10;171.8388671875;169.3291015625;[  0  41  61  98 181 182 193 211 268 275];334;334;0;0;0
I;28;0.03308987617492676;9.5367431640625e-07;0;42.858099937438965;10;171.83886718750063;169.3291015625;[ 26  69  98 153 163 181 182 193 211 337];334;334;0;0;0
I;29;0.02236628532409668;9.5367431640625e-07;0;43.729098081588745;10;171.8388671875;169.3291015625;[  0  41  61  98 181 182 193 211 234 275];334;334;0;0;0
I;30;0.025311946868896484;9.5367431640625e-07;0;44.60482311248779;10;171.811767578125;169.3291015625;[  0  26  98 163 181 182 193 211 234 337];334;334;0;0;0
I;31;0.045157670974731445;5.647939920425415;0.1193552017211914;45.46900510787964;10;171.8050537109375;169.4735107421875;[ 41  61  69  98 153 163 181 182 193 211];392;397;0;0;0
I;32;0.030825138092041016;0.0;0;52.0259370803833;10;171.8050537109376;169.4735107421875;[ 26  61  69  98 153 163 181 182 193 211];397;397;0;0;0
I;33;0.05356001853942871;1.1920928955078125e-06;0;53.06765294075012;10;171.7999267578125;169.4735107421875;[  0  26  69  98 163 181 182 193 211 337];397;397;0;0;0
I;34;0.052648067474365234;20.66473889350891;0.13675999641418457;54.118983030319214;10;171.799072265625;170.52008056640625;[  0  26  69  98 163 181 182 193 211 337];0;466;0;0;0
C;34;0.052648067474365234;20.66473889350891;0.13675999641418457;75.72991704940796;10;171.799072265625;170.52008056640625;[  0  26  69  98 163 181 182 193 211 337];0;466;0;0;0
