I;1;0.00030803680419921875;0.0;0;0.005936145782470703;10;1000000.0;0;[0 1 2 3 4 5 6 7 8 9];1;1;0;0;0
I;2;0.0010142326354980469;1.1920928955078125e-06;0;0.017934083938598633;10;262.0;0;[  0   1   2   3   4  76 106 188 199 226];1;1;0;0;0
I;3;0.0006620883941650391;9.5367431640625e-07;0;0.029906034469604492;10;234.0;0;[  0   1   2   3  76  79 106 188 199 226];1;1;0;0;0
I;4;0.0008029937744140625;9.5367431640625e-07;0;0.04282402992248535;10;234.0;0;[  0  79 106 198 199 210 218 225 226 230];1;1;0;0;0
I;5;0.0007398128509521484;0.10157895088195801;0.007748842239379883;0.054511070251464844;10;234.0;164.0;[  0   2  79 106 188 198 199 200 224 226];2;2;0;0;0
I;6;0.0009357929229736328;0.0;0;0.16115403175354004;10;234.0;164.0;[  0  79 106 188 198 199 224 225 226 235];2;2;0;0;0
I;7;0.0009322166442871094;0.19840192794799805;0.008733272552490234;0.17498493194580078;10;234.0;182.625;[  0   2  79 106 188 199 218 226 232 235];4;4;0;0;0
I;8;0.002398967742919922;1.1920928955078125e-06;0;0.38132810592651367;10;234.0;182.625;[  0   5  79  91 106 199 218 226 233 235];4;4;0;0;0
I;9;0.0021791458129882812;0.3713371753692627;0.009295940399169922;0.40056610107421875;10;234.0;190.625;[  0   5  79 106 188 194 199 218 226 235];8;8;0;0;0
I;10;0.0022079944610595703;0.73453688621521;0.003325223922729492;0.7840750217437744;10;234.0;196.15625;[  0   2   5  63  79 106 198 199 226 235];16;16;0;0;0
I;11;0.00013780593872070312;0.9512917995452881;0.013403892517089844;1.5355761051177979;10;234.0;203.4375;[  0   2   5  63  79 106 198 199 226 235];31;31;0;0;0
I;12;0.0023391246795654297;2.7354862689971924;0.019037246704101562;2.5200250148773193;10;234.0;213.4765625;[  0   2   5  63  79 106 199 218 226 235];62;62;0;0;0
I;13;0.0014071464538574219;1.1920928955078125e-06;0;5.3162219524383545;10;233.990234375;213.4765625;[  0   2   5  63  79 106 199 200 218 226];62;62;0;0;0
I;14;0.0023391246795654297;2.7106051445007324;0.027307987213134766;5.446691036224365;10;233.990234375;217.51953125;[  0   2   5  63  79 106 199 218 226 235];105;105;0;0;0
I;15;0.0016262531280517578;9.5367431640625e-07;0;8.293545007705688;10;233.990234375;217.51953125;[  0   2   5  52  79 106 199 218 226 235];105;105;0;0;0
I;16;0.002859830856323242;7.706639051437378;0.042504310607910156;8.504609107971191;10;233.84619140625;225.689697265625;[  0   2   5  52  79 106 199 218 226 235];160;185;0;0;0
I;17;0.0024251937866210938;9.5367431640625e-07;0;16.407691955566406;10;233.25;225.689697265625;[  0   2   5  79 106 178 199 218 226 235];185;185;0;0;0
I;18;0.0063631534576416016;0.0;0;16.766792058944702;10;233.25;225.689697265625;[  0   2   5  76  79 178 198 199 226 235];185;185;0;0;0
I;19;0.005975008010864258;0.0;0;17.147323846817017;10;233.25;225.689697265625;[  0   2   5  76  79 178 199 218 226 235];185;185;0;0;0
I;20;0.005928993225097656;0.0;0;17.500388145446777;10;233.14111328125;225.689697265625;[  0   2   5  52  76  79 198 199 226 235];185;185;0;0;0
I;21;0.00637507438659668;8.376190900802612;0.053897857666015625;17.86160683631897;10;233.14111328125;225.83831787109375;[  0   2   5  52  76  79 199 218 226 235];244;244;0;0;0
I;22;0.008810997009277344;0.0;0;26.61580491065979;10;233.0;225.83831787109375;[  0   2   5  52  79 178 199 218 226 235];244;244;0;0;0
I;23;0.009799957275390625;7.152557373046875e-07;0;27.081358194351196;10;233.0;225.83831787109375;[  2   5   6  52  79 188 199 218 226 235];244;244;0;0;0
I;24;0.008573055267333984;1.1920928955078125e-06;0;27.579695224761963;10;233.0;225.83831787109375;[  2   5  52  79 178 188 199 218 226 235];244;244;0;0;0
I;25;0.006159305572509766;9.5367431640625e-07;0;28.03714418411255;10;233.0;225.83831787109375;[  0   2   5   6  79 104 198 199 226 235];244;244;0;0;0
I;26;0.007338285446166992;1.1920928955078125e-06;0;28.51945400238037;10;233.0;225.83831787109375;[  2   5   6  76  79 103 199 218 226 235];244;244;0;0;0
I;27;0.0060002803802490234;0.0;0;29.00535011291504;10;233.0;225.83831787109375;[  0   2   5   6  52  79 199 218 226 235];244;244;0;0;0
I;28;0.00745701789855957;1.1920928955078125e-06;0;29.495246171951294;10;232.945068359375;225.83831787109375;[  2   5   6  63  76  79 199 218 226 235];244;244;0;0;0
I;29;0.010712862014770508;0.0;0;29.99003505706787;10;232.816162109375;225.83831787109375;[  2   5   6  52  76  79 199 218 226 235];244;244;0;0;0
I;30;0.011092901229858398;13.842296123504639;0.07735610008239746;30.45652985572815;10;232.779052734375;227.798828125;[  2   5   6  52  76  79 199 218 226 235];365;367;0;0;0
I;31;0.006781816482543945;1.1920928955078125e-06;0;44.79005002975464;10;232.779052734375;227.798828125;[  0   2   5   6  79 103 199 218 226 235];367;367;0;0;0
I;32;0.00716400146484375;1.1920928955078125e-06;0;45.51877188682556;10;232.77905273437545;227.798828125;[  0   2   5   6  52  79 199 218 226 235];367;367;0;0;0
I;33;0.010129928588867188;9.5367431640625e-07;0;46.230043172836304;10;232.717041015625;227.798828125;[  0   2   5  52  79 106 199 218 226 235];367;367;0;0;0
I;34;0.010332822799682617;9.5367431640625e-07;0;46.95305609703064;10;232.717041015625;227.798828125;[  0   2   5  79 103 188 199 218 226 235];367;367;0;0;0
I;35;0.011824846267700195;9.5367431640625e-07;0;47.657658100128174;10;232.717041015625;227.798828125;[  0   2   5  52  76  79 199 218 226 235];367;367;0;0;0
I;36;0.010536909103393555;9.5367431640625e-07;0;48.38578987121582;10;232.66357421875;227.798828125;[  0   2   5   6  76  79 199 218 226 235];367;367;0;0;0
I;37;0.012364864349365234;1.1920928955078125e-06;0;49.106760025024414;10;232.49960327148438;227.798828125;[  2   5   6  79 103 106 199 218 226 235];367;367;0;0;0
I;38;0.012187719345092773;9.5367431640625e-07;0;49.80401611328125;10;232.49960327148438;227.798828125;[  2   5   6  76  79 103 199 218 226 235];367;367;0;0;0
I;39;0.01287698745727539;9.5367431640625e-07;0;50.530664920806885;10;232.47027587890625;227.798828125;[  0   2   5  76  79 103 199 218 226 235];367;367;0;0;0
I;40;0.011474847793579102;0.0;0;51.223538875579834;10;232.41366577148438;227.798828125;[  2   5   6  63  76  79 199 218 226 235];367;367;0;0;0
I;41;0.012122154235839844;9.5367431640625e-07;0;51.95234799385071;10;232.41366577148438;227.798828125;[  2   5   6  52  79 188 199 218 226 235];367;367;0;0;0
I;42;0.012780189514160156;6.918988943099976;0.09816288948059082;52.65266299247742;10;232.41366577148438;228.42529296875;[  2   5   6  52  76  79 199 218 226 235];460;476;0;0;0
I;43;0.011180877685546875;1.1920928955078125e-06;0;60.29268193244934;10;232.40975952148514;228.42529296875;[  0   2   5   6  52  79 199 218 226 235];476;476;0;0;0
I;44;0.011091947555541992;0.0;0;61.207345962524414;10;232.38433837890625;228.42529296875;[  0   2   5  52  76  79 199 218 226 235];476;476;0;0;0
I;45;0.010497808456420898;0.0;0;62.131590843200684;10;232.23968505859438;228.42529296875;[  2   5   6  52  79 106 199 218 226 235];476;476;0;0;0
I;46;0.011494159698486328;7.545215129852295;0.12183809280395508;63.0757360458374;10;232.2396850585944;228.90380859375;[  2   5   6  52  76  79 199 218 226 235];566;594;0;0;0
I;47;0.010704755783081055;0.0;0;71.54764604568481;10;232.22552490234455;228.90380859375;[  0   2   5   6  52  79 199 218 226 235];594;594;0;0;0
I;48;0.012259960174560547;0.0;0;72.71258187294006;10;232.22415161132812;228.90380859375;[  0   2   5  52  76  79 199 218 226 235];594;594;0;0;0
I;49;0.011040925979614258;0.0;0;73.82398891448975;10;232.22030639648438;228.90380859375;[  2   5   6  76  79 103 199 218 226 235];594;594;0;0;0
I;50;0.012029886245727539;7.410731077194214;0.14486908912658691;74.97035598754883;10;232.20440673828125;229.1925048828125;[  2   5   6  52  76  79 199 218 226 235];681;709;0;0;0
I;51;0.011301994323730469;9.5367431640625e-07;0;83.5215790271759;10;232.1923828125;229.1925048828125;[  0   2   5  52  79 106 199 218 226 235];709;709;0;0;0
I;52;0.01133108139038086;9.5367431640625e-07;0;84.88283205032349;10;232.1923828125;229.1925048828125;[  0   2   5  63  76  79 199 218 226 235];709;709;0;0;0
I;53;0.011779069900512695;1.1920928955078125e-06;0;86.24544310569763;10;232.1923828125;229.1925048828125;[  0   2   5  52  76  79 199 218 226 235];709;709;0;0;0
I;54;0.0119476318359375;0.0;0;87.61482214927673;10;232.19219207763754;229.1925048828125;[  2   5   6  52  79 106 199 218 226 235];709;709;0;0;0
I;55;0.009629249572753906;6.68464207649231;0.16272616386413574;88.99307489395142;10;232.19219207763672;229.3797607421875;[  2   5   6  52  76  79 199 218 226 235];757;812;0;0;0
I;56;0.009207963943481445;9.5367431640625e-07;0;97.03815913200378;10;232.18515014648438;229.3797607421875;[  0   2   5  52  76  79 199 218 226 235];812;812;0;0;0
I;57;0.010009050369262695;1.1920928955078125e-06;0;98.61027717590332;10;232.18438720703125;229.3797607421875;[  0   2   5   6  52  79 199 218 226 235];812;812;0;0;0
I;58;0.009824037551879883;5.925937175750732;0.18012094497680664;100.19495296478271;10;232.1792755126953;229.5178680419922;[  2   5   6  52  76  79 199 218 226 235];846;902;0;0;0
I;59;0.012786865234375;5.194358825683594;0.19623398780822754;107.70264506340027;10;232.1724395751953;229.58164978027344;[  2   5   6  52  76  79 199 218 226 235];924;980;0;0;0
I;60;0.010154008865356445;0.0;0;114.51787400245667;10;232.17140197753906;229.58164978027344;[  0   2   5  52  76  79 199 218 226 235];980;980;0;0;0
I;61;0.013070106506347656;7.152557373046875e-07;0;116.36686205863953;10;232.16952514648438;229.58164978027344;[  0   2   5   6  79 103 199 218 226 235];980;980;0;0;0
I;62;0.014149904251098633;4.77625298500061;0.21079611778259277;118.27219295501709;10;232.1607322692877;229.6776580810547;[  2   5   6  52  76  79 199 218 226 235];995;1051;0;0;0
I;63;0.012948274612426758;1.1920928955078125e-06;0;124.97426986694336;10;232.1568145751957;229.6776580810547;[  0   2   5  52  76  79 199 218 226 235];1051;1051;0;0;0
I;64;0.013588190078735352;9.5367431640625e-07;0;126.98688507080078;10;232.1548614501953;229.6776580810547;[  0   2   5   6  52  79 199 218 226 235];1051;1051;0;0;0
I;65;0.015112876892089844;3.2180891036987305;0.2174527645111084;129.03258395195007;10;232.15198135375977;229.71280670166016;[  2   5   6  52  76  79 199 218 226 235];1040;1096;0;0;0
I;66;0.013340950012207031;9.5367431640625e-07;0;134.29508805274963;10;232.15133666992188;229.71280670166016;[  0   2   5  52  79 106 199 218 226 235];1096;1096;0;0;0
I;67;0.014506101608276367;9.5367431640625e-07;0;136.37534999847412;10;232.15133666992188;229.71280670166016;[  0   2   5  52  76  79 199 218 226 235];1096;1096;0;0;0
I;68;0.013741016387939453;29.0500910282135;0.22062325477600098;138.46089696884155;10;232.14928436279297;229.71280670166016;[  0   2   5  52  76  79 199 218 226 235];1014;1120;0;0;0
I;69;0.013994932174682617;31.20169711112976;0.22978687286376953;169.59355807304382;10;232.14926147461037;229.76782989501953;[  2   5   6  52  76  79 199 218 226 235];1121;1169;0;0;0
I;70;0.013795137405395508;9.5367431640625e-07;0;202.89809203147888;10;232.14897918701172;229.76782989501953;[  0   2   5  52  76  79 199 218 226 235];1169;1169;0;0;0
I;71;0.015030145645141602;1.5008881092071533;0.23816823959350586;205.13989925384521;10;232.14453887939553;229.77979278564453;[  2   5   6  52  76  79 199 218 226 235];1127;1186;0;0;0
I;72;0.01466226577758789;1.1920928955078125e-06;0;208.85698986053467;10;232.14410400390625;229.77979278564453;[  0   2   5  76  79 103 199 218 226 235];1186;1186;0;0;0
I;73;0.015043973922729492;1.3094279766082764;0.2385730743408203;211.0846688747406;10;232.14380645751953;229.78931427001953;[  2   5   6  52  76  79 199 218 226 235];1141;1200;0;0;0
I;74;0.015002965927124023;0.0;0;214.69463205337524;10;232.1436538696289;229.78931427001953;[  0   2   5  52  76  79 199 218 226 235];1200;1200;0;0;0
I;75;0.015661001205444336;1.1694979667663574;0.23965001106262207;216.94794702529907;10;232.14167022705178;229.79865264892578;[  2   5   6  52  76  79 199 218 226 235];1146;1211;0;0;0
I;76;0.015605926513671875;9.5367431640625e-07;0;220.39856100082397;10;232.14041900634766;229.79865264892578;[  0   2   5  52  76  79 199 218 226 235];1211;1211;0;0;0
I;77;0.016791820526123047;0.9022200107574463;0.24803805351257324;222.70752596855164;10;232.14038848877053;229.80280303955078;[  2   5   6  52  76  79 199 218 226 235];1146;1218;0;0;0
I;78;0.0159609317779541;9.5367431640625e-07;0;225.93061089515686;10;232.13894271850586;229.80280303955078;[  0   2   5  52  76  79 199 218 226 235];1218;1218;0;0;0
I;79;0.015903711318969727;0.7763986587524414;0.24901485443115234;228.2765929698944;10;232.13867950439453;229.80628204345703;[  2   5   6  52  76  79 199 218 226 235];1149;1223;0;0;0
I;80;0.015810012817382812;0.708014965057373;0.238328218460083;231.37075996398926;10;232.13782501220703;229.81018829345703;[  2   5   6  52  76  79 199 218 226 235];1163;1227;0;0;0
I;81;0.0002307891845703125;0.648334264755249;0.24205899238586426;234.30501985549927;10;232.13782501220703;229.81348419189453;[  2   5   6  52  76  79 199 218 226 235];1163;1230;0;0;0
I;82;0.00023102760314941406;0.5852789878845215;0.2414097785949707;237.1666100025177;10;232.13782501220703;229.81543731689453;[  2   5   6  52  76  79 199 218 226 235];1160;1232;0;0;0
I;83;0.00023412704467773438;0.5203709602355957;0.23672103881835938;240.01152801513672;10;232.13782501220703;229.81629180908203;[  2   5   6  52  76  79 199 218 226 235];1174;1233;0;0;0
I;84;0.00023102760314941406;0.5533740520477295;0.2361757755279541;242.7486870288849;10;232.13782501220703;229.81714630126953;[  2   5   6  52  76  79 199 218 226 235];0;1234;0;0;0
C;84;0.00023102760314941406;0.5533740520477295;0.2361757755279541;245.51926708221436;10;232.13782501220703;229.81714630126953;[  2   5   6  52  76  79 199 218 226 235];0;1234;0;0;0
