I;1;0.0002372264862060547;0.0;0;0.006193876266479492;10;1000000.0;0;[0 1 2 3 4 5 6 7 8 9];1;1;0;0;0
I;2;0.0010020732879638672;9.5367431640625e-07;0;0.018231868743896484;10;273.0;0;[  0   1   2   3   4  10  12  18 105 206];1;1;0;0;0
I;3;0.0006437301635742188;0.0;0;0.029829740524291992;10;272.0;0;[  0   1   2  10  12  16  18  53 105 206];1;1;0;0;0
I;4;0.002310037612915039;0.0;0;0.04556894302368164;10;272.0;0;[  0  10  12  13  16  18  28  53 105 206];1;1;0;0;0
I;5;0.0020318031311035156;9.5367431640625e-07;0;0.05982208251953125;10;272.0;0;[  0   6  10  12  13  16  18  53 105 206];1;1;0;0;0
I;6;0.0016431808471679688;7.152557373046875e-07;0;0.0735158920288086;10;272.0;0;[  0  10  12  16  18  53 105 108 206 233];1;1;0;0;0
I;7;0.0022220611572265625;9.5367431640625e-07;0;0.08812475204467773;10;264.0;0;[  0   6  10  13  16  18  53 105 108 206];1;1;0;0;0
I;8;0.002749919891357422;9.5367431640625e-07;0;0.10284280776977539;10;255.0;0;[  0   6  10  13  16  53 105 157 175 206];1;1;0;0;0
I;9;0.0031359195709228516;0.0;0;0.1172189712524414;10;255.0;0;[  0   2  10  13  16  53 105 157 206 233];1;1;0;0;0
I;10;0.0034990310668945312;0.0;0;0.13277983665466309;10;255.0;0;[  0   2   6  10  13  16  53 105 108 206];1;1;0;0;0
I;11;0.003715038299560547;0.0;0;0.14818286895751953;10;255.0;0;[  0   6  10  16  53  68 105 108 175 206];1;1;0;0;0
I;12;0.00357818603515625;0.0;0;0.16313695907592773;10;255.0;0;[  0   2   6  10  16  53  68 105 108 206];1;1;0;0;0
I;13;0.003633737564086914;0.10612821578979492;0.0007097721099853516;0.17888689041137695;10;255.0;129.75;[  0   2   6  10  16  53  79 105 108 206];2;2;0;0;0
I;14;0.0002219676971435547;0.14285802841186523;0.009010791778564453;0.28946876525878906;10;255.0;144.625;[  0   2   6  10  16  53  79 105 108 206];4;4;0;0;0
I;15;0.003873109817504883;9.5367431640625e-07;0;0.44237279891967773;10;251.0;144.625;[  0   2   6  10  53  68 105 108 206 217];4;4;0;0;0
I;16;0.0038080215454101562;1.1920928955078125e-06;0;0.46356678009033203;10;251.0;144.625;[  0   2   6  10  53  79 105 157 206 217];4;4;0;0;0
I;17;0.006842851638793945;1.1920928955078125e-06;0;0.48764896392822266;10;249.5625;144.625;[  0   2  10  18  53 105 157 206 230 233];4;4;0;0;0
I;18;0.0063800811767578125;0.37443995475769043;0.009650945663452148;0.5112619400024414;10;248.5625;169.125;[  0   2   6  10  53  79 105 108 206 217];8;8;0;0;0
I;19;0.0063211917877197266;0.5220727920532227;0.010617733001708984;0.9027540683746338;10;247.375;185.59375;[  0   2   6  10  53  79 105 108 206 217];16;16;0;0;0
I;20;0.005545854568481445;0.9098267555236816;0.013347148895263672;1.4676189422607422;10;246.296875;196.078125;[  0   2   6  10  53  79 105 108 206 217];30;30;0;0;0
I;21;0.004605770111083984;7.152557373046875e-07;0;2.4139440059661865;10;246.0;196.078125;[  0   6  10  53  79 105 108 180 206 217];30;30;0;0;0
I;22;0.008849143981933594;1.6901907920837402;0.01896500587463379;2.491852045059204;10;245.65234375;202.625;[  0   2   6  10  53  79 105 108 206 217];56;56;0;0;0
I;23;0.011718273162841797;9.5367431640625e-07;0;4.252795934677124;10;245.0;202.625;[  0  10  53 105 157 180 206 217 230 233];56;56;0;0;0
I;24;0.01616692543029785;7.152557373046875e-07;0;4.3838629722595215;10;244.48828125;202.625;[  0  10  18  53 105 180 206 217 230 233];56;56;0;0;0
I;25;0.022468090057373047;1.1920928955078125e-06;0;4.5226218700408936;10;244.10546875;202.625;[  0   6  10  18  53  79 105 180 206 217];56;56;0;0;0
I;26;0.015198945999145508;9.5367431640625e-07;0;4.651644945144653;10;243.8242187500007;202.625;[  0   6  10  53  79 105 157 180 206 217];56;56;0;0;0
I;27;0.027110815048217773;4.561043977737427;0.028609037399291992;4.801898956298828;10;243.369140625;207.5;[  0   2   6  10  53  79 105 157 206 217];103;103;0;0;0
I;28;0.030740022659301758;7.152557373046875e-07;0;9.501879930496216;10;243.0;207.5;[  0   6  10  53  79 105 157 206 217 233];103;103;0;0;0
I;29;0.03727078437805176;9.5367431640625e-07;0;9.747438669204712;10;242.8125;207.5;[  0   2   6  10  16  53  79 105 157 206];103;103;0;0;0
I;30;0.03615283966064453;9.5367431640625e-07;0;10.021528959274292;10;242.0000001324304;207.5;[  0   6  10  13  19  53 105 157 180 206 217 230 233];103;103;0;0;0
I;31;0.03141593933105469;0.0;0;10.25818395614624;10;241.92578125000003;207.5;[  0  10  53  79 105 157 206 213 217 233];103;103;0;0;0
I;32;0.06363606452941895;9.5367431640625e-07;0;10.523656845092773;10;241.759765625;207.5;[  0   6  10  18  53  79 105 180 206 217];103;103;0;0;0
I;33;0.0669701099395752;9.5367431640625e-07;0;10.795056819915771;10;241.64746093750216;207.5;[  0   6  10  53  79 105 108 180 206 217];103;103;0;0;0
I;34;0.06603002548217773;9.5367431640625e-07;0;11.064939022064209;10;241.48828125;207.5;[  0   3  10  53  79 105 157 206 217 233];103;103;0;0;0
I;35;0.053781986236572266;5.299788951873779;0.044172048568725586;11.345642805099487;10;241.2255859375;212.090087890625;[  0   2   6  10  53  79 105 157 206 217];186;186;0;0;0
I;36;0.06693816184997559;0.0;0;16.907851934432983;10;240.75390625000063;212.090087890625;[  0  10  53  79 105 157 206 213 217 233];186;186;0;0;0
I;37;0.06191682815551758;1.1920928955078125e-06;0;17.319938898086548;10;240.56640625000063;212.090087890625;[  0   3  10  53  79 105 157 206 217 233];186;186;0;0;0
I;38;0.05745983123779297;9.5367431640625e-07;0;17.732760906219482;10;240.3789062500001;212.090087890625;[  0  10  18  53  79 105 180 206 230 233];186;186;0;0;0
I;39;0.06932520866394043;9.5367431640625e-07;0;18.189831733703613;10;240.37890625;212.090087890625;[  0  10  53  79 105 157 180 206 230 233];186;186;0;0;0
I;40;0.05067706108093262;7.152557373046875e-07;0;18.609128952026367;10;240.16015625;212.090087890625;[  0   6  10  19  53  79 105 108 206 217];186;186;0;0;0
I;41;0.09457874298095703;0.0;0;19.062650680541992;10;239.94921875;212.090087890625;[  0  10  19  53 105 157 206 217 230 233];186;186;0;0;0
I;42;0.05227518081665039;0.0;0;19.504880905151367;10;239.9482421875;212.090087890625;[  0   6  10  18  53  79 105 206 213 217];186;186;0;0;0
I;43;0.06033515930175781;0.0;0;19.928632020950317;10;239.8125;212.090087890625;[  0   2  10  13  53 105 157 206 230 233];186;186;0;0;0
I;44;0.07770824432373047;0.0;0;20.365903854370117;10;239.81250000000023;212.090087890625;[  0   2  10  53  79 105 157 206 230 233];186;186;0;0;0
I;45;0.05935811996459961;15.313292026519775;0.07624411582946777;20.811230897903442;10;239.645263671875;226.36865234375;[  0  10  18  53  79 105 206 213 217 233];332;352;0;0;0
I;46;0.08229184150695801;9.5367431640625e-07;0;36.54941272735596;10;239.46337890625034;226.36865234375;[  0   3   6  10  18  53  79 105 206 217];352;352;0;0;0
I;47;0.06655693054199219;0.0;0;37.277421951293945;10;239.364013671875;226.36865234375;[  0   3  10  18  53  79 105 206 217 233];352;352;0;0;0
I;48;0.07747697830200195;9.5367431640625e-07;0;38.04465675354004;10;239.26806640625;226.36865234375;[  0   6  10  53  79 105 157 206 213 217];352;352;0;0;0
I;49;0.05925798416137695;9.5367431640625e-07;0;38.804401874542236;10;239.22216796875;226.36865234375;[  0  10  53  79 105 108 206 217 230 233];352;352;0;0;0
I;50;0.06498003005981445;9.5367431640625e-07;0;39.54676675796509;10;239.0659179687513;226.36865234375;[  0   2   6  10  53  79 105 157 206 217];352;352;0;0;0
I;51;0.06286787986755371;9.5367431640625e-07;0;40.324368715286255;10;238.7572021484375;226.36865234375;[  0  10  53  79 105 157 206 213 217 233];352;352;0;0;0
I;52;0.04847574234008789;8.10751223564148;0.10110282897949219;41.041807889938354;10;238.7572021484375;229.10647583007812;[  0  10  18  53  79 105 206 213 217 233];478;478;0;0;0
I;53;0.08868885040283203;9.5367431640625e-07;0;49.92042684555054;10;238.56750488281278;229.10647583007812;[  0   3   6  10  53  79 105 157 206 217];478;478;0;0;0
I;54;0.08115291595458984;0.0;0;50.928831815719604;10;238.4232177734375;229.10647583007812;[  0   3  10  53  79 105 108 206 217 233];478;478;0;0;0
I;55;0.09548592567443848;0.0;0;51.966975927352905;10;237.92578125;229.10647583007812;[  0   2  10  53 105 157 206 217 230 233];478;478;0;0;0
I;56;0.07572603225708008;10.998775005340576;0.13637995719909668;52.988653898239136;10;237.17294311523438;230.64974975585938;[  0  10  18  53  79 105 206 213 217 233];648;648;0;0;0
I;57;0.08308601379394531;1.1920928955078125e-06;0;64.9532699584961;10;237.16381835937665;230.64974975585938;[  0   2   6  10  53  79 105 157 206 217];648;648;0;0;0
I;58;0.07795405387878418;7.152557373046875e-07;0;66.28135395050049;10;237.1298828125;230.64974975585938;[  0   6  10  16  53  79 105 157 175 206];648;648;0;0;0
I;59;0.08064484596252441;9.5367431640625e-07;0;67.75160193443298;10;237.1298828125;230.64974975585938;[  0   2   6  10  16  53  79 105 108 206];648;648;0;0;0
I;60;0.08222603797912598;7.152557373046875e-07;0;69.16043901443481;10;236.94308471679688;230.64974975585938;[  0   3  10  18  53  79 105 206 217 233];648;648;0;0;0
I;61;0.09449911117553711;1.1920928955078125e-06;0;70.5147557258606;10;236.80078125;230.64974975585938;[  0  10  18  53 105 206 213 217 230 233];648;648;0;0;0
I;62;0.10657811164855957;9.5367431640625e-07;0;71.87834692001343;10;236.7939453125;230.64974975585938;[  0  10  53  79 105 157 175 206 230 233];648;648;0;0;0
I;63;0.09549379348754883;9.5367431640625e-07;0;73.21221685409546;10;236.7939453125;230.64974975585938;[  0   2   6  10  53  79 105 157 206 233];648;648;0;0;0
I;64;0.10413789749145508;0.0;0;74.5878357887268;10;236.77978515625;230.64974975585938;[  0  10  53 105 157 206 213 217 230 233];648;648;0;0;0
I;65;0.08152079582214355;9.5367431640625e-07;0;75.92941784858704;10;236.7239990234375;230.64974975585938;[  0  10  18  53  79 105 140 206 217 233];648;648;0;0;0
I;66;0.07935190200805664;0.0;0;77.24540686607361;10;236.71685791015625;230.64974975585938;[  0   6  10  18  53  79 105 140 206 217];648;648;0;0;0
I;67;0.07223081588745117;9.5367431640625e-07;0;78.58086776733398;10;236.6363525390625;230.64974975585938;[  0  10  18  53  79 105 206 217 230 233];648;648;0;0;0
I;68;0.08608412742614746;13.697500228881836;0.17445826530456543;79.92580676078796;10;236.62646484375125;231.77999114990234;[  0  10  18  53  79 105 206 213 217 233];861;861;0;0;0
I;69;0.0916280746459961;0.0;0;94.95096278190613;10;236.6011962890625;231.77999114990234;[  0  10  53  79 105 108 206 217 230 233];861;861;0;0;0
I;70;0.10477900505065918;0.0;0;96.71016502380371;10;236.41067504882812;231.77999114990234;[  0   3  10  18  53  79 105 206 217 233];861;861;0;0;0
I;71;0.11033177375793457;15.185635089874268;0.22045302391052246;98.45608592033386;10;236.35852813720703;232.5725212097168;[  0  10  18  53  79 105 206 213 217 233];1091;1096;0;0;0
I;72;0.12407612800598145;11.979119062423706;0.2580249309539795;115.40302777290344;10;236.22297286987305;232.98639297485352;[  0  10  18  53  79 105 206 213 217 233];1273;1278;0;0;0
I;73;0.08858609199523926;10.403630256652832;0.2887451648712158;129.5593740940094;10;236.1658592224121;233.2583465576172;[  0  10  18  53  79 105 206 213 217 233];1428;1433;0;0;0
I;74;0.10367417335510254;1.1920928955078125e-06;0;142.48709082603455;10;236.14937591552734;233.2583465576172;[  0   3  10  18  53  79 105 206 217 233];1433;1433;0;0;0
I;75;0.08901596069335938;7.702866792678833;0.30948925018310547;145.33043503761292;10;236.10832595825195;233.39951133728027;[  0  10  18  53  79 105 206 213 217 233];1533;1545;0;0;0
I;76;0.10959696769714355;6.089180946350098;0.33655500411987305;155.8668987751007;10;236.09335327148438;233.4778175354004;[  0  10  18  53  79 105 206 213 217 233];1619;1631;0;0;0
I;77;0.09190917015075684;4.874850034713745;0.34067797660827637;164.99998688697815;10;236.08650588989258;233.55826568603516;[  0  10  18  53  79 105 206 213 217 233];1686;1698;0;0;0
I;78;0.11811614036560059;3.5912036895751953;0.34851503372192383;173.12826991081238;10;236.0830078125;233.62289428710938;[  0  10  18  53  79 105 206 213 217 233];1732;1744;0;0;0
I;79;0.0756673812866211;2.436160087585449;0.35759687423706055;180.0281536579132;10;236.0799331665039;233.65871047973633;[  0  10  18  53  79 105 206 213 217 233];1760;1772;0;0;0
I;80;0.07444024085998535;1.5772109031677246;0.36487293243408203;185.8908338546753;10;236.06546783447266;233.67332077026367;[  0  10  18  53  79 105 206 213 217 233];1774;1786;0;0;0
I;81;0.07998299598693848;1.2265598773956299;0.3502461910247803;190.93713879585266;10;236.06182861328125;233.68326950073242;[  0  10  18  53  79 105 206 213 217 233];1783;1795;0;0;0
I;82;0.0002689361572265625;1.0572001934051514;0.36126184463500977;195.60323095321655;10;236.06182861328125;233.68928146362305;[  0  10  18  53  79 105 206 213 217 233];1789;1801;0;0;0
I;83;0.0002677440643310547;0.9410297870635986;0.3608248233795166;200.0441107749939;10;236.06182861328125;233.69327926635742;[  0  10  18  53  79 105 206 213 217 233];1793;1805;0;0;0
I;84;0.00026702880859375;0.9158871173858643;0.3546450138092041;204.44459581375122;10;236.06182861328125;233.6963005065918;[  0  10  18  53  79 105 206 213 217 233];1796;1808;0;0;0
I;85;0.0002779960632324219;0.8364899158477783;0.35556721687316895;208.80253267288208;10;236.06182861328125;233.69831466674805;[  0  10  18  53  79 105 206 213 217 233];1798;1810;0;0;0
I;86;0.0002658367156982422;0.7850170135498047;0.3619260787963867;213.07209491729736;10;236.06182861328125;233.69919967651367;[  0  10  18  53  79 105 206 213 217 233];1799;1811;0;0;0
I;87;0.11261320114135742;0.784296989440918;0.3524751663208008;217.39855885505676;10;236.06149291992188;233.70017623901367;[  0  10  18  53  79 105 206 213 217 233];1800;1812;0;0;0
I;88;0.0001468658447265625;0.7778820991516113;0.3550739288330078;221.6040768623352;10;236.06149291992188;233.7011833190918;[  0  10  18  53  79 105 206 213 217 233];0;1813;0;0;0
C;88;0.0001468658447265625;0.7778820991516113;0.3550739288330078;225.8005030155182;10;236.06149291992188;233.7011833190918;[  0  10  18  53  79 105 206 213 217 233];0;1813;0;0;0
