1;0.12239909172058105;2;-1e+100;94.0;[1 2]
2;1.2519309520721436;2;-1e+100;125.0;[0 1]
3;1.4013991355895996;2;-1e+100;149.00000000000108;[ 0 58]
4;1.5521469116210938;2;-1e+100;172.00000000000114;[   0 1685]
5;1.697005033493042;2;-1e+100;142.0;[   0 1685]
6;43.949402809143066;2;-1e+100;141.875;[   0 1685]
7;86.38694190979004;2;-1e+100;141.5625;[   0 1685]
8;165.238205909729;2;-1e+100;141.14843750000003;[   0 1685]
9;295.77858996391296;2;-1e+100;140.82812500000009;[   0 1685]
10;488.6982181072235;2;-1e+100;140.59765625000009;[   0 1685]
11;759.2038509845734;2;-1e+100;140.47552490234386;[   0 2731]
12;779.4935739040375;2;-1e+100;140.43450927734392;[   0 1685]
13;1342.254902124405;2;-1e+100;140.3359985351564;[   0 1685]
14;1776.065288066864;2;-1e+100;140.28456115722656;[   0 1685]
15;2282.0009112358093;2;-1e+100;140.2584457397461;[   0 1685]
16;2862.019940137863;2;-1e+100;140.24697303771973;[   0 1685]
17;3527.409791946411;2;-1e+100;140.24188423156738;[   0 1685]
1;0.11247992515563965;20;-1e+100;94.0;[ 1  2  3  4  5  6  7  8  9 10 11 12 13 14 15 16 17 18 19 20]
2;1.2048571109771729;20;-1e+100;125.0;[ 0  1  2  3  4  5  6  7  8  9 10 11 12 13 14 15 16 17 18 19]
3;1.3466720581054688;20;-1e+100;317.0;[   0   58 1455 1685 1707 1770 2547 2731 2743 2906 2907 2908 2909 2910
 2911 2912 2913 2914 2915 2916]
4;1.484173059463501;20;-1e+100;210.0000000000001;[   0    1    2    3    4    5    6   38   58  112  226  662  786  966
 1467 1770 2547 2698 2743 2916]
5;1.6190881729125977;20;-1e+100;133.0;[   0    1    2    3    4    5    6   38   58  112  226  662  786  966
 1467 1770 2547 2698 2743 2916]
6;41.18416619300842;20;-1e+100;132.958984375;[   0    1    2    3    4    5    6   38   58  112  226  662  786  966
 1467 1770 2547 2698 2743 2916]
7;77.98521590232849;20;-1e+100;132.9384765625;[   0    1    2    3    4    5    6   38   58  112  226  662  786  966
 1467 1770 2547 2698 2743 2916]
8;148.77718496322632;20;-1e+100;132.919921875;[   0    1    2    3    4    5    6   38   58  112  226  662  786  966
 1467 1770 2547 2698 2743 2916]
9;281.9442002773285;20;-1e+100;132.90051269531335;[   0    1    2    3    4    5    6   38   58  112  226  662  786  966
 1467 1770 2547 2698 2915 2916]
10;553.4984540939331;20;-1e+100;132.8868408203125;[   0    1    2    3    4    5    6   38   58  112  226  662  786  966
 1467 1770 2547 2698 2915 2916]
11;998.2098569869995;20;-1e+100;132.87594604492185;[   0    1    2    3    4    5    6   38   58  112  226  662  786  966
 1467 1770 2547 2698 2915 2916]
12;1784.5059151649475;20;-1e+100;132.86841583251953;[   0    1    2    3    4    5    6   38   58  112  226  662  786  966
 1467 1770 2547 2698 2915 2916]
13;3139.015247106552;20;-1e+100;132.8620376586914;[   0    1    2    3    4    5    6   38   58  112  226  662  786  966
 1467 1770 2547 2698 2915 2916]
