1;0.3930349349975586;2;175.0;[1685 2743]
2;0.9305999279022217;2;142.0;[   0 1685]
3;1.8781611919403076;2;142.0;[   0 1685]
4;3.343751907348633;2;142.0;[   0 1685]
5;5.762816905975342;2;142.0;[   0 1685]
6;10.216549158096313;2;142.0;[   0 1685]
7;18.862545013427734;2;141.875;[   0 1685]
8;35.83202505111694;2;141.5625;[   0 1770]
9;41.73150897026062;2;141.5625;[   0 1685]
10;77.64003801345825;2;141.1484375;[   0 1685]
11;136.8807020187378;2;140.828125;[   0 1685]
12;228.9437849521637;2;140.59765625;[   0 1685]
13;363.69485902786255;2;140.43450927734375;[   0 1685]
14;550.6243209838867;2;140.33599853515625;[   0 1685]
15;796.6072089672089;2;140.28456115722656;[   0 1685]
16;1110.5876410007477;2;140.2584457397461;[   0 1685]
17;1501.5272839069366;2;140.24697303771973;[   0 1685]
18;1986.1280009746552;2;140.24188423156738;[   0 1685]
19;2587.119652032852;2;140.23935961723328;[   0 1685]
20;3333.5160949230194;2;140.23805916309357;[   0 1685]
1;0.3931608200073242;20;317.0;[   0    1    2    3    4    5    6    7    8    9   10   11   58 1455
 1685 1707 1770 2547 2731 2743]
2;0.9020297527313232;20;210.0;[   0    1    2    3    4    5    6    7   38   58  226  786 1455 1685
 1707 1770 2547 2698 2731 2743]
3;1.4179136753082275;20;210.0;[   0    1    2    3   29   38   58  182  226  786 1455 1685 1707 1770
 2547 2666 2696 2698 2731 2743]
4;1.9263849258422852;20;201.0;[   0    1    2   29   38   58  182  226  786 1455 1685 1707 1770 2545
 2547 2666 2696 2698 2731 2743]
5;3.031784772872925;20;201.0;[   0    1    2   29   38   58  182  226  786 1455 1685 1707 1770 2545
 2547 2666 2696 2698 2731 2743]
6;4.839824914932251;20;201.0;[   0    1    2   29   38   58  182  226  786 1455 1685 1707 1770 2545
 2547 2666 2696 2698 2731 2743]
7;8.189977884292603;20;201.0;[   0    1    2   29   38   58  182  226  786 1455 1685 1707 1770 2545
 2547 2666 2696 2698 2731 2743]
8;14.246046781539917;20;201.0;[   0    1    2   29   38   58  182  226  786 1455 1685 1707 1770 2545
 2547 2666 2696 2698 2731 2743]
9;26.024220943450928;20;201.0;[   0   29   38   58  182  226  622  786 1455 1685 1707 1770 2545 2547
 2666 2696 2698 2907 2915 2916]
10;26.904486894607544;20;201.0;[   0   38   58  182  203  786 1355 1707 1770 2545 2666 2698 2760 2909
 2910 2911 2913 2914 2915 2916]
11;30.697643756866455;20;201.0;[   0   38   46   58  182  203  786 1355 1685 1707 1770 2545 2666 2698
 2760 2912 2913 2914 2915 2916]
12;62.90837287902832;20;201.0;[   0   29   38   46   58  226  786 1455 1587 1685 1707 2545 2666 2696
 2698 2731 2829 2905 2906 2914]
13;70.06346487998962;20;201.0;[   0   38   46   58  182  203  786 1174 1685 1707 1770 2545 2666 2698
 2760 2912 2913 2914 2915 2916]
14;71.1700689792633;20;201.0;[   0   38   46   58  182  203  786 1355 1707 1770 2545 2666 2698 2731
 2760 2912 2913 2914 2915 2916]
15;78.32851481437683;20;201.0;[   0   38   46   58  182  203  786 1355 1636 1685 1707 2545 2666 2698
 2760 2797 2913 2914 2915 2916]
16;149.40670371055603;20;201.0;[   0   38   46   58  182  203  786 1355 1455 1610 1636 1685 1707 1739
 2545 2666 2698 2760 2915 2916]
17;291.05522990226746;20;201.0;[   0   38   46   58  182  194  786 1610 1685 1707 1739 2545 2666 2698
 2829 2912 2913 2914 2915 2916]
18;574.3468158245087;20;201.0;[   0   38   46   58  182  194  786 1610 1685 1707 1739 2545 2666 2698
 2829 2900 2901 2902 2903 2904]
19;1142.7534096240997;20;201.0;[   0   38   46   58  182  194  786 1610 1685 1707 1739 2545 2666 2698
 2829 2900 2901 2902 2903 2904]
20;2287.6101109981537;20;201.0;[   0   38   46   58  182  786 1355 1455 1491 1610 1636 1685 1707 1739
 2545 2666 2698 2760 2899 2900]
21;2306.032493829727;20;201.0;[   0   38   46   58  182  622  786 1355 1455 1491 1610 1636 1685 1707
 1739 2545 2666 2698 2758 2760]
