1000;19.127204179763794;2;139.32060685630267;[   0 1685]
10000;223.09106516838074;2;140.12721952484668;[   0 1685]
20000;471.0607991218567;2;140.1455335064838;[   0 1685]
50000;1534.6080567836761;2;140.1717905012867;[   0 1685]
1000;53.07571792602539;20;199.28576167429011;[   0    7   32   38   46   58  182  203  316 1174 1685 2731   77  226
  786 2545 2666 2797 2698 1355]
10000;926.3539550304413;20;199.4869266250593;[   0   32   38   46   58  182  185  203  622 1685 2131 2731   77  226
  786 1770 2545 2666 2829 2698]
20000;1780.6623060703278;20;199.4976349824684;[   0   32   38   46   58  182  203  622 1174 1685 2731   77  226  786
 1707 2545 2666 2829 1491 2698]
