1000;46.97922110557556;2;139.32060685630353;[   0 1685]
10000;226.19558715820312;2;140.12721952484483;[   0 1685]
20000;485.19281005859375;2;140.1455335064624;[   0 1685]
50000;1388.1449761390686;2;140.17179050127027;[   0 1685]
1000;66.40836882591248;20;199.28884034474876;[   0   32   38   58  182  622 1685 2731   77  226  786 1707 2545 2666
 2743 2758 2760 2696 2698 1355]
10000;463.829469203949;20;199.4880004507898;[   0    5   32   38   58  182  203  622 1685 2731   77  226  738  786
 1707 2545 2666 2760 2698 1355]
20000;1239.3784339427948;20;199.4987824309472;[   0    5    7   32   38   46   58  182  203  622 1685 2731   77  226
  786 2545 2666 2797 2829 2698]
