Instances for experiments:

When delta1/2 used as perc
#<5min

# ins = [1, 2, 5, 6, 7, 8, 9, 10, 11, 12]#N30
# ins = [1, 3, 5, 6, 7, 9, 10, 11, 12, 13] #N40
# ins = [2, 6, 7, 10, 12, 13, 14, 15, 16, 17]#N50

#5-60min
# ins = [4, 20, 37, 64, 83, 107, 150, 174, 258, 277]#N30
# ins = [4, 8, 24, 27, 37, 48, 64, 68, 77, 82]#N40
# ins = [3, 8, 26, 27, 28, 39, 41, 46, 54, 73]#N50

#>60min
# ins = [3, 35, 36, 52, 63, 282, 319, 334, 546, 549]#N30
# ins = [2, 14, 18, 22, 29, 38, 39, 40, 56, 76] #N40
# ins = [1, 4, 5, 9, 11, 20, 23, 32, 34, 38] #N50


For <5 minutes:

N30: 1 2 5 6 7 8 9 10 11 12
N40: 1 3 5 6 7 9 10 11 12 13
N50: 2 6 7 10 12 13 14 15 16 17
For 5-60 minutes:

N30: 4 20 37 64 83 107 150 174 258 277
N40: 4 8 24 27 37 48 64 68 77 82
N50: 3 8 26 27 28 39 41 46 54 73
For >60 minutes:

N30: 3 35 36 52 63 282 319 334 546 549
N40: 2 14 18 22 29 38 39 40 56 76
N50: 1 4 5 9 11 20 23 32 34 38




===============================
Before delta1/2 is used as perc

#<5min

# ins = [1, 2, 5, 6, 7, 8, 9, 10, 11, 12]#N30
# ins = [1, 3, 5, 6, 7, 9, 10, 11, 12, 13] #N40: 1 3 5 6 7 9 10 11 12 13 xxx
# ins = [2, 6, 7, 10, 13, 14, 15, 16, 17, 21]#N50: 2 6 7 10 13 14 15 16 17 21 xxx

#5-60min
# ins = [4, 20, 83, 89, 107, 166, 172, 174, 200, 241]#N30: 4 20 83 89 107 166 172 174 200 241 xxx
# ins = [4, 8, 16, 20, 27, 28, 33, 36, 37, 48]#N40: 4 8 16 20 27 28 33 36 37 48 xxx
# ins = [18, 26, 30, 46, 73, 93, 98, 110, 113, 122]#N50: 18 26 30 46 73 93 98 110 113 122 xxx

#>60min
# ins = [3, 35, 36, 37, 52, 63, 64, 150, 282, 319]#N30: 3 35 36 37 52 63 64 150 282 319 xxx
# ins = [2, 14, 18, 22, 24, 38, 39, 40, 56, 76] #N40: 2 14 18 22 24 38 39 40 56 76 xxx
# ins = [1, 3, 4, 5, 8, 9, 11, 12, 19, 20] #N50: 1 3 4 5 8 9 11 12 19 20 xxx
