I;1;0.007831811904907227;10;-1e+100;1e+100;222.0;222.0;None;[ 0  2  3  4  5  6  7  8  9 10];222.0;1;1
I;2;0.14368915557861328;10;-1e+100;1e+100;228.0;228.0;111.0;[0 1 2 3 4 5 6 7 8 9];228.0;4;5
I;3;0.2750089168548584;10;-1e+100;296.0;296.0;296.0;135.5;[  1  80  86 111 123 124 125 126 127 128];296.0;6;8
I;4;0.31899094581604004;10;-1e+100;293.25000000000006;291.8750000000006;291.8750000000006;135.5;[  0   1   2   4   5  80  86 103 111 128];291.8750000000006;8;8
I;5;0.36696410179138184;10;-1e+100;293.25000000000006;291.68750000000006;291.68750000000006;135.5;[  0   1   2   4   5  80  86 103 111 128];291.68750000000006;8;8
I;6;0.5726339817047119;10;-1e+100;293.25000000000006;290.765625;290.765625;29.875;[  0   1   2   4   5  80  86 103 111 128];290.765625;14;15
I;7;0.9024138450622559;10;-1e+100;293.25000000000006;290.69531250000006;290.69531250000006;106.3125;[  0   1   2   4   5  80  86 103 111 128];290.69531250000006;22;26
I;8;1.432663917541504;10;-1e+100;293.25000000000006;290.50195312499994;290.50195312499994;161.640625;[  0   1   2   4   5  80  86 103 111 128];290.50195312499994;36;44
I;9;2.262342929840088;10;-1e+100;293.25000000000006;290.09863281250006;290.09863281250006;192.921875;[  0   1   2   3   4   5  80  86 103 111];290.09863281250006;62;75
I;10;4.037240028381348;10;-1e+100;293.25000000000006;289.927490234375;289.927490234375;208.849609375;[  0   1   2   3   4   5  80  86 103 111];289.927490234375;96;123
I;11;6.160328149795532;10;-1e+100;293.25000000000006;289.8551025390625;289.8551025390625;224.5810546875;[  0   1   2   3   4   5  80  86 103 111];289.8551025390625;156;201
I;12;9.604387998580933;10;-1e+100;293.25000000000006;289.79833984375;289.79833984375;239.0897216796875;[  0   1   2   3   4   5  80  86 103 111];289.79833984375;252;327
I;13;15.070346117019653;10;-1e+100;293.25000000000006;289.75379943847656;289.75379943847656;252.27688598632812;[  0   1   2   3   4   5  80  86 103 111];289.75379943847656;386;520
I;14;23.41426181793213;10;-1e+100;293.25000000000006;292.0078125000012;292.0078125000012;262.65647888183594;[  0   1   2   4   5  67  80  86 103 111];292.0078125000012;588;814
I;15;25.669859886169434;10;-1e+100;293.25000000000006;290.1548004150391;290.1548004150391;262.65647888183594;[  0   1   2   4   5  67  80  86 103 111];290.1548004150391;814;814
I;16;40.945664167404175;10;-1e+100;293.25000000000006;290.14331817626953;290.14331817626953;277.1727752685547;[  0   1   2   4   5  67  80  86 103 111];290.14331817626953;596;1112
I;17;53.71965408325195;10;-1e+100;293.25000000000006;290.13385009765625;290.13385009765625;281.0325508117676;[  0   1   2   4   5  67  80  86 103 111];290.13385009765625;866;1545
I;18;72.09804201126099;10;-1e+100;293.25000000000006;290.12973499298096;290.12973499298096;283.370849609375;[  0   1   2   4   5  67  80  86 103 111];290.12973499298096;1246;2168
I;19;98.5644109249115;10;-1e+100;293.25000000000006;291.98133325576987;291.98133325576987;285.0090389251709;[  0   1   2   5  67  80  86  98 103 111];291.98133325576987;1794;3065
I;20;106.98654818534851;10;-1e+100;293.25000000000006;290.7982540130615;290.7982540130615;285.0090389251709;[  0   1   2   5  67  80  86  98 103 111];290.7982540130615;3065;3065
I;21;158.19449520111084;10;-1e+100;293.25000000000006;290.778687953949;290.778687953949;284.9220199584961;[  0   1   2   5  67  80  86  98 103 111];290.778687953949;578;3354
I;22;169.7715790271759;10;-1e+100;293.25000000000006;290.77130556106573;290.77130556106573;288.0928497314453;[  0   1   2   5  67  80  86  98 103 111];290.77130556106573;0;3585
I;23;175.34657192230225;10;290.77130556106573;293.25000000000006;293.2500000000001;293.2500000000001;288.0928497314453;[  0   1   2  67  68  80  86  98 103 111];293.2500000000001;0;3585
I;24;185.3739709854126;10;290.77130556106573;293.25000000000006;292.5950469970703;292.5950469970703;288.0928497314453;[  0   1   2  67  68  80  86  98 103 111];292.5950469970703;3585;3585
I;25;247.40781712532043;10;290.77130556106573;293.25000000000006;292.5437450408936;292.5437450408936;264.5341806411743;[  0   1   2  67  68  80  86  98 103 111];292.5437450408936;1294;4232
I;26;275.8190519809723;10;290.77130556106573;293.25000000000006;292.51258730888367;292.51258730888367;269.6904938220978;[  0   1   2  67  68  80  86  98 103 111];292.51258730888367;1872;5168
I;27;317.1936659812927;10;290.77130556106573;293.25000000000006;292.4957602024079;292.4957602024079;275.06236124038696;[  0   1   2  67  68  80  86  98 103 111];292.4957602024079;2794;6565
I;28;379.2930998802185;10;290.77130556106573;293.25000000000006;292.4831091463567;292.4831091463567;279.9115717113018;[  0   1   2  67  68  80  86  98 103 111];292.4831091463567;4132;8631
I;29;471.4637930393219;10;290.77130556106573;293.25000000000006;292.4768956899643;292.4768956899643;283.61734177172184;[  0   1   2  67  68  80  86  98 103 111];292.4768956899643;5894;11578
I;30;603.712405204773;10;290.77130556106573;293.25000000000006;292.4730487540364;292.4730487540364;286.5065094605088;[  0   1   2  67  68  80  86  98 103 111];292.4730487540364;7884;15520
I;31;782.5810499191284;10;290.77130556106573;293.25000000000006;292.4704764857888;292.4704764857888;288.62501057609916;[  0   1   2  67  68  80  86  98 103 111];292.4704764857888;9920;20480
I;32;1008.6435091495514;10;290.77130556106573;293.25000000000006;292.4691087035463;292.4691087035463;290.1305247992277;[  0   1   2  67  68  80  86  98 103 111];292.4691087035463;0;26181
I;33;1049.5381469726562;10;292.4691087035463;293.25000000000006;293.25000000000006;293.25000000000006;290.1305247992277;[  0   1   2  15  67  68  80  86  98 103 111];293.25000000000006;0;26181
I;34;1121.743766784668;10;292.4691087035463;293.09455070952845;292.6171875;292.6171875;290.1305247992277;[  0   1  56  63  67  80  86 103 105 111];292.6171875;26181;26181
I;35;1194.3140029907227;10;292.4691087035463;293.09455070952845;292.514940738678;292.514940738678;290.1305247992277;[  0   1  67  80  86  93 103 104 105 111];292.514940738678;26181;26181
I;36;1267.3446400165558;10;292.4691087035463;293.09455070952845;292.91425500810146;292.91425500810146;290.1305247992277;[  0   1  67  68  80  86  98 103 105 111];292.91425500810146;26181;26181
I;37;1340.0913000106812;10;292.4691087035463;293.09455070952845;292.7310622595251;292.7310622595251;290.1305247992277;[  0   1  67  68  80  86  98 103 105 111];292.7310622595251;26181;26181
I;38;1784.786246061325;10;292.4691087035463;293.09455070952845;292.72862100228673;292.72862100228673;287.7646636888385;[  0   1  67  68  80  86  98 103 105 111];292.72862100228673;3712;28037
I;39;1873.0671689510345;10;292.4691087035463;293.09455070952845;292.72494789585465;292.72494789585465;288.62064664810896;[  0   1  67  68  80  86  98 103 105 111];292.72494789585465;4032;30053
I;40;1967.7734160423279;10;292.4691087035463;293.09455070952845;292.7218997739256;292.7218997739256;289.8496256843209;[  0   1  67  68  80  86  98 103 105 111];292.7218997739256;0;32104
