I;1;0.015429258346557617;10;-1e+100;1e+100;99.0;99.0;None;[ 1  2  3  4  5  6  7  8  9 10];99.0;1;1
I;2;0.17784619331359863;10;-1e+100;1e+100;108.0;108.0;49.25;[0 1 2 3 4 5 6 7 8 9];108.0;2;3
I;3;0.35182809829711914;10;-1e+100;220.0;220.0;220.0;79.375;[  0  13  61  98 151 168 181 211 356 357];220.0;2;4
I;4;0.5978991985321045;10;-1e+100;191.0;191.0000000000001;191.0000000000001;0.0;[  0   1   3  13  61  98 153 181 193 211];191.0000000000001;8;8
I;5;0.6917171478271484;10;-1e+100;191.0;144.99999999999997;144.99999999999997;0.0;[  0   1   3  13  61  98 153 181 193 211];144.99999999999997;8;8
I;6;1.8334662914276123;10;-1e+100;191.0;142.0;142.0;72.5;[  0   1   3  13  61  98 153 181 193 211];142.0;16;24
I;7;2.583174228668213;10;-1e+100;191.0;141.90625;141.90625;106.125;[  0   1   3  13  61  98 153 181 193 211];141.90625;16;32
I;8;3.353004217147827;10;141.90625;191.0;147.50000000000077;147.50000000000077;141.8125;[  0   1   3  13  61 153 181 193 211 275];147.50000000000077;0;32
I;9;4.827300310134888;10;141.90625;191.0;146.625;146.625;69.5;[  0   1   3  13  61 153 181 193 211 275];146.625;16;40
I;10;9.603708267211914;10;146.625;189.88085106382977;187.0;187.0;145.47021484375;[  0  61  98 153 163 181 182 193 211 234];187.0;0;82
I;11;9.942343950271606;10;146.625;189.88085106382977;158.9906005859375;158.9906005859375;145.47021484375;[  0  13  61  98 163 181 182 193 211 234];158.9906005859375;82;82
I;12;13.652588129043579;10;146.625;189.88085106382977;158.9904937744141;158.9904937744141;34.22027587890625;[  0  13  61  98 163 181 182 193 211 234];158.9904937744141;80;122
I;13;17.082546949386597;10;146.625;189.88085106382977;158.9896392822266;158.9896392822266;96.60084533691406;[  0  13  61  98 163 181 182 193 211 234];158.9896392822266;80;162
I;14;27.240357160568237;10;146.625;189.88085106382977;158.9743804931641;158.9743804931641;151.21598052978516;[  0  13  61  98 163 181 182 193 211 234];158.9743804931641;68;264
I;15;30.241907119750977;10;146.625;189.88085106382977;158.95606994628906;158.95606994628906;155.07645416259766;[  0  13  98 153 163 181 182 193 211 234];158.95606994628906;68;298
I;16;31.243789196014404;10;146.625;189.88085106382977;157.65624999999997;157.65624999999997;155.07645416259766;[  0  13  98 153 163 181 182 193 211 234];157.65624999999997;298;298
I;17;43.1366491317749;10;146.625;189.88085106382977;157.58203124999997;157.58203124999997;117.9140625;[  0  13  98 153 163 181 182 193 211 234];157.58203124999997;80;338
I;18;46.82211923599243;10;146.625;189.88085106382977;157.32226562499997;157.32226562499997;122.75;[  0  13  98 153 163 181 182 193 211 234];157.32226562499997;120;398
I;19;52.07785701751709;10;146.625;189.88085106382977;157.1923828125;157.1923828125;139.67578125;[  0  13  98 153 163 181 182 193 211 234];157.1923828125;120;458
I;20;57.342005014419556;10;146.625;189.88085106382977;158.9560699462893;158.9560699462893;148.138671875;[  0  13  61  98 153 163 181 182 193 211];158.9560699462893;120;518
I;21;59.028104066848755;10;146.625;189.88085106382977;158.58692932128903;158.58692932128903;148.138671875;[  0  13  61  98 153 163 181 182 193 211];158.58692932128903;518;518
I;22;79.49036526679993;10;146.625;189.88085106382977;158.580322265625;158.580322265625;154.42459869384766;[  0  13  61  98 153 163 181 182 193 211];158.580322265625;100;568
I;23;84.01767134666443;10;146.625;189.88085106382977;158.57763671875;158.57763671875;155.99019622802734;[  0  13  61  98 153 163 181 182 193 211];158.57763671875;116;626
I;24;89.08865308761597;10;146.625;189.88085106382977;158.57720947265628;158.57720947265628;157.25848388671875;[  0  13  61  98 153 163 181 182 193 211];158.57720947265628;0;666
I;25;91.0582811832428;10;158.57720947265628;181.67746430063454;178.0;178.0;157.25848388671875;[ 41  61  98 153 163 181 182 193 211 234];178.0;0;666
I;26;119.89613699913025;10;158.57720947265628;181.67746430063454;175.0;175.0;6.043022155761719;[  0  41  61  98 153 163 181 193 211 234];175.0;922;1127
I;27;170.34526014328003;10;158.57720947265628;181.67746430063454;174.0;174.0;115.0390625;[  0  41  98 153 163 181 182 193 234 337];174.0;1859;1859
I;28;175.96946001052856;10;158.57720947265628;181.67746430063454;173.0;173.0;115.0390625;[ 26  98 153 163 181 182 193 211 234 337];173.0;1859;1859
I;29;255.07718133926392;10;158.57720947265628;181.67746430063454;172.0;172.0;97.29788208007812;[  0  26  98 163 181 182 193 211 234 337];172.0;1744;2731
I;30;263.171658039093;10;158.57720947265628;181.67746430063454;169.703125;169.703125;97.29788208007812;[  0  41  98 153 163 181 182 193 234 301];169.703125;2731;2731
I;31;379.4023871421814;10;158.57720947265628;181.67746430063454;168.7812500000003;168.7812500000003;37.2719202041626;[  0  41  98 153 163 181 182 193 234 275];168.7812500000003;2390;3926
I;32;543.2582190036774;10;158.57720947265628;181.67746430063454;168.2890014648438;168.2890014648438;91.48824691772461;[  0  41  98 153 163 181 182 193 234 301];168.2890014648438;2366;5109
I;33;558.2290282249451;10;158.57720947265628;181.67746430063454;167.49992370605472;167.49992370605472;91.48824691772461;[  0  41  98 153 163 181 182 193 234 301];167.49992370605472;5109;5109
I;34;771.0017821788788;10;158.57720947265628;181.67746430063454;167.40966939926187;167.40966939926187;122.29038000106812;[  0  41  98 153 163 181 182 193 234 301];167.40966939926187;3220;6719
I;35;920.9700591564178;10;158.57720947265628;180.2970079788686;174.08874511718747;174.08874511718747;141.9427946805954;[ 41  61  69  98 153 163 181 182 193 211];174.08874511718747;3984;8711
I;36;1306.1152222156525;10;158.57720947265628;180.2970079788686;172.90625;172.90625;80.06295037269592;[ 26  69  98 153 163 181 182 193 211 337];172.90625;6238;11830
I;37;1804.826868057251;10;158.57720947265628;180.2970079788686;172.8427745103836;172.8427745103836;160.0523853302002;[ 26  61  69  98 153 163 181 182 193 211];172.8427745103836;4400;14030
I;38;2443.862508058548;10;158.57720947265628;180.2970079788686;172.24072432518005;172.24072432518005;120.49005448818207;[ 41  61  69  98 153 163 181 182 193 211];172.24072432518005;9226;18487
I;39;2497.804528236389;10;158.57720947265628;180.2970079788686;172.0;172.0;120.49005448818207;[  0  26  69  98 163 181 182 193 211 337];172.0;18487;18487
I;40;2551.697517156601;10;158.57720947265628;180.2970079788686;167.00000000000045;167.00000000000045;120.49005448818207;[  0  41  98 153 163 181 182 193 211 337];167.00000000000045;18487;18487
I;41;3317.667505264282;10;158.57720947265628;180.2970079788686;162.4619239792228;162.4619239792228;159.26456616818905;[  0  41  98 153 163 181 182 193 211 337];162.4619239792228;3876;20425
I;42;3543.885296344757;10;158.57720947265628;180.2970079788686;162.46011628210542;162.46011628210542;160.09554521739483;[  0  41  98 153 163 181 182 193 211 337];162.46011628210542;5512;23181
