I;1;0.011373043060302734;10;-1e+100;1e+100;198.0;198.0;None;[ 1  2  3  4  5  6  7  8  9 10];198.0;1;1
I;2;0.4179258346557617;10;-1e+100;1e+100;238.0;238.0;190.12890625;[0 1 2 3 4 5 6 7 8 9];238.0;2;7
I;3;0.46738290786743164;10;-1e+100;355.0;355.0;355.0;190.12890625;[  0  59  67  75  87 236 237 238 239 240];355.0;7;7
I;4;0.7504479885101318;10;-1e+100;355.0;354.36132812500074;354.36132812500074;262.546875;[  0   2   3  59  67  75  87 165 226 240];354.36132812500074;0;9
I;5;0.8279109001159668;10;-1e+100;355.0;333.32031249999994;333.32031249999994;262.546875;[  0   2   3  59  67  75  87 165 226 240];333.32031249999994;9;9
I;6;2.2813220024108887;10;-1e+100;355.0;333.29418945312506;333.29418945312506;209.576171875;[  0   2   3  59  67  75  87 165 226 240];333.29418945312506;24;37
I;7;3.1186470985412598;10;-1e+100;355.0;333.21716308593756;333.21716308593756;253.0205078125;[  0   2   3  59  67  75  87 165 226 240];333.21716308593756;34;54
I;8;4.345851898193359;10;-1e+100;355.0;332.9902038574219;332.9902038574219;274.379638671875;[  0   2   3  59  67  75  87 165 226 240];332.9902038574219;58;83
I;9;6.32768988609314;10;-1e+100;355.0;335.94531250000205;335.94531250000205;296.6117248535156;[  0   2   3  59  67  75  87 165 211 226];335.94531250000205;90;128
I;10;6.864963054656982;10;-1e+100;355.0;333.7789306640631;333.7789306640631;296.6117248535156;[  0   2   3  59  67  75  87 165 211 226];333.7789306640631;128;128
I;11;10.553378105163574;10;-1e+100;355.0;333.7655029296882;333.7655029296882;324.06471252441406;[  0   2   3  59  67  75  87 165 211 226];333.7655029296882;46;151
I;12;12.193692922592163;10;-1e+100;355.0;333.7634735107429;333.7634735107429;325.3528594970703;[  0   2   3  59  67  75  87 165 211 226];333.7634735107429;78;190
I;13;14.705138921737671;10;-1e+100;355.0;333.76240539550855;333.76240539550855;328.89100646972656;[  0   2   3  59  67  75  87 165 211 226];333.76240539550855;80;230
I;14;17.314985036849976;10;-1e+100;355.0;333.7618713378906;333.7618713378906;330.75318908691406;[  0   2   3  59  67  75  87 165 211 226];333.7618713378906;0;270
I;15;17.957154989242554;10;333.7618713378906;355.0;354.36132812500074;354.36132812500074;330.75318908691406;[  0   2   3  59  67  75  87 142 165 226];354.36132812500074;0;270
I;16;19.053472995758057;10;333.7618713378906;355.0;349.1688385009767;349.1688385009767;330.75318908691406;[  0   2   3  59  67  75  87 142 165 226];349.1688385009767;270;270
I;17;26.98014783859253;10;333.7618713378906;355.0;349.1620635986328;349.1620635986328;77.48987579345703;[  0   2   3  59  67  75  87 142 165 226];349.1620635986328;142;341
I;18;31.60623788833618;10;333.7618713378906;355.0;348.96179866790766;348.96179866790766;162.5526351928711;[  0   2   3  59  67  75  87 142 165 226];348.96179866790766;168;425
I;19;37.186197996139526;10;333.7618713378906;355.0;348.94855403900146;348.94855403900146;227.92175006866455;[  0   2   3  59  67  75  87 142 165 226];348.94855403900146;228;539
I;20;44.544978857040405;10;333.7618713378906;355.0;355.0;355.0;274.6290454864502;[  0   3  17  59  67  75  87 165 211 226];355.0;268;673
I;21;47.140666007995605;10;333.7618713378906;355.0;355.0;355.0;274.6290454864502;[  0   3  59  67  75  87 142 165 211 226];355.0;673;673
I;22;49.68063402175903;10;333.7618713378906;355.0;355.0;355.0;274.6290454864502;[  0   2  17  59  67  75  87 142 165 211 226];355.0;673;673
I;23;52.2940399646759;10;333.7618713378906;355.0;354.0964965820313;354.0964965820313;274.6290454864502;[  0   3  59  67  75  87 125 142 211 226];354.0964965820313;673;673
I;24;54.9062659740448;10;333.7618713378906;355.0;350.4714965820313;350.4714965820313;274.6290454864502;[  0   2  59  67  75  87 142 165 211 226];350.4714965820313;673;673
I;25;77.70349597930908;10;333.7618713378906;355.0;351.27098798751894;351.27098798751894;216.816810131073;[  0   2   3  59  67  75  87 142 211 226];351.27098798751894;462;904
I;26;81.18531203269958;10;333.7618713378906;355.0;354.83007812500006;354.83007812500006;216.816810131073;[  0  44  59  67  75  76  87 125 211 226];354.83007812500006;904;904
I;27;84.64364099502563;10;333.7618713378906;355.0;354.19478225708013;354.19478225708013;216.816810131073;[  0   2  44  59  67  75  76  87 211 226];354.19478225708013;904;904
I;28;88.11833095550537;10;333.7618713378906;355.0;351.2543253898621;351.2543253898621;216.816810131073;[  0   3  59  67  75  87 125 142 211 226];351.2543253898621;904;904
I;29;119.51555514335632;10;333.7618713378906;355.0;353.13687133789057;353.13687133789057;294.7177531719208;[  0   2   3  59  67  75  76  87 211 226];353.13687133789057;784;1296
I;30;124.52408599853516;10;333.7618713378906;355.0;352.6814815998077;352.6814815998077;294.7177531719208;[  0  59  67  75  76  87 125 130 211 226];352.6814815998077;1296;1296
I;31;129.52934098243713;10;333.7618713378906;355.0;351.6360664367676;351.6360664367676;294.7177531719208;[  0  44  59  67  75  87 125 130 142 211 226];351.6360664367676;1296;1296
I;32;134.49932289123535;10;333.7618713378906;355.0;347.6396551132203;347.6396551132203;294.7177531719208;[  0  44  59  67  75  87 125 142 165 211 217];347.6396551132203;1296;1296
I;33;139.42525005340576;10;333.7618713378906;355.0;349.8177032470703;349.8177032470703;294.7177531719208;[  0   2  44  59  75  76  87 130 165 211];349.8177032470703;1296;1296
I;34;144.49721503257751;10;333.7618713378906;355.0;350.12226486206055;350.12226486206055;294.7177531719208;[  0   3  59  75  76  87 125 142 211 226];350.12226486206055;1296;1296
I;35;149.4438920021057;10;333.7618713378906;355.0;350.2808837890625;350.2808837890625;294.7177531719208;[  0   3  59  75  76  87 125 130 211 226];350.2808837890625;1296;1296
I;36;154.5811047554016;10;333.7618713378906;355.0;341.00000000000006;341.00000000000006;294.7177531719208;[  0  44  59  67  75  87 124 125 142 211];341.00000000000006;1296;1296
I;37;159.53805589675903;10;333.7618713378906;355.0;342.23288345336914;342.23288345336914;294.7177531719208;[  0   2  44  59  75  76  87 135 165 211];342.23288345336914;1296;1296
I;38;164.58729076385498;10;333.7618713378906;355.0;349.2371227741242;349.2371227741242;294.7177531719208;[  0   3  59  75  87 125 142 143 211 226];349.2371227741242;1296;1296
I;39;169.6055839061737;10;333.7618713378906;355.0;349.20418500900274;349.20418500900274;294.7177531719208;[  0   3  59  75  86  87 125 142 211 226];349.20418500900274;1296;1296
I;40;174.72660994529724;10;333.7618713378906;355.0;349.54437375068676;349.54437375068676;294.7177531719208;[  0  59  75  76  87 105 125 130 211 226];349.54437375068676;1296;1296
I;41;179.84011483192444;10;333.7618713378906;354.86816406249994;353.2102813720704;353.2102813720704;294.7177531719208;[  0   3  44  59  67  75  76  87 211 226];353.2102813720704;1296;1296
I;42;184.8489270210266;10;333.7618713378906;354.83007812500006;338.48974514007574;338.48974514007574;294.7177531719208;[  0  44  59  67  75  76  87 125 142 211];338.48974514007574;1296;1296
I;43;189.72845602035522;10;333.7618713378906;354.83007812500006;336.38819473981863;336.38819473981863;294.7177531719208;[  0  44  59  67  75  87 125 142 143 211];336.38819473981863;1296;1296
I;44;194.7050359249115;10;333.7618713378906;354.83007812500006;352.68148159980774;352.68148159980774;294.7177531719208;[  0   2  59  67  75  76  87 130 211 226];352.68148159980774;1296;1296
I;45;199.9104928970337;10;333.7618713378906;354.83007812500006;342.41551941633236;342.41551941633236;294.7177531719208;[  0   3  59  75  76  87 124 125 142 211];342.41551941633236;1296;1296
I;46;204.92637395858765;10;333.7618713378906;354.83007812500006;338.94271850585943;338.94271850585943;294.7177531719208;[  0   2   3  44  59  75  76  87 165 239];338.94271850585943;1296;1296
I;47;210.1188747882843;10;333.7618713378906;354.83007812500006;349.3787013292312;349.3787013292312;294.7177531719208;[  0  59  75  76  87 105 125 130 211 226];349.3787013292312;1296;1296
I;48;256.58760809898376;10;333.7618713378906;354.83007812500006;352.13084793090826;352.13084793090826;280.86922883987427;[  0   2   3  44  59  67  75  76  87 211 226];352.13084793090826;1480;2036
I;49;319.9874110221863;10;333.7618713378906;354.83007812500006;343.43564343452454;343.43564343452454;344.51184844970703;[  0   2   3  44  59  67  75  76  87 211];343.43564343452454;86;2079
I;50;327.9569640159607;10;333.7618713378906;354.83007812500006;347.8664631843567;347.8664631843567;344.51184844970703;[  0   2  44  59  67  75  76  87 143 226];347.8664631843567;2079;2079
I;51;336.0118510723114;10;333.7618713378906;354.83007812500006;336.074292063713;336.074292063713;344.51184844970703;[  0   2  43  44  59  75  76  87 165 217];336.074292063713;2079;2079
I;52;344.19229793548584;10;333.7618713378906;354.83007812500006;350.97225952148443;350.97225952148443;344.51184844970703;[  0  43  44  59  67  75  87 101 211 226];350.97225952148443;2079;2079
I;53;352.3553988933563;10;333.7618713378906;354.83007812500006;343.35266113281256;343.35266113281256;344.51184844970703;[  0  59  67  75  87 105 125 130 211 226];343.35266113281256;2079;2079
I;54;360.58415699005127;10;333.7618713378906;354.71697377755953;334.68713378906256;334.68713378906256;344.51184844970703;[  0   3  59  67  75  87 116 125 130 211 226];334.68713378906256;2079;2079
I;55;368.73185896873474;10;333.7618713378906;354.71697377755953;347.09520691633224;347.09520691633224;344.51184844970703;[  0   2   3  44  59  67  75  76  87 226];347.09520691633224;2079;2079
I;56;376.8152689933777;10;333.7618713378906;354.71697377755953;349.65866088867193;349.65866088867193;344.51184844970703;[  0  43  44  59  67  75  87 112 211 226];349.65866088867193;2079;2079
I;57;442.55817794799805;10;333.7618713378906;354.71697377755953;347.77046203613287;347.77046203613287;343.07590770721436;[  0  17  43  59  67  75  87 112 211 226];347.77046203613287;224;2191
I;58;451.03911995887756;10;333.7618713378906;354.71697377755953;351.9290351867675;351.9290351867675;343.07590770721436;[  0  44  59  67  75  76  87 125 211 226];351.9290351867675;2191;2191
I;59;459.4550778865814;10;333.7618713378906;354.71697377755953;346.8099060058593;346.8099060058593;343.07590770721436;[  0  44  59  67  75  76  87 125 143 226];346.8099060058593;2191;2191
I;60;467.8865249156952;10;333.7618713378906;354.71697377755953;350.4536247253418;350.4536247253418;343.07590770721436;[  0   2  59  67  75  87 142 165 211 226];350.4536247253418;2191;2191
I;61;476.38227105140686;10;333.7618713378906;354.71697377755953;339.64885151386267;339.64885151386267;343.07590770721436;[  0   2   3  44  59  67  75  87 143 226];339.64885151386267;2191;2191
I;62;484.96813011169434;10;333.7618713378906;354.71697377755953;337.61167877912527;337.61167877912527;343.07590770721436;[  0   2   3  44  59  67  75  87 112 226];337.61167877912527;2191;2191
I;63;493.4553279876709;10;333.7618713378906;354.71697377755953;351.2283993959429;351.2283993959429;343.07590770721436;[  0   3  59  67  75  87 125 142 211 226];351.2283993959429;2191;2191
I;64;502.0444128513336;10;333.7618713378906;354.71697377755953;349.6511783599853;349.6511783599853;343.07590770721436;[  0  59  67  75  86  87 130 135 142 211 226];349.6511783599853;2191;2191
I;65;510.63385796546936;10;333.7618713378906;354.71697377755953;346.9499206542969;346.9499206542969;343.07590770721436;[  0   2  59  67  75  87 101 113 165 226];346.9499206542969;2191;2191
I;66;519.444885969162;10;333.7618713378906;354.71697377755953;345.92363691329956;345.92363691329956;343.07590770721436;[  0   3  44  59  67  75  76  87 125 226];345.92363691329956;2191;2191
I;67;528.0149388313293;10;333.7618713378906;354.46082907992485;340.99404907226557;340.99404907226557;343.07590770721436;[  0  44  59  67  75  76  87 124 125 211];340.99404907226557;2191;2191
I;68;536.5045008659363;10;333.7618713378906;354.46082907992485;341.0651435852051;341.0651435852051;343.07590770721436;[  0   3  44  59  67  75  76  87 125 211];341.0651435852051;2191;2191
I;69;544.8933298587799;10;333.7618713378906;354.0660882029846;352.5353634357451;352.5353634357451;343.07590770721436;[  0   3  17  59  67  75  76  87 125 211 226];352.5353634357451;2191;2191
I;70;553.5690128803253;10;333.7618713378906;354.0660882029846;351.64630126953125;351.64630126953125;343.07590770721436;[  0  59  67  75  76  86  87 125 211 226];351.64630126953125;2191;2191
I;71;562.1422588825226;10;333.7618713378906;354.0660882029846;348.7417995929718;348.7417995929718;343.07590770721436;[  0   3  59  75  76  87 124 125 211 226];348.7417995929718;2191;2191
I;72;570.9321641921997;10;333.7618713378906;354.0660882029846;349.39825558662426;349.39825558662426;343.07590770721436;[  0   3  59  75  76  87 105 125 211 226];349.39825558662426;2191;2191
I;73;579.6263480186462;10;333.7618713378906;354.0660882029846;349.7722930908203;349.7722930908203;343.07590770721436;[  0  59  67  75  87 130 142 184 211 226];349.7722930908203;2191;2191
I;74;588.1905269622803;10;333.7618713378906;354.0660882029846;348.255320072174;348.255320072174;343.07590770721436;[  0  59  67  75  86  87 142 184 211 226];348.255320072174;2191;2191
I;75;596.7196490764618;10;333.7618713378906;354.0660882029846;348.47470092773443;348.47470092773443;343.07590770721436;[  0  44  59  75  76  87 125 165 226 239];348.47470092773443;2191;2191
I;76;605.4313440322876;10;333.7618713378906;354.0660882029846;349.2780637741088;349.2780637741088;343.07590770721436;[  0  43  44  59  75  76  87 125 165 211 226];349.2780637741088;2191;2191
I;77;614.0189938545227;10;333.7618713378906;354.0660882029846;350.4668884277344;350.4668884277344;343.07590770721436;[  0   3  44  59  67  75  87 142 211 226];350.4668884277344;2191;2191
I;78;622.6043789386749;10;333.7618713378906;354.0660882029846;350.33007812500006;350.33007812500006;343.07590770721436;[  0   2   3  44  59  75  87 142 211 226];350.33007812500006;2191;2191
I;79;631.3249018192291;10;333.7618713378906;354.0660882029846;352.5353634357451;352.5353634357451;343.07590770721436;[  0   2   3  59  67  75  76  87 211 226];352.5353634357451;2191;2191
I;80;640.145751953125;10;333.7618713378906;354.0660882029846;351.5919523239136;351.5919523239136;343.07590770721436;[  0   2  59  67  75  76  86  87 211 226];351.5919523239136;2191;2191
I;81;648.8450419902802;10;333.7618713378906;354.0660882029846;352.33659553527826;352.33659553527826;343.07590770721436;[  0   3  59  67  75  76  87 125 211 226];352.33659553527826;2191;2191
I;82;720.2018249034882;10;333.7618713378906;354.0660882029846;350.93066406249994;350.93066406249994;330.8982371687889;[  0   2  44  59  75  76  87 130 211 226];350.93066406249994;728;2555
I;83;730.3619368076324;10;333.7618713378906;354.0660882029846;345.6239266395568;345.6239266395568;330.8982371687889;[  0   2  44  59  67  75  76  87 130 226];345.6239266395568;2555;2555
I;84;740.4876990318298;10;333.7618713378906;354.0660882029846;340.817873120308;340.817873120308;330.8982371687889;[  0   2  44  59  67  75  87 130 211 226];340.817873120308;2555;2555
I;85;750.8325970172882;10;333.7618713378906;354.0660882029846;341.60586547851574;341.60586547851574;330.8982371687889;[  0   2  44  59  67  75  76  87 130 211];341.60586547851574;2555;2555
I;86;760.920184135437;10;333.7618713378906;354.0660882029846;339.52951240539545;339.52951240539545;330.8982371687889;[  0  43  44  59  75  76  87 125 165 211];339.52951240539545;2555;2555
I;87;770.8404359817505;10;333.7618713378906;354.0660882029846;338.9636509418488;338.9636509418488;330.8982371687889;[  0  44  59  75  76  87 124 125 165 211];338.9636509418488;2555;2555
I;88;780.9272289276123;10;333.7618713378906;354.0660882029846;348.33129262924206;348.33129262924206;330.8982371687889;[  0   2   3  59  67  75  76  87 130 143 226];348.33129262924206;2555;2555
I;89;791.1367180347443;10;333.7618713378906;354.0660882029846;349.6511783599853;349.6511783599853;330.8982371687889;[  0  44  59  67  75  87 130 135 142 211 226];349.6511783599853;2555;2555
I;90;801.2032990455627;10;333.7618713378906;354.0660882029846;352.30675339698786;352.30675339698786;330.8982371687889;[  0  59  67  75  76  87 125 130 211 226];352.30675339698786;2555;2555
I;91;811.5132741928101;10;333.7618713378906;354.0660882029846;348.0761260986328;348.0761260986328;330.8982371687889;[  0   2   3  44  59  75  87 142 165 226];348.0761260986328;2555;2555
I;92;821.8564648628235;10;333.7618713378906;354.0660882029846;336.0077619552612;336.0077619552612;330.8982371687889;[  0   3  44  59  75  87 130 142 165 226];336.0077619552612;2555;2555
I;93;831.9010899066925;10;333.7618713378906;353.7304913053002;350.4914665222168;350.4914665222168;330.8982371687889;[  0   2  59  67  75  76  87 105 211 226];350.4914665222168;2555;2555
I;94;841.9630839824677;10;333.7618713378906;353.7304913053002;349.55692958831787;349.55692958831787;330.8982371687889;[  0   2  59  67  75  76  87 139 211 226];349.55692958831787;2555;2555
I;95;852.1240420341492;10;333.7618713378906;353.7304913053002;352.5325274467468;352.5325274467468;330.8982371687889;[  0   2   3  59  67  75  76  87 211 226];352.5325274467468;2555;2555
I;96;862.3662021160126;10;333.7618713378906;353.36662453024695;350.0706219673157;350.0706219673157;330.8982371687889;[  0  44  59  67  75  87 139 142 211 226 239];350.0706219673157;2555;2555
I;97;872.4603340625763;10;333.7618713378906;353.36662453024695;349.2089673280716;349.2089673280716;330.8982371687889;[  0  44  59  67  75  87 142 143 211 226];349.2089673280716;2555;2555
I;98;882.5997161865234;10;333.7618713378906;353.36662453024695;348.74121195077896;348.74121195077896;330.8982371687889;[  0   2  44  59  67  75  87 142 165 217 226];348.74121195077896;2555;2555
I;99;893.0130181312561;10;333.7618713378906;353.2495705357177;350.0706219673157;350.0706219673157;330.8982371687889;[  0   2  44  59  67  75  87 142 211 226];350.0706219673157;2555;2555
I;100;903.2260808944702;10;333.7618713378906;353.2495705357177;343.93258666992176;343.93258666992176;330.8982371687889;[  0   2  43  44  59  67  75  76  87 142 226];343.93258666992176;2555;2555
I;101;913.4662458896637;10;333.7618713378906;353.2495705357177;351.3122253417969;351.3122253417969;330.8982371687889;[  0   3  59  67  75  87 130 142 211 226];351.3122253417969;2555;2555
I;102;923.5770008563995;10;333.7618713378906;353.2495705357177;349.91316890716564;349.91316890716564;330.8982371687889;[  0   3  59  75  87 125 130 142 211 226];349.91316890716564;2555;2555
I;103;933.9077141284943;10;333.7618713378906;353.0905652251014;338.9217529296874;338.9217529296874;330.8982371687889;[  0   2   3  17  59  67  75  87 165 226];338.9217529296874;2555;2555
I;104;944.5616919994354;10;333.7618713378906;352.99615352577194;333.89782941341406;333.89782941341406;330.8982371687889;[  0   2  59  67  75  87 116 130 211 226];333.89782941341406;2555;2555
I;105;955.1235749721527;10;333.7618713378906;352.99615352577194;349.00869262218464;349.00869262218464;330.8982371687889;[  0   2  59  67  75  87 112 113 211 226];349.00869262218464;2555;2555
I;106;965.3136520385742;10;333.7618713378906;352.99615352577194;338.8444081544876;338.8444081544876;330.8982371687889;[  0   2  17  59  67  75  87 130 211 226];338.8444081544876;2555;2555
I;107;975.8403770923615;10;333.7618713378906;352.99615352577194;333.8243713378906;333.8243713378906;330.8982371687889;[  0   2  59  67  75  87 130 143 211 226];333.8243713378906;2555;2555
I;108;986.3284270763397;10;333.7618713378906;352.99615352577194;351.9245147705078;351.9245147705078;330.8982371687889;[  0  44  59  67  75  76  87 130 211 226 239];351.9245147705078;2555;2555
I;109;996.6883540153503;10;333.7618713378906;352.99615352577194;335.25;335.25;330.8982371687889;[  0   3  59  75  76  87 105 130 226 239];335.25;2555;2555
I;110;1006.8479371070862;10;333.7618713378906;352.99615352577194;349.01717376708996;349.01717376708996;330.8982371687889;[  0  59  75  76  86  87 130 135 211 226 239];349.01717376708996;2555;2555
I;111;1017.2162280082703;10;333.7618713378906;352.99615352577194;348.74820899963373;348.74820899963373;330.8982371687889;[  0  17  59  75  76  87 130 184 211 226 239];348.74820899963373;2555;2555
I;112;1027.515053987503;10;333.7618713378906;352.99615352577194;349.15669608116144;349.15669608116144;330.8982371687889;[  0   3  59  75  86  87 130 142 211 226 239];349.15669608116144;2555;2555
I;113;1037.7238020896912;10;333.7618713378906;352.99615352577194;347.66566848754877;347.66566848754877;330.8982371687889;[  0   3  59  75  87 130 142 184 211 226];347.66566848754877;2555;2555
I;114;1047.9141869544983;10;333.7618713378906;352.99615352577194;348.4098815917969;348.4098815917969;330.8982371687889;[  0   3  59  75  86  87 130 142 211 226];348.4098815917969;2555;2555
I;115;1058.130252122879;10;333.7618713378906;352.99615352577194;352.5227670073509;352.5227670073509;330.8982371687889;[  0   2   3  59  67  75  76  87 211 226];352.5227670073509;2555;2555
I;116;1141.1161777973175;10;333.7618713378906;352.99615352577194;352.2728793621063;352.2728793621063;334.863351136446;[  0  59  67  75  76  87 125 130 211 226];352.2728793621063;762;2936
I;117;1152.9752430915833;10;333.7618713378906;352.99615352577194;351.8961668014526;351.8961668014526;334.863351136446;[  0  44  59  67  75  76  87 125 211 226];351.8961668014526;2936;2936
I;118;1164.590614080429;10;333.7618713378906;352.99615352577194;350.03634643554693;350.03634643554693;334.863351136446;[  0  44  59  67  75  87 125 142 211 226];350.03634643554693;2936;2936
I;119;1176.2405498027802;10;333.7618713378906;352.8095738421452;347.32827663421637;347.32827663421637;334.863351136446;[  0   2  44  59  67  75  87 101 165 211 226];347.32827663421637;2936;2936
I;120;1188.3543968200684;10;333.7618713378906;352.8095738421452;349.095030784607;349.095030784607;334.863351136446;[  0   2  44  59  75  87 101 165 211 226];349.095030784607;2936;2936
I;121;1200.1818690299988;10;333.7618713378906;352.8095738421452;338.92792153358454;338.92792153358454;334.863351136446;[  0   2  44  59  75  76  87 101 165 211];338.92792153358454;2936;2936
I;122;1212.0466299057007;10;333.7618713378906;352.7298853323975;336.27698254585266;336.27698254585266;334.863351136446;[  0   3  17  59  67  75  87 125 165 211];336.27698254585266;2936;2936
I;123;1223.787803888321;10;333.7618713378906;352.7298853323975;335.17854690551763;335.17854690551763;334.863351136446;[  0  59  75  76  87 105 113 130 184 226 239];335.17854690551763;2936;2936
I;124;1235.4234580993652;10;333.7618713378906;352.7070095298342;348.88105773925787;348.88105773925787;334.863351136446;[  0  17  59  75  76  87 130 211 226 239];348.88105773925787;2936;2936
I;125;1247.2821700572968;10;333.7618713378906;352.7070095298342;337.6418099999428;337.6418099999428;334.863351136446;[  0   2  17  59  67  75  87 130 165 226];337.6418099999428;2936;2936
I;126;1259.445149898529;10;333.7618713378906;352.6839294433594;333.8243713378906;333.8243713378906;334.863351136446;[  0  17  43  59  67  75 101 130 147 211 226];333.8243713378906;2936;2936
I;127;1271.3542420864105;10;333.7618713378906;352.6839294433594;333.85091245174414;333.85091245174414;334.863351136446;[  0   3  17  43  59  67  75 101 130 211 226];333.85091245174414;2936;2936
I;128;1283.165552854538;10;333.7618713378906;352.6839294433594;340.96496582031256;340.96496582031256;334.863351136446;[  0   3  44  59  67  75  87 165 211 226];340.96496582031256;2936;2936
I;129;1295.1263139247894;10;333.7618713378906;352.5227670073509;344.716702401638;344.716702401638;334.863351136446;[  0   2  44  59  75  87 101 165 166 226];344.716702401638;2936;2936
I;130;1307.2415721416473;10;333.7618713378906;352.5227670073509;351.1010764241218;351.1010764241218;334.863351136446;[  0   3  59  67  75  76  87 211 226 239];351.1010764241218;2936;2936
I;131;1319.0036039352417;10;333.7618713378906;352.5227670073509;334.0;334.0;334.863351136446;[  0   3  44  59  67  75  76 211 226 239];334.0;2936;2936
I;132;1330.6183800697327;10;333.7618713378906;352.5227670073509;334.25;334.25;334.863351136446;[  0   3  59  67  75  76  86  87 211 239];334.25;2936;2936
I;133;1342.2904088497162;10;333.7618713378906;352.5227670073509;343.3904113769531;343.3904113769531;334.863351136446;[  0   2   3  59  67  75  76  87 143 211];343.3904113769531;2936;2936
I;134;1354.1304340362549;10;333.7618713378906;352.5227670073509;352.098937034607;352.098937034607;334.863351136446;[  0   2  44  59  67  75  76  87 211 226];352.098937034607;2936;2936
I;135;1366.0115089416504;10;333.7618713378906;352.51548576354975;337.3003354668617;337.3003354668617;334.863351136446;[  0   2  17  59  67  75  87 165 191 226];337.3003354668617;2936;2936
I;136;1378.2295308113098;10;333.7618713378906;352.51548576354975;352.51548576354975;352.51548576354975;334.863351136446;[  0   2   3  59  67  75  76  87 211 226];352.51548576354975;2936;2936
I;137;1472.9215428829193;10;333.7618713378906;352.51548576354975;349.37809205055237;349.37809205055237;343.2982579022646;[  0   2  44  59  67  75  76  87 165 226];349.37809205055237;754;3313
I;138;1486.4605159759521;10;333.7618713378906;352.51548576354975;350.85476469993586;350.85476469993586;343.2982579022646;[  0  59  67  75  76  87 130 211 226 239];350.85476469993586;3313;3313
I;139;1499.7884199619293;10;333.7618713378906;352.51548576354975;334.0;334.0;343.2982579022646;[  0  59  67  75  76 130 179 211 226 239];334.0;3313;3313
I;140;1512.9695239067078;10;333.7618713378906;352.51548576354975;334.25;334.25;343.2982579022646;[  0  44  59  67  75  76  87 130 211 239];334.25;3313;3313
I;141;1526.0899488925934;10;333.7618713378906;352.51548576354975;337.9535737633705;337.9535737633705;343.2982579022646;[  0  59  67  75  87 105 125 130 165 226];337.9535737633705;3313;3313
I;142;1539.6256518363953;10;333.7618713378906;352.51548576354975;338.64041137695307;338.64041137695307;343.2982579022646;[  0  44  59  67  75  87 125 130 165 226];338.64041137695307;3313;3313
I;143;1553.224247932434;10;333.7618713378906;352.51548576354975;352.4983751773834;352.4983751773834;343.2982579022646;[  0   2  17  59  67  75  76  87 130 211 226];352.4983751773834;3313;3313
I;144;1566.8128290176392;10;333.7618713378906;352.51548576354975;352.26597662270063;352.26597662270063;343.2982579022646;[  0  59  67  75  76  87 125 130 211 226];352.26597662270063;3313;3313
I;145;1580.3091938495636;10;333.7618713378906;352.51548576354975;351.3372497558595;351.3372497558595;343.2982579022646;[  0   3  59  67  75  76  87 130 211 226];351.3372497558595;3313;3313
I;146;1593.5278677940369;10;333.7618713378906;352.51548576354975;351.2257400751114;351.2257400751114;343.2982579022646;[  0   3  59  67  75  76  87 142 211 226 239];351.2257400751114;3313;3313
I;147;1606.6585190296173;10;333.7618713378906;352.51548576354975;348.7519073486328;348.7519073486328;343.2982579022646;[  0   3  59  75  87 142 143 211 226 239];348.7519073486328;3313;3313
I;148;1619.8655009269714;10;333.7618713378906;352.51548576354975;348.0514824390411;348.0514824390411;343.2982579022646;[  0   3  59  75  86  87 142 211 226 239];348.0514824390411;3313;3313
I;149;1633.133120059967;10;333.7618713378906;352.51548576354975;339.5278320312501;339.5278320312501;343.2982579022646;[  0   3  59  67  75  87 113 211 226 239];339.5278320312501;3313;3313
I;150;1646.7076349258423;10;333.7618713378906;352.51548576354975;352.326814353466;352.326814353466;343.2982579022646;[  0   3  59  67  75  76  87 125 211 226];352.326814353466;3313;3313
I;151;1660.072049856186;10;333.7618713378906;352.51548576354975;343.8796072006232;343.8796072006232;343.2982579022646;[  0  17  44  59  67  75  87 112 125 165 226];343.8796072006232;3313;3313
I;152;1673.5962100028992;10;333.7618713378906;352.51548576354975;346.44819879531855;346.44819879531855;343.2982579022646;[  0  17  59  67  75  87 112 125 165 226];346.44819879531855;3313;3313
I;153;1687.0590238571167;10;333.7618713378906;352.51548576354975;351.22574007511133;351.22574007511133;343.2982579022646;[  0   2   3  59  67  75  87 142 211 226];351.22574007511133;3313;3313
I;154;1700.4930140972137;10;333.7618713378906;352.51548576354975;348.8635330200196;348.8635330200196;343.2982579022646;[  0   2   3  59  67  75  87 142 165 226];348.8635330200196;3313;3313
I;155;1714.2044501304626;10;333.7618713378906;352.51548576354975;345.0740523338318;345.0740523338318;343.2982579022646;[  0   2   3  59  67  75  76  87 142 226];345.0740523338318;3313;3313
I;156;1727.5581901073456;10;333.7618713378906;352.51548576354975;348.8460407853126;348.8460407853126;343.2982579022646;[  0  59  67  75  76  87 165 211 226 239];348.8460407853126;3313;3313
I;157;1740.7727811336517;10;333.7618713378906;352.51112364605075;336.0892906188965;336.0892906188965;343.2982579022646;[  0  17  59  67  75  76  87 165 226 239];336.0892906188965;3313;3313
I;158;1754.09499502182;10;333.7618713378906;352.51112364605075;334.71409606933594;334.71409606933594;343.2982579022646;[  0  59  67  75  76  86  87 165 226 239];334.71409606933594;3313;3313
I;159;1767.4138629436493;10;333.7618713378906;352.51112364605075;352.51112364605075;352.51112364605075;343.2982579022646;[  0   2   3  59  67  75  76  87 211 226];352.51112364605075;3313;3313
I;160;1873.9978070259094;10;333.7618713378906;352.51112364605075;352.0786614418029;352.0786614418029;347.56184205040336;[  0   2  44  59  67  75  76  87 211 226];352.0786614418029;658;3642
I;161;1888.6838557720184;10;333.7618713378906;352.51112364605075;344.71670240163803;344.71670240163803;347.56184205040336;[  0  44  59  67  75  87 112 211 226 239];344.71670240163803;3642;3642
I;162;1903.323706150055;10;333.7618713378906;352.51112364605075;335.05029457807547;335.05029457807547;347.56184205040336;[  0  44  59  67  75  87 112 113 226 239];335.05029457807547;3642;3642
I;163;1917.7691440582275;10;333.7618713378906;352.51112364605075;351.36568756401533;351.36568756401533;347.56184205040336;[  0  59  67  75  87 125 130 142 211 226];351.36568756401533;3642;3642
I;164;1932.6071999073029;10;333.7618713378906;352.51112364605075;350.66566848754877;350.66566848754877;347.56184205040336;[  0   3  59  67  75  87 130 142 211 226];350.66566848754877;3642;3642
I;165;2046.5710577964783;10;333.7618713378906;352.51112364605075;351.223262026906;351.223262026906;333.71250677108765;[  0   3  59  67  75  87 125 142 211 226];351.223262026906;112;3698
I;166;2061.5141530036926;10;333.7618713378906;352.51112364605075;349.63651847839355;349.63651847839355;333.71250677108765;[  0  17  59  67  75  87 112 130 211 226];349.63651847839355;3698;3698
I;167;2076.5875358581543;10;333.7618713378906;352.51112364605075;342.709912121296;342.709912121296;333.71250677108765;[  0  59  67  75  87 105 112 130 211 226];342.709912121296;3698;3698
I;168;2091.621824026108;10;333.7618713378906;352.51112364605075;346.66919326782227;346.66919326782227;333.71250677108765;[  0  17  59  75  87 112 130 184 211 226];346.66919326782227;3698;3698
I;169;2106.741336107254;10;333.7618713378906;352.51112364605075;333.82437133789057;333.82437133789057;333.71250677108765;[  0  59  67  75  87 112 130 184 211 226];333.82437133789057;3698;3698
I;170;2121.6758468151093;10;333.7618713378906;352.51112364605075;352.4516263566911;352.4516263566911;333.71250677108765;[  0   2  59  67  75  76  87 130 211 226];352.4516263566911;3698;3698
I;171;2136.879760980606;10;333.7618713378906;352.51112364605075;351.87593126296986;351.87593126296986;333.71250677108765;[  0  44  59  67  75  76  87 125 211 226];351.87593126296986;3698;3698
I;172;2151.670116186142;10;333.7618713378906;352.51112364605075;347.6489410400391;347.6489410400391;333.71250677108765;[  0  17  59  67  75  87 101 125 211 226];347.6489410400391;3698;3698
I;173;2166.5840179920197;10;333.7618713378906;352.51112364605075;350.4209895133972;350.4209895133972;333.71250677108765;[  0  59  67  75  87 125 142 165 211 226];350.4209895133972;3698;3698
I;174;2181.4346029758453;10;333.7618713378906;352.51112364605075;347.3990851044654;347.3990851044654;333.71250677108765;[  0   2  59  67  75  87 125 142 165 226];347.3990851044654;3698;3698
I;175;2196.5207691192627;10;333.7618713378906;352.51112364605075;347.653742313385;347.653742313385;333.71250677108765;[  0   2  59  67  75  87 142 165 166 226];347.653742313385;3698;3698
I;176;2211.697678089142;10;333.7618713378906;352.51112364605075;352.31674830988044;352.31674830988044;333.71250677108765;[  0   3  59  67  75  76  87 125 211 226];352.31674830988044;3698;3698
I;177;2226.70733499527;10;333.7618713378906;352.51112364605075;350.1258792877196;350.1258792877196;333.71250677108765;[  0  43  44  59  67  75  76  87 135 211 226];350.1258792877196;3698;3698
I;178;2241.813973903656;10;333.7618713378906;352.51112364605075;349.3732328414917;349.3732328414917;333.71250677108765;[  0  17  59  67  75  76  86  87 125 211 226];349.3732328414917;3698;3698
I;179;2256.6542131900787;10;333.7618713378906;352.51112364605075;347.65362548828125;347.65362548828125;333.71250677108765;[  0  59  75  76  86  87 113 125 211 226];347.65362548828125;3698;3698
I;180;2271.513293981552;10;333.7618713378906;352.51112364605075;345.62085247039795;345.62085247039795;333.71250677108765;[  0  56  59  75  76  86  87 125 211 226];345.62085247039795;3698;3698
I;181;2286.373433113098;10;333.7618713378906;352.51112364605075;352.26254272088414;352.26254272088414;333.71250677108765;[  0  59  67  75  76  87 125 130 211 226];352.26254272088414;3698;3698
I;182;2301.533761024475;10;333.7618713378906;352.51112364605075;349.5569295883179;349.5569295883179;333.71250677108765;[  0   2  59  67  75  76  86  87 211 226];349.5569295883179;3698;3698
I;183;2316.508239030838;10;333.7618713378906;352.51112364605075;349.99883651733387;349.99883651733387;333.71250677108765;[  0   3  44  59  67  75  76  87 130 211 226];349.99883651733387;3698;3698
I;184;2331.4245088100433;10;333.7618713378906;352.51112364605075;333.9882278442383;333.9882278442383;333.71250677108765;[  0   3  17  59  67  75  76 130 211 226];333.9882278442383;3698;3698
I;185;2346.225734949112;10;333.7618713378906;352.51112364605075;338.9045715332031;338.9045715332031;333.71250677108765;[  0   3  59  67  75  87 105 130 211 226];338.9045715332031;3698;3698
I;186;2361.3553879261017;10;333.7618713378906;352.5061019212007;333.85091245174414;333.85091245174414;333.71250677108765;[  0   3  59  67  75  87 130 211 226 239];333.85091245174414;3698;3698
I;187;2376.562520980835;10;333.7618713378906;352.5061019212007;352.5061019212007;352.5061019212007;333.71250677108765;[  0   2   3  59  67  75  76  87 211 226];352.5061019212007;3698;3698
I;188;2391.746288061142;10;333.7618713378906;352.5061019212007;352.07739996910084;352.07739996910084;333.71250677108765;[  0   2  44  59  67  75  76  87 211 226];352.07739996910084;3698;3698
I;189;2507.4458549022675;10;333.7618713378906;352.5061019212007;351.1774384975433;351.1774384975433;351.3134229183197;[  0   2  59  67  75  87 130 142 211 226];351.1774384975433;0;3734
I;190;2522.852975130081;10;333.7618713378906;352.5061019212007;349.2092597261071;349.2092597261071;351.3134229183197;[  0   2  59  67  75  87 139 142 211 226];349.2092597261071;3734;3734
I;191;2538.10662817955;10;333.7618713378906;352.5061019212007;349.31216740608215;349.31216740608215;351.3134229183197;[  0   2  59  67  75  86  87 142 211 226];349.31216740608215;3734;3734
I;192;2553.3346240520477;10;333.7618713378906;352.5061019212007;344.3685183525086;344.3685183525086;351.3134229183197;[  0  44  59  67  75  87 101 113 125 211 226];344.3685183525086;3734;3734
I;193;2670.5607759952545;10;333.7618713378906;352.5061019212007;352.4338446930051;352.4338446930051;343.67693984508514;[  0   2  59  67  75  76  87 130 211 226];352.4338446930051;0;3796
I;194;2686.284821987152;10;333.7618713378906;352.5061019212007;351.87466216087336;351.87466216087336;343.67693984508514;[  0  44  59  67  75  76  87 125 211 226];351.87466216087336;3796;3796
I;195;2701.605477809906;10;333.7618713378906;352.5061019212007;351.1774384975433;351.1774384975433;343.67693984508514;[  0  59  67  75  87 125 130 142 211 226];351.1774384975433;3796;3796
I;196;2717.2331080436707;10;333.7618713378906;352.5061019212007;347.98927140235895;347.98927140235895;343.67693984508514;[  0  44  59  67  75  87 125 142 165 226];347.98927140235895;3796;3796
I;197;2732.725364923477;10;333.7618713378906;352.5061019212007;344.1404075622559;344.1404075622559;343.67693984508514;[  0  43  44  59  67  75  76  87 125 142 226];344.1404075622559;3796;3796
I;198;2747.9506680965424;10;333.7618713378906;352.5061019212007;350.8992081284523;350.8992081284523;343.67693984508514;[  0   3  59  67  75  76  87 211 226 239];350.8992081284523;3796;3796
I;199;2763.3522098064423;10;333.7618713378906;352.5061019212007;346.7288360595707;346.7288360595707;343.67693984508514;[  0  59  75  87 124 125 130 142 165 211 226];346.7288360595707;3796;3796
I;200;2778.839416027069;10;333.7618713378906;352.5061019212007;349.394609734416;349.394609734416;343.67693984508514;[  0  43  59  67  75  76  87 130 211 226];349.394609734416;3796;3796
I;201;2794.4047770500183;10;333.7618713378906;352.5061019212007;352.3115914799273;352.3115914799273;343.67693984508514;[  0   3  59  67  75  76  87 125 211 226];352.3115914799273;3796;3796
I;202;2809.9359090328217;10;333.7618713378906;352.5061019212007;347.647940158844;347.647940158844;343.67693984508514;[  0  17  59  67  75  87 112 125 211 226];347.647940158844;3796;3796
I;203;2825.2840571403503;10;333.7618713378906;352.5061019212007;339.50679874420183;339.50679874420183;343.67693984508514;[  0   2  44  59  67  75  87 112 143 211 226];339.50679874420183;3796;3796
I;204;2840.980041027069;10;333.7618713378906;352.5061019212007;352.24560752883554;352.24560752883554;343.67693984508514;[  0  59  67  75  76  87 125 130 211 226];352.24560752883554;3796;3796
I;205;2856.718267917633;10;333.7618713378906;352.5061019212007;350.9961197972297;350.9961197972297;343.67693984508514;[  0  59  67  75  87 130 142 211 226 239];350.9961197972297;3796;3796
I;206;2872.2111139297485;10;333.7618713378906;352.5061019212007;350.3283066749572;350.3283066749572;343.67693984508514;[  0   3  59  67  75  86  87 142 211 226];350.3283066749572;3796;3796
I;207;2887.5812678337097;10;333.7618713378906;352.5061019212007;349.64314270019526;349.64314270019526;343.67693984508514;[  0   3  59  67  75  76  87 142 211 226];349.64314270019526;3796;3796
I;208;2902.827184200287;10;333.7618713378906;352.5061019212007;351.22214577347034;351.22214577347034;343.67693984508514;[  0   2   3  59  67  75  87 142 211 226];351.22214577347034;3796;3796
I;209;3029.2517890930176;10;333.7618713378906;352.5061019212007;333.93272519111633;333.93272519111633;323.77335757762194;[  0   2   3  59  67  75  76 125 165 226];333.93272519111633;1828;4710
I;210;3048.166657924652;10;333.7618713378906;352.5061019212007;340.69226741790766;340.69226741790766;323.77335757762194;[  0   2   3  59  67  75  76  87 125 165];340.69226741790766;4710;4710
I;211;3067.4921469688416;10;333.7618713378906;352.5061019212007;335.082015991211;335.082015991211;323.77335757762194;[  0   2   3  59  67  75  76  87 165 217 239];335.082015991211;4710;4710
I;212;3086.800278902054;10;333.7618713378906;352.5061019212007;347.77145385742193;347.77145385742193;323.77335757762194;[  0   3  43  44  59  75  87 101 135 211 226];347.77145385742193;4710;4710
I;213;3105.9496009349823;10;333.7618713378906;352.5061019212007;335.4143371582031;335.4143371582031;323.77335757762194;[  0   3  43  44  59  75  87 184 211 226];335.4143371582031;4710;4710
I;214;3124.994533061981;10;333.7618713378906;352.5061019212007;348.2765258550555;348.2765258550555;323.77335757762194;[  0  59  75  87 130 135 142 165 211 226 239];348.2765258550555;4710;4710
I;215;3144.0319969654083;10;333.7618713378906;352.5061019212007;346.6889650821686;346.6889650821686;323.77335757762194;[  0  59  75  87 130 135 142 165 211 226];346.6889650821686;4710;4710
I;216;3162.8342719078064;10;333.7618713378906;352.5061019212007;346.50286948680883;346.50286948680883;323.77335757762194;[  0  59  75  87 130 133 142 165 211 226];346.50286948680883;4710;4710
I;217;3181.889760017395;10;333.7618713378906;352.5061019212007;349.8351780176163;349.8351780176163;323.77335757762194;[  0  59  75  87 125 130 135 142 165 211 226];349.8351780176163;4710;4710
I;218;3201.022600889206;10;333.7618713378906;352.5061019212007;346.1195685863495;346.1195685863495;323.77335757762194;[  0  59  75  87 125 130 142 165 179 226];346.1195685863495;4710;4710
I;219;3220.115674972534;10;333.7618713378906;352.5061019212007;352.31056639924645;352.31056639924645;323.77335757762194;[  0   3  59  67  75  76  87 125 211 226];352.31056639924645;4710;4710
I;220;3239.233941078186;10;333.7618713378906;352.5061019212007;350.11124861240387;350.11124861240387;323.77335757762194;[  0  59  67  75  76  87 125 142 211 226];350.11124861240387;4710;4710
I;221;3257.923371076584;10;333.7618713378906;352.5061019212007;350.49146652221674;350.49146652221674;323.77335757762194;[  0   2  59  67  75  76  87 142 211 226];350.49146652221674;4710;4710
I;222;3276.7191350460052;10;333.7618713378906;352.5061019212007;347.18696069717413;347.18696069717413;323.77335757762194;[  0   2  56  59  67  75  76  87 142 211 226];347.18696069717413;4710;4710
I;223;3295.4081411361694;10;333.7618713378906;352.5061019212007;351.16362595558167;351.16362595558167;323.77335757762194;[  0   2  59  67  75  87 130 142 211 226];351.16362595558167;4710;4710
I;224;3314.7289741039276;10;333.7618713378906;352.5061019212007;333.77697053551674;333.77697053551674;323.77335757762194;[  0   2   3  59  67  75  76 133 165 226];333.77697053551674;4710;4710
I;225;3333.8199570178986;10;333.7618713378906;352.5061019212007;352.24525133147836;352.24525133147836;323.77335757762194;[  0  59  67  75  76  87 125 130 211 226];352.24525133147836;4710;4710
I;226;3353.1797177791595;10;333.7618713378906;352.5061019212007;350.85623103380203;350.85623103380203;323.77335757762194;[  0   3  59  67  75  87 142 211 226 239];350.85623103380203;4710;4710
I;227;3372.0931358337402;10;333.7618713378906;352.5061019212007;351.1646788120269;351.1646788120269;323.77335757762194;[  0  59  67  75  87 125 130 142 211 226];351.1646788120269;4710;4710
I;228;3391.3742928504944;10;333.7618713378906;352.5061019212007;347.20896530151373;347.20896530151373;323.77335757762194;[  0  44  59  75  87 125 139 142 211 226];347.20896530151373;4710;4710
I;229;3410.3379321098328;10;333.7618713378906;352.5061019212007;348.6872818470001;348.6872818470001;323.77335757762194;[  0  43  44  59  75  87 125 142 211 226];348.6872818470001;4710;4710
I;230;3429.4797270298004;10;333.7618713378906;352.5061019212007;348.3605198860169;348.3605198860169;323.77335757762194;[  0  43  44  59  75  87 125 142 143 211 226];348.3605198860169;4710;4710
I;231;3448.436794757843;10;333.7618713378906;352.5061019212007;335.4143371582032;335.4143371582032;323.77335757762194;[  0   3  43  44  59  75  87 143 211 226];335.4143371582032;4710;4710
I;232;3467.6619489192963;10;333.7618713378906;352.50489218533045;352.50489218533045;352.50489218533045;323.77335757762194;[  0   2   3  59  67  75  76  87 211 226];352.50489218533045;4710;4710
I;233;3486.9840319156647;10;333.7618713378906;352.50489218533045;352.07575249671925;352.07575249671925;323.77335757762194;[  0   2  44  59  67  75  76  87 211 226];352.07575249671925;4710;4710
