I;1;0.01128077507019043;10;-1e+100;1e+100;138.0;138.0;None;[ 1  2  3  4  5  6  7  8  9 10];138.0;1;1
I;2;0.26402783393859863;10;-1e+100;1e+100;140.0;140.0;120.75;[0 1 2 3 4 5 6 7 8 9];140.0;2;5
I;3;0.30486583709716797;10;-1e+100;247.0;247.0;247.0;120.75;[  0  16  75  95 218 219 220 221 222 223];247.0;5;5
I;4;0.3524150848388672;10;-1e+100;217.0;217.00000000000009;217.00000000000009;120.75;[ 1  2  3  4  5 16 75 80 95 99];217.00000000000009;5;5
I;5;0.40683603286743164;10;-1e+100;217.0;174.0;174.0;120.75;[ 1  2  3  4  5 16 75 80 95 99];174.0;5;5
I;6;0.5839030742645264;10;-1e+100;217.0;173.994140625;173.994140625;163.125;[ 1  2  3  4  5 16 75 80 95 99];173.994140625;2;6
I;7;0.6914839744567871;10;-1e+100;217.0;173.95800781250003;173.95800781250003;168.525390625;[ 1  2  3  4  5 16 75 80 95 99];173.95800781250003;2;7
I;8;0.7976200580596924;10;173.95800781250003;217.0;206.0;206.0;173.876953125;[  0   1   3   4   5  16  75  80  99 215];206.0;0;7
I;9;0.9002540111541748;10;173.95800781250003;217.0;208.00000000000023;208.00000000000023;173.876953125;[  1   2   3   5  16  75  80  95  99 115];208.00000000000023;7;7
I;10;0.9857518672943115;10;173.95800781250003;217.0;188.15625000000003;188.15625000000003;173.876953125;[  1   2   3   5  16  75  80  95  99 115];188.15625000000003;7;7
I;11;1.2831978797912598;10;173.95800781250003;217.0;183.4033203125;183.4033203125;0.0;[  1   2   3   5  16  75  80  95  99 115];183.4033203125;14;14
I;12;1.7992899417877197;10;173.95800781250003;217.0;183.33984375;183.33984375;2.7158203125;[  1   2   3   5  16  75  80  95  99 115];183.33984375;24;26
I;13;2.619426727294922;10;173.95800781250003;217.0;183.31945800781253;183.31945800781253;44.864990234375;[  1   2   3   5  16  75  80  95  99 115];183.31945800781253;36;44
I;14;3.813732862472534;10;173.95800781250003;217.0;188.15625000000037;188.15625000000037;87.2364501953125;[  1   2   3  16  75  80  95  99 115 130];188.15625000000037;52;70
I;15;4.152620792388916;10;173.95800781250003;217.0;185.96044921875;185.96044921875;87.2364501953125;[  1   2   3  16  75  80  95  99 115 130];185.96044921875;70;70
I;16;6.298095941543579;10;173.95800781250003;217.0;185.7526550292969;185.7526550292969;109.1795654296875;[  1   2   3  16  75  80  95  99 115 130];185.7526550292969;68;104
I;17;8.520052909851074;10;173.95800781250003;217.0;185.7272186279297;185.7272186279297;123.19375610351562;[  1   2   3  16  75  80  95  99 115 130];185.7272186279297;96;152
I;18;11.577035665512085;10;173.95800781250003;217.0;185.69213485717773;185.69213485717773;138.21904754638672;[  1   2   3  16  75  80  95  99 115 130];185.69213485717773;130;217
I;19;15.674554824829102;10;173.95800781250003;217.0;203.68359375;203.68359375;156.0715103149414;[  1   2   3   4  16  75  80  95  99 115];203.68359375;164;299
I;20;16.840864658355713;10;173.95800781250003;217.0;189.8672332763672;189.8672332763672;156.0715103149414;[  1   2   3   4  16  75  80  95  99 115];189.8672332763672;299;299
I;21;25.280560970306396;10;173.95800781250003;217.0;189.84152984619138;189.84152984619138;102.4015884399414;[  1   2   3   4  16  75  80  95  99 115];189.84152984619138;178;388
I;22;30.86044692993164;10;173.95800781250003;217.0;189.83081245422363;189.83081245422363;138.45825576782227;[  1   2   3   4  16  75  80  95  99 115];189.83081245422363;222;499
I;23;37.64154076576233;10;173.95800781250003;217.0;189.82380294799805;189.82380294799805;162.11987495422363;[  1   2   3   4  16  75  80  95  99 115];189.82380294799805;242;620
I;24;45.01541996002197;10;173.95800781250003;217.0;214.05343627929756;214.05343627929756;173.8152256011963;[  1   3   4  16  75  80  95  99 115 130];214.05343627929756;246;743
I;25;47.86448073387146;10;173.95800781250003;217.0;217.00000000000006;217.00000000000006;173.8152256011963;[  1   3  16  80  95  99 112 130 213 222];217.00000000000006;743;743
I;26;50.829833984375;10;173.95800781250003;217.0;217.00000000000006;217.00000000000006;173.8152256011963;[  1   3   4  16  80  95  99 115 130 206];217.00000000000006;743;743
I;27;53.605793714523315;10;173.95800781250003;217.0;208.23945426940915;208.23945426940915;173.8152256011963;[  1   3   4  16  80  95  99 115 130 206];208.23945426940915;743;743
I;28;77.71741604804993;10;173.95800781250003;217.0;208.0952043533325;208.0952043533325;22.859901428222656;[  1   3   4  16  80  95  99 115 130 206];208.0952043533325;1376;1431
I;29;120.24506711959839;10;173.95800781250003;217.0;207.54217052459717;207.54217052459717;82.78074836730957;[  1   3   4  16  80  95  99 115 130 206];207.54217052459717;2036;2449
I;30;179.59175777435303;10;173.95800781250003;217.0;207.38963425159454;207.38963425159454;157.66959810256958;[  1   3   4  16  80  95  99 115 130 206];207.38963425159454;2048;3473
I;31;240.3355107307434;10;173.95800781250003;217.0;208.0;208.0;180.78976011276245;[  1   2   3   4  16  75  80  95  99 206];208.0;2170;4558
I;32;257.00552892684937;10;173.95800781250003;217.0;207.3188169002533;207.3188169002533;180.78976011276245;[  1   3   4  16  75  80  95  99 115 206];207.3188169002533;4558;4558
I;33;273.2534899711609;10;173.95800781250003;217.0;205.71888709068313;205.71888709068313;180.78976011276245;[  1   3   4  16  75  80  95  99 115 206];205.71888709068313;4558;4558
I;34;399.6468276977539;10;173.95800781250003;217.0;205.40722672641292;205.40722672641292;129.31036257743835;[  1   3   4  16  75  80  95  99 115 206];205.40722672641292;2910;6013
I;35;486.60908699035645;10;173.95800781250003;217.0;205.3667660132052;205.3667660132052;182.69178730249405;[  1   3   4  16  75  80  95  99 115 206];205.3667660132052;3046;7536
I;36;576.621218919754;10;173.95800781250003;217.0;217.0;217.0;196.26667184382677;[  1   2   3  16  54  80  95  99 130 215];217.0;2778;8925
I;37;609.0622427463531;10;173.95800781250003;217.0;217.0;217.0;196.26667184382677;[  1   3   4  16  75  80  95  99 112 123 130];217.0;8925;8925
I;38;642.2414219379425;10;173.95800781250003;217.0;217.0;217.0;196.26667184382677;[  1   3   4  16  54  75  80  95  99 112 130];217.0;8925;8925
I;39;675.1354939937592;10;173.95800781250003;217.0;212.747314453125;212.747314453125;196.26667184382677;[  1   3  16  43  75  80  95  99 112 130];212.747314453125;8925;8925
I;40;708.4774610996246;10;173.95800781250003;217.0;214.5964126586913;214.5964126586913;196.26667184382677;[  1  16  54  75  80  95  99 112 130 216];214.5964126586913;8925;8925
I;41;742.4749629497528;10;173.95800781250003;217.0;214.32743193209166;214.32743193209166;196.26667184382677;[  1   2  16  54  80  95  99 112 130 215];214.32743193209166;8925;8925
I;42;775.3421137332916;10;173.95800781250003;217.0;217.0;217.0;196.26667184382677;[  1  16  75  80  95  99 112 115 130 206];217.0;8925;8925
I;43;807.8263528347015;10;173.95800781250003;217.0;213.95800781250017;213.95800781250017;196.26667184382677;[  1   3  16  80  95  99 116 123 206 215 216];213.95800781250017;8925;8925
I;44;840.9581038951874;10;173.95800781250003;217.0;208.0;208.0;196.26667184382677;[  1   3  16  80  95  99 112 123 206 216];208.0;8925;8925
I;45;873.4905788898468;10;173.95800781250003;217.0;182.99999999999997;182.99999999999997;196.26667184382677;[  3  16  75  80  95  99 116 123 206 216];182.99999999999997;8925;8925
I;46;906.2585496902466;10;173.95800781250003;217.0;209.1803518608212;209.1803518608212;196.26667184382677;[  1   3   4  16  80  95  99 112 116 206 215];209.1803518608212;8925;8925
I;47;939.2886867523193;10;173.95800781250003;217.0;204.0;204.0;196.26667184382677;[  1   3   4  75  80  95  99 112 116 206];204.0;8925;8925
I;48;972.1435148715973;10;173.95800781250003;217.0;181.0;181.0;196.26667184382677;[  0   1   4  20  80  95  99 112 116 206];181.0;8925;8925
I;49;1249.3191418647766;10;181.0;217.0;204.0;204.0;181.0;[  1  16  54  75  80  99 112 130 136 216];204.0;0;8925
I;50;1283.267511844635;10;181.0;217.0;195.82151031494138;195.82151031494138;181.0;[  1  16  54  75  80  99 112 116 136 216];195.82151031494138;8925;8925
I;51;1316.6804287433624;10;181.0;217.0;211.30903960764397;211.30903960764397;181.0;[  1   3  16  80  95  99 112 123 130 216];211.30903960764397;8925;8925
I;52;1641.142292022705;10;181.0;217.0;202.7265625;202.7265625;48.63936884701252;[  0   1   3  75  80  95  99 112 123 130 216];202.7265625;11960;14905
I;53;1698.0465097427368;10;181.0;217.0;183.0;183.0;48.63936884701252;[  3   7  16  80  95  99 112 123 130 216];183.0;14905;14905
I;54;2233.1908979415894;10;181.0;217.0;204.72141504287717;204.72141504287717;78.68514735996723;[  1  16  54  75  80  95  99 112 130 216];204.72141504287717;16658;23234
I;55;2322.9234807491302;10;181.0;217.0;186.99999999999997;186.99999999999997;78.68514735996723;[  1  16  54  75  80  95  99 112 139 216];186.99999999999997;23234;23234
I;56;2409.136533021927;10;181.0;217.0;200.99999999999994;200.99999999999994;78.68514735996723;[  1  16  75  80  95  99 112 120 123 130 206];200.99999999999994;23234;23234
I;57;2499.203253030777;10;181.0;217.0;199.99999999999997;199.99999999999997;78.68514735996723;[  1  16  75  95  99 112 120 123 130 206];199.99999999999997;23234;23234
