I;1;0.004906177520751953;10;1000000.0;0;[0 1 2 3 4 5 6 7 8 9];1;1;0;0;0
I;2;0.018574237823486328;10;274.0;0;[  0   1   2   3   4  30  44  51  98 182];1;1;0;0;0
I;3;0.030958175659179688;10;256.0;0;[  0   4  30  44  51  98 138 148 182 203];1;1;0;0;0
I;4;0.045725107192993164;10;254.0;0;[  0   4  30  44  51 138 148 151 200 203];1;1;0;0;0
I;5;0.059626102447509766;10;248.0;0;[  0   4  30  44  51 136 138 148 151 209];1;1;0;0;0
I;6;0.07304024696350098;10;248.0;0;[  0   4  30  44  51 136 138 148 182 200];1;1;0;0;0
I;7;0.08746123313903809;10;245.0;0;[  0   4  44  51  98 136 138 148 151 182];1;1;0;0;0
I;8;0.1840991973876953;10;245.0;147.0;[  0   4  44  51  98 136 138 148 151 182];2;2;0;0;0.0009059906005859375
I;9;0.318619966506958;10;245.0;153.75;[  0   4  44  51  98 136 138 148 151 182];4;4;0;0;0.0026133060455322266
I;10;0.5909759998321533;10;238.0625;174.25;[  0   4  30  44  51  98 138 148 151 182];8;8;0;0;0.005854368209838867
I;11;0.6163363456726074;10;235.5625;174.25;[  0   4  30  44  51  98 138 148 151 182];8;8;0;0;0.005854368209838867
I;12;1.3878591060638428;10;234.6875;192.53125;[  0   4  30  44  51 136 138 148 151 182];16;16;0;0;0.012429237365722656
I;13;1.4285540580749512;10;231.4375;192.53125;[  0   4  30  44  51  98 138 148 151 182];16;16;0;0;0.012429237365722656
I;14;2.8509631156921387;10;228.6875;200.03125;[  0  30  44  51  98 138 148 149 151 182];30;31;0;0;0.024808883666992188
I;15;2.922819137573242;10;228.6875;200.03125;[  0   4  30  44  51 136 138 148 151 182];31;31;0;0;0.024808883666992188
I;16;2.9941070079803467;10;227.95703125;200.03125;[  0   4  30  44  51  98 138 148 151 182];31;31;0;0;0.024808883666992188
I;17;5.639851093292236;10;227.0;205.609375;[  0   4  30  44  51 136 148 151 182 203];54;58;0;0;0.04715991020202637
I;18;5.762372255325317;10;226.318359375;205.609375;[  0   4  30  44  51  98 138 148 151 182];58;58;0;0;0.04715991020202637
I;19;10.487662076950073;10;226.27734375;210.139164053856;[  0  30  44  51 136 138 148 149 151 182];92;104;46;24;0.180830717086792
I;20;10.715358972549438;10;226.08984375;210.139164053856;[  0   4  30  44  51 136 138 148 151 182];104;104;46;24;0.180830717086792
I;21;10.921379089355469;10;224.75878471280797;210.139164053856;[  0  30  44  51  98 138 148 149 151 182];104;104;46;24;0.180830717086792
I;22;11.129800081253052;10;224.2634275334315;210.139164053856;[  0   4  30  44  51  98 138 148 151 182];104;104;46;24;0.180830717086792
I;23;19.280933141708374;10;223.48354807337634;213.53710794776055;[  0   4  30  44  51 136 138 148 151 182];154;181;123;55;0.39691734313964844
I;24;19.633958101272583;10;223.4218750000005;213.53710794776055;[  0   4  30  44  51 136 138 148 149 151];181;181;123;55;0.39691734313964844
I;25;20.01534390449524;10;223.2309182467448;213.53710794776055;[  0   4  30  44  51  98 138 148 151 182];181;181;123;55;0.39691734313964844
I;26;33.73410105705261;10;222.89712550120257;215.65362267604354;[  0   4  30  43  44  51 136 138 148 151];254;308;250;110;0.7643849849700928
I;27;34.31339502334595;10;222.88881272079763;215.65362267604354;[  0   4  30  44  51 136 148 151 200 203];308;308;250;110;0.7643849849700928
I;28;34.93010687828064;10;222.69690722654283;215.65362267604354;[  0   4  30  44  51  98 138 148 151 182];308;308;250;110;0.7643849849700928
I;29;57.09923219680786;10;222.60577924000512;217.3188890521734;[  0   4  30  44  51 136 138 148 151 182];406;511;453;187;1.355452299118042
I;30;58.0813262462616;10;222.55556613295317;217.3188890521734;[  0  30  44  51 136 138 148 149 151 182];511;511;453;187;1.355452299118042
I;31;59.04644417762756;10;222.47515804203718;217.3188890521734;[  0   4  30  44  51  98 138 148 151 182];511;511;453;187;1.355452299118042
I;32;95.63595390319824;10;222.38447208519906;218.5691120049519;[  0  30  44  51  98 138 148 149 151 182];644;833;775;332;2.3016297817230225
I;33;97.25410795211792;10;222.26469268005368;218.5691120049519;[  0   4  30  44  51  98 138 148 151 182];833;833;775;332;2.3016297817230225
I;34;153.5187680721283;10;222.12856672713784;219.49009470958612;[  0   4  30  44  51  98 138 148 151 182];988;1327;1269;542;3.6949214935302734
C;34;231.11185598373413;10;222.12856672713784;220.17860821028518;[  0   4  30  44  51  98 138 148 151 182];0;2075;2017;876;6.0131072998046875
I;1;0.00590205192565918;10;1000000.0;0;[0 1 2 3 4 5 6 7 8 9];1;1;0;0;0
I;2;0.021563053131103516;10;274.0;0;[  0   1   2   3   4  30  44  51  98 182];1;1;0;0;0
I;3;0.03307795524597168;10;256.0;0;[  0   4  30  44  51  98 138 148 182 203];1;1;0;0;0
I;4;0.04840803146362305;10;254.0;0;[  0   4  30  44  51 138 148 151 200 203];1;1;0;0;0
I;5;0.06261181831359863;10;248.0;0;[  0   4  30  44  51 136 138 148 151 209];1;1;0;0;0
I;6;0.07657504081726074;10;248.0;0;[  0   4  30  44  51 136 138 148 182 200];1;1;0;0;0
I;7;0.09088397026062012;10;245.0;0;[  0   4  44  51  98 136 138 148 151 182];1;1;0;0;0
I;8;0.1848909854888916;10;245.0;147.0;[  0   4  44  51  98 136 138 148 151 182];2;2;0;0;0.001300811767578125
I;9;0.31450891494750977;10;245.0;153.75;[  0   4  44  51  98 136 138 148 151 182];4;4;0;0;0.0030128955841064453
I;10;0.578887939453125;10;238.0625;174.25;[  0   4  30  44  51  98 138 148 151 182];8;8;0;0;0.006310939788818359
I;11;0.6057889461517334;10;235.5625;174.25;[  0   4  30  44  51  98 138 148 151 182];8;8;0;0;0.006310939788818359
I;12;1.3480749130249023;10;234.6875;192.53125;[  0   4  30  44  51 136 138 148 151 182];16;16;0;0;0.013142824172973633
I;13;1.3892478942871094;10;231.4375;192.53125;[  0   4  30  44  51  98 138 148 151 182];16;16;0;0;0.013142824172973633
I;14;2.7614519596099854;10;228.6875;200.03125;[  0  30  44  51  98 138 148 149 151 182];30;31;0;0;0.025923967361450195
I;15;2.834035873413086;10;228.6875;200.03125;[  0   4  30  44  51 136 138 148 151 182];31;31;0;0;0.025923967361450195
I;16;2.9064669609069824;10;227.95703125;200.03125;[  0   4  30  44  51  98 138 148 151 182];31;31;0;0;0.025923967361450195
I;17;5.462470054626465;10;227.0;205.609375;[  0   4  30  44  51 136 148 151 182 203];54;58;0;0;0.0484006404876709
I;18;5.586693048477173;10;226.318359375;205.609375;[  0   4  30  44  51  98 138 148 151 182];58;58;0;0;0.0484006404876709
I;19;10.040262937545776;10;226.27734375;210.2147359913793;[  0  30  44  51 136 138 148 149 151 182];92;104;1;1;0.08874249458312988
I;20;10.272464036941528;10;226.08984375;210.2147359913793;[  0   4  30  44  51 136 138 148 151 182];104;104;1;1;0.08874249458312988
I;21;10.48232913017273;10;224.85215517241429;210.2147359913793;[  0  30  44  51  98 138 148 149 151 182];104;104;1;1;0.08874249458312988
I;22;10.695987939834595;10;224.67580818965516;210.2147359913793;[  0   4  30  44  51  98 138 148 151 182];104;104;1;1;0.08874249458312988
I;23;18.29420495033264;10;223.83010506465516;213.70314183728448;[  0   4  30  44  51 136 138 148 151 182];152;180;1;1;0.15257596969604492
I;24;18.645278930664062;10;223.55324959590516;213.70314183728448;[  0   4  30  44  51  98 138 148 151 182];180;180;1;1;0.15257596969604492
I;25;31.321156978607178;10;223.421875;216.3620940442094;[  0   4  30  44  51 136 138 148 149 151];250;305;2;2;0.2593834400177002
I;26;31.935907125473022;10;222.88845467403038;216.3620940442094;[  0   4  30  44  51 136 138 148 151 182];305;305;2;2;0.2593834400177002
I;27;32.55326509475708;10;222.87464539792705;216.3620940442094;[  0   4  30  44  51  98 138 148 151 182];305;305;2;2;0.2593834400177002
I;28;53.132559061050415;10;222.67246767241377;218.19301961632257;[  0  30  44  51 136 138 148 149 151 182];398;504;2;2;0.4258713722229004
I;29;54.11710596084595;10;222.65132677801788;218.19301961632257;[  0   4  30  44  51 138 148 149 151 182];504;504;2;2;0.4258713722229004
I;30;55.12223196029663;10;222.55181404016844;218.19301961632257;[  0   4  30  44  51  98 138 148 151 182];504;504;2;2;0.4258713722229004
I;31;87.91518783569336;10;222.3646277398249;219.39770880005113;[  0   4  30  44  51  98 138 148 151 182];622;815;2;2;0.6831061840057373
I;32;93.2555890083313;10;222.32394059972182;219.5495071272669;[  0   4  30  44  51  98 138 148 151 182];875;878;2;2;0.734020471572876
I;33;99.3794059753418;10;222.29613855157697;219.70061802526575;[  0   4  30  44  51  98 138 148 151 182];942;945;2;2;0.7883713245391846
I;34;105.07836198806763;10;222.2729896531563;219.8050415482149;[  0   4  30  44  51  98 138 148 151 182];995;1003;2;2;0.8355259895324707
I;35;110.04768300056458;10;222.25758816810782;219.8731128214924;[  0   4  30  44  51  98 138 148 151 182];1040;1048;2;2;0.8717992305755615
I;36;114.28892421722412;10;222.24401166053946;219.91704668990062;[  0   4  30  44  51  98 138 148 151 182];1071;1079;2;2;0.8971045017242432
I;37;118.0262131690979;10;222.23632123085196;219.9506846903889;[  0   4  30  44  51  98 138 148 151 182];1093;1101;2;2;0.9147772789001465
I;38;121.2844820022583;10;222.23204337672172;219.96882778520808;[  0   4  30  44  51  98 138 148 151 182];1107;1115;2;2;0.9260001182556152
I;39;124.3060519695282;10;222.22621070460258;219.97952038164362;[  0   4  30  44  51  98 138 148 151 182];1115;1124;2;2;0.9333488941192627
I;40;127.12626600265503;10;222.22409736231742;219.98555523271784;[  0   4  30  44  51  98 138 148 151 182];1121;1130;2;2;0.9381411075592041
I;41;129.8320848941803;10;222.22228156641899;219.9915519368194;[  0   4  30  44  51  98 138 148 151 182];1125;1134;2;2;0.9413912296295166
I;42;132.44714379310608;10;222.22228156641899;219.9939933430694;[  0   4  30  44  51  98 138 148 151 182];1127;1136;2;2;0.9429864883422852
I;43;135.06903290748596;10;222.22161017970024;219.9953361165069;[  0   4  30  44  51  98 138 148 151 182];1129;1138;2;2;0.9445865154266357
I;44;137.63341307640076;10;222.22161017970024;219.9966788899444;[  0   4  30  44  51  98 138 148 151 182];1130;1139;2;2;0.9453816413879395
I;45;140.16151118278503;10;222.22161017970024;219.99812847490534;[  0   4  30  44  51  98 138 148 151 182];1131;1140;2;2;0.9461784362792969
C;45;142.69097805023193;10;222.22161017970024;219.99955898637995;[  0   4  30  44  51  98 138 148 151 182];0;1141;2;2;0.9469804763793945
