1;0.393477201461792;10;260.0;0;[  0   1   2  55 105 130 182 211 250 375];1;1
2;0.8099699020385742;10;260.0;0.0;[  0  55 103 105 130 182 211 250 328 375];1;1
3;1.2411980628967285;10;258.0;0.0;[  0   5  55 103 130 182 211 250 328 375];1;1
4;1.6742420196533203;10;254.0;0.0;[  0   5  55 103 104 182 211 250 328 375];1;1
5;2.1043860912323;10;254.0;0.0;[  0  55 103 104 182 211 250 328 345 375];1;1
6;2.5279600620269775;10;249.0;0.0;[  0   5  55 103 104 182 211 222 328 375];1;1
7;3.0854530334472656;10;249.0;0.0;[  0   5  55 103 104 182 211 222 328 375];2;2
8;3.7873101234436035;10;244.375;0.0;[  0   5  55 103 104 130 182 222 328 375];4;4
9;4.786982774734497;10;240.0625;0.0;[  0   5  55 103 104 182 222 233 328 375];8;8
10;6.334475994110107;10;236.875;30.25;[  0   5  55 101 103 182 222 250 328 375];14;15
11;6.947284936904907;10;236.0;30.25;[  0   5  55 103 104 182 222 233 328 375];15;15
12;9.495348930358887;10;234.53515625;60.5;[  0   5  55 103 104 182 222 233 328 375];24;27
13;13.569379091262817;10;233.611328125;89.94921875;[  0   5  55 103 104 182 222 233 328 375];40;47
14;19.968008995056152;10;233.224365234375;118.55859375;[  0   5  55 103 104 182 222 233 328 375];64;79
15;29.723721981048584;10;232.9522705078125;146.6708984375;[  0   5  55  91 104 182 222 233 328 375];96;127
16;31.20174479484558;10;232.9522705078125;146.6708984375;[  0   5  55 103 104 182 222 233 328 375];127;127
17;46.362128019332886;10;232.7783203125;167.774169921875;[  0   5  55 103 104 182 222 233 328 375];144;199
18;68.78711915016174;10;232.67739868164062;184.6917724609375;[  0   5  55  91 103 104 182 222 233 375];210;304
19;72.26492094993591;10;232.67739868164062;184.6917724609375;[  0   5  55 103 104 182 222 233 328 375];304;304
20;106.48499989509583;10;232.60767364501953;197.85470581054688;[  0   5  55 103 104 182 222 233 328 375];300;454
21;155.4224259853363;10;232.56842422485352;208.04063415527344;[  0   5  55 103 104 182 222 250 328 375];416;662
22;159.29276990890503;10;232.56542587280273;208.04063415527344;[  0   5  55 103 104 182 222 233 328 375];662;662
23;229.7670030593872;10;232.5415267944336;215.53589248657227;[  0   5  55 103 104 182 222 233 328 375];564;944
24;328.9091057777405;10;232.52855396270752;220.74875259399414;[  0   5  55 103 104 182 222 233 328 375];756;1322
25;463.9034888744354;10;232.5211684703827;224.3895206451416;[  0   5  55 103 104 182 222 233 328 375];990;1817
26;652.3958258628845;10;232.51695585250854;226.84815454483032;[  0   5  55 103 104 182 222 233 328 375];1272;2453
27;903.4159591197968;10;232.51455104351044;228.50687456130981;[  0   5  55 103 104 182 222 233 328 375];1586;3246
28;1226.6020040512085;10;232.51311060786247;229.6413556933403;[  0   5  55 103 104 182 222 233 328 375];1856;4174
28;1571.182853937149;10;232.51311060786247;230.39798706769943;[  0   5  55 103 104 182 222 233 328 375];0;5148
