1;0.40801477432250977;10;348.0;0;[  0   1   2   3   4  36 154 160 175 185];1;1
2;0.8226597309112549;10;293.0;0.0;[  2  36  50  53  60  84 154 160 175 185];1;1
3;1.2550897598266602;10;293.0;0.0;[  0   2  36  50  53  60  84 110 154 185];1;1
4;1.6774818897247314;10;286.0;0.0;[  0   2  36  50  60  84 110 154 160 175];1;1
5;2.0970969200134277;10;285.0;0.0;[  0   2  36  50  60  80  84 110 154 160];1;1
6;2.522655963897705;10;278.0;0.0;[  2  50  60  80  84 110 154 160 175 185];1;1
7;2.9581539630889893;10;278.0;0.0;[  2  36  50  60  80  84 110 154 160 185];1;1
8;3.385485887527466;10;278.0;0.0;[  2  36  50  60  80  84  88 110 154 185];1;1
9;4.1853697299957275;10;275.4375;0.0;[ 36  50  60  80  84  86  88 110 154 185];4;4
10;6.128276824951172;10;271.4140625;0.0;[ 36  50  60  80  84  86  88 110 154 185];16;16
11;8.602786779403687;10;270.859375;0.0;[  2  36  50  60  80  86 110 154 160 185];32;32
12;9.092712879180908;10;270.81640625;0.0;[  2  36  50  60  80  86 110 154 160 185];32;32
13;13.654193878173828;10;270.521484375;0.0;[  2  36  50  60  80  86 110 154 160 185];64;64
14;21.97553777694702;10;269.9794921875;21.171875;[  2  36  50  60  80  86 110 154 160 185];118;123
15;35.49310779571533;10;269.421630859375;77.5947265625;[  2  36  50  60  80  86 110 154 160 185];182;214
16;55.166942834854126;10;269.1324462890625;138.2587890625;[  2  36  50  60  80  86 110 154 160 185];248;338
17;82.27674865722656;10;269.01214599609375;186.95458984375;[  2  36  50  60  80  86 110 154 160 185];310;493
18;118.10364294052124;10;268.9579086303711;219.22207641601562;[  2  36  50  60  80  86 110 154 160 185];374;680
19;163.58379077911377;10;268.93142890930176;239.3914031982422;[  2  36  50  60  80  86 110 154 160 185];440;900
20;221.80021977424622;10;268.9171886444092;251.37947273254395;[  2  36  50  60  80  86 110 154 160 185];514;1157
21;293.99008893966675;10;268.9091839790344;258.6195125579834;[  2  36  50  60  80  86 110 154 160 185];586;1450
22;381.6996078491211;10;268.9045560359955;262.92424964904785;[  2  36  50  60  80  86 110 154 160 185];646;1773
23;485.24274373054504;10;268.90235555171967;265.4318072795868;[  2  36  50  60  80  86 110 154 160 185];678;2112
23;590.9477279186249;10;268.90235555171967;266.6974892616272;[  2  36  50  60  80  86 110 154 160 185];0;2480
I;1;0.40560317039489746;10;348.0;0;[  0   1   2   3   4  36 154 160 175 185];1;1
I;2;0.8323719501495361;10;293.0;0.0;[  2  36  50  53  60  84 154 160 175 185];1;1
I;3;1.260551929473877;10;293.0;0.0;[  0   2  36  50  53  60  84 110 154 185];1;1
I;4;1.6917309761047363;10;286.0;0.0;[  0   2  36  50  60  84 110 154 160 175];1;1
I;5;2.1148390769958496;10;285.0;0.0;[  0   2  36  50  60  80  84 110 154 160];1;1
I;6;2.5514261722564697;10;278.0;0.0;[  2  50  60  80  84 110 154 160 175 185];1;1
I;7;2.9867770671844482;10;278.0;0.0;[  2  36  50  60  80  84 110 154 160 185];1;1
I;8;3.420285940170288;10;278.0;0.0;[  2  36  50  60  80  84  88 110 154 185];1;1
I;9;4.237717151641846;10;275.4375;0.0;[ 36  50  60  80  84  86  88 110 154 185];4;4
I;10;6.229007959365845;10;271.4140625;0.0;[ 36  50  60  80  84  86  88 110 154 185];16;16
I;11;8.796657085418701;10;270.859375;0.0;[  2  36  50  60  80  86 110 154 160 185];32;32
I;12;9.310364007949829;10;270.81640625;0.0;[  2  36  50  60  80  86 110 154 160 185];32;32
I;13;13.566615104675293;10;270.521484375;41.953125;[  2  36  50  60  80  86 110 154 160 185];54;59
I;14;20.463587045669556;10;269.9794921875;88.1015625;[  2  36  50  60  80  86 110 154 160 185];86;102
I;15;30.786587953567505;10;269.441162109375;140.11376953125;[  2  36  50  60  80  86 110 154 160 185];122;163
I;16;44.72562313079834;10;269.1734619140625;187.986083984375;[  2  36  50  60  80  86 110 154 160 185];152;239
I;17;63.11336398124695;10;269.0720977783203;219.687255859375;[  2  36  50  60  80  86 110 154 160 185];182;330
I;18;86.55328607559204;10;269.0309753417969;240.22286987304688;[  2  36  50  60  80  86 110 154 160 185];206;433
I;19;114.26452207565308;10;269.012882232666;252.18377685546875;[  2  36  50  60  80  86 110 154 160 185];228;547
I;20;147.67980408668518;10;269.0041332244873;258.756046295166;[  2  36  50  60  80  86 110 154 160 185];254;674
I;21;187.49354100227356;10;268.9994173049927;262.3938961029053;[  2  36  50  60  80  86 110 154 160 185];284;816
I;22;234.37301898002625;10;268.9968409538269;264.40812397003174;[  2  36  50  60  80  86 110 154 160 185];320;976
I;23;288.02598094940186;10;268.9955406188965;265.63118743896484;[  2  36  50  60  80  86 110 154 160 185];338;1145
I;24;353.8593740463257;10;268.99490600824356;266.2828722000122;[  2  36  50  60  80  86 110 154 160 185];354;1322
C;24;416.3561038970947;10;268.99490600824356;266.62331902980804;[  2  36  50  60  80  86 110 154 160 185];0;1508
I;1;0.38873887062072754;10;348.0;0;[  0   1   2   3   4  36 154 160 175 185];1;1
I;2;0.7992701530456543;10;293.0;0;[  2  36  50  53  60  84 154 160 175 185];1;1
I;3;1.2180969715118408;10;293.0;0;[  0   2  36  50  53  60  84 110 154 185];1;1
I;4;1.6382927894592285;10;286.0;0;[  0   2  36  50  60  84 110 154 160 175];1;1
I;5;2.0573179721832275;10;285.0;0;[  0   2  36  50  60  80  84 110 154 160];1;1
I;6;2.479273796081543;10;278.0;0;[  2  50  60  80  84 110 154 160 175 185];1;1
I;7;2.9014968872070312;10;278.0;0;[  2  36  50  60  80  84 110 154 160 185];1;1
I;8;3.320528030395508;10;278.0;0;[  2  36  50  60  80  84  88 110 154 185];1;1
I;9;4.272949934005737;10;275.4375;247.5;[ 36  50  60  80  84  86  88 110 154 185];4;4
I;10;6.863796949386597;10;271.4140625;254.8125;[ 36  50  60  80  84  86  88 110 154 185];16;16
I;11;9.770707130432129;10;270.859375;257.76953125;[  2  36  50  60  80  86 110 154 160 185];32;32
I;12;10.267745018005371;10;270.81640625;257.76953125;[  2  36  50  60  80  86 110 154 160 185];32;32
I;13;15.819788932800293;10;270.521484375;262.625;[  2  36  50  60  80  86 110 154 160 185];54;59
I;14;23.2368381023407;10;269.9794921875;264.85107421875;[  2  36  50  60  80  86 110 154 160 185];86;102
I;15;33.84817981719971;10;269.441162109375;266.013671875;[  2  36  50  60  80  86 110 154 160 185];122;163
I;16;47.26619505882263;10;269.1734619140625;266.54229736328125;[  2  36  50  60  80  86 110 154 160 185];152;239
C;16;62.484395027160645;10;269.1734619140625;266.7704162597656;[  2  36  50  60  80  86 110 154 160 185];0;330
