1;0.4007589817047119;10;291.0;0;[  0   1   2   3   4  14  22  61  71 232];1;1
2;0.8423762321472168;10;291.0;0.0;[  0   1   2   3   4  14  22  61  71 232];2;2
3;1.3587779998779297;10;291.0;0.0;[  0  14  22  61  71  77  79 117 220 232];4;4
4;1.7758901119232178;10;291.0;0.0;[  0   3  14  22  61  71 117 203 220 232];4;4
5;2.3851430416107178;10;289.3125;0.0;[  0   3  14  15  22  61  71 117 220 232];8;8
6;3.202697992324829;10;284.4921875;0.0;[  0   3  14  15  22  61  71 117 220 232];16;16
7;4.4380998611450195;10;281.416015625;18.15625;[  0   3  14  15  18  61  71 117 220 232];30;31
8;6.386105060577393;10;279.146484375;53.1484375;[  0   3  14  15  18  61  71 117 220 232];52;57
9;9.501228094100952;10;278.28955078125;100.9453125;[  0   3  14  15  18  61  71 117 220 232];82;98
10;14.37342619895935;10;277.7816162109375;150.6103515625;[  0   3  14  15  18  61  71 117 220 232];118;157
11;21.486534118652344;10;277.5223388671875;193.59765625;[  0   3  14  15  18  61  71 117 220 232];156;235
12;31.414600133895874;10;277.3832321166992;226.75872802734375;[  0   3  14  15  18  61  71 117 220 232];188;329
13;44.302300214767456;10;277.32028579711914;249.4678955078125;[  0   3  14  15  18  61  71 117 220 232];206;432
14;60.34358501434326;10;277.29216384887695;262.51185607910156;[  0   3  14  15  18  61  71 117 220 232];218;541
15;79.63088822364807;10;277.2783660888672;269.4533004760742;[  0   3  14  15  18  61  71 117 220 232];230;656
16;102.10887002944946;10;277.27241563796997;273.3429317474365;[  0   3  14  15  18  61  71 117 220 232];228;770
17;127.47111487388611;10;277.26975882053375;275.35325622558594;[  0   3  14  15  18  61  71 117 220 232];214;877
18;155.433739900589;10;277.2685275673866;276.31624615192413;[  0   3  14  15  18  61  71 117 220 232];196;975
19;185.43906617164612;10;277.26806458830833;276.77794057130814;[  0   3  14  15  18  61  71 117 220 232];170;1060
20;217.07887816429138;10;277.2678631171584;276.9834857285023;[  0   3  14  15  18  61  71 117 220 232];142;1131
21;249.920147895813;10;277.2677763104439;277.0726271420717;[  0   3  14  15  18  61  71 117 220 232];114;1188
22;283.682785987854;10;277.2677477542311;277.10994239896536;[  0   3  14  15  18  61  71 117 220 232];86;1231
23;317.69349694252014;10;277.2677376270294;277.1255377251655;[  0   3  14  15  18  61  71 117 220 232];54;1258
24;351.9691300392151;10;277.26773396879435;277.1304572056979;[  0   3  14  15  18  61  71 117 220 232];34;1275
25;386.51677799224854;10;277.26773269753903;277.13188355602324;[  0   3  14  15  18  61  71 117 220 232];26;1288
26;421.18606090545654;10;277.2677322868258;277.13249474857;[  0   3  14  15  18  61  71 117 220 232];16;1296
27;455.74832916259766;10;277.2677321616793;277.13268122356385;[  0   3  14  15  18  61  71 117 220 232];10;1301
28;490.4102609157562;10;277.2677321373485;277.13274917774834;[  0   3  14  15  18  61  71 117 220 232];4;1303
29;524.9832091331482;10;277.26773213321576;277.13276196457446;[  0   3  14  15  18  61  71 117 220 232];2;1304
29;558.9777362346649;10;277.26773213321576;277.1327662286931;[  0   3  14  15  18  61  71 117 220 232];0;1304
