1;0.38414788246154785;10;341.0;0;[ 0  1  2  3  4  5  6 70 81 96];1;1
2;0.7910299301147461;10;341.0;0.0;[  0   1   2   3   4  70  72  81  96 111];1;1
3;1.208615779876709;10;341.0;0.0;[  0   1   2   3   4  70  72  81  96 111];2;2
4;1.667104959487915;10;341.0;0.0;[  0   1   2   3   4  70  72  81  96 111];4;4
5;2.1612589359283447;10;341.0;167.25;[  0   1   2   3   4  70  72  81  96 111];4;6
6;2.6877529621124268;10;341.0;208.25;[  0   1   2   3   4  70  72  81  96 111];6;9
7;3.261323928833008;10;341.0;274.15625;[  0   1  32  64  68  70  72  81  96 111];6;12
8;3.8964178562164307;10;341.0;296.140625;[  0   1  32  64  68  70  72  81  96 111];8;16
9;4.586267709732056;10;341.0;318.46875;[  0   1  32  64  68  70  72  81  96 111];8;20
10;5.336605787277222;10;341.0;329.69921875;[  0   1  32  64  68  70  72  81  96 111];8;24
11;6.145766735076904;10;341.0;335.3212890625;[  1  68  70  72  81  94  96 107 109 111];8;28
11;6.554780960083008;10;341.0;341.0;[  1  68  70  72  81  94  96 107 109 111];0;28
