I;1;0.004985809326171875;10;1000000.0;0;[0 1 2 3 4 5 6 7 8 9];1;1;0;0;0
I;2;0.017271041870117188;10;377.0;0;[  0   1   2   3   4   6 150 183 192 202];1;1;0;0;0
I;3;0.02831101417541504;10;359.0;0;[  0   2   6  54  81 101 150 183 192 202];1;1;0;0;0
I;4;0.040971994400024414;10;359.0;0;[  2   6  48  54  81 101 150 183 192 202];1;1;0;0;0
I;5;0.05203890800476074;10;359.0;0;[  2   6  54  81 101 105 120 183 202 230];1;1;0;0;0
I;6;0.06278610229492188;10;359.0;0;[  2   6  48  54  57  81 101 183 202 230];1;1;0;0;0
I;7;0.07459497451782227;10;359.0;0;[  2   6  48  54  81 101 120 183 192 202];1;1;0;0;0
I;8;0.17408084869384766;10;357.75;289.25;[  2   6  48  54  57  81 101 155 183 202];2;2;0;0;0.0009641647338867188
I;9;0.18890070915222168;10;357.0;289.25;[  2   6  48  54  56  81 101 155 183 202];2;2;0;0;0.0009641647338867188
I;10;0.20410490036010742;10;349.25;289.25;[  2   6  48  54  56  57 101 155 183 202];2;2;0;0;0.0009641647338867188
I;11;0.21934795379638672;10;341.25;289.25;[  2   6  29  48  54  56  81 101 183 202];2;2;0;0;0.0009641647338867188
I;12;0.23453474044799805;10;341.25;289.25;[  2   6  54  56  81 101 105 155 183 202];2;2;0;0;0.0009641647338867188
I;13;0.4189028739929199;10;338.25;302.875;[  1   2   6  54  57  81 101 183 192 202];4;4;0;0;0.002732992172241211
I;14;0.443511962890625;10;338.25;302.875;[  2   6  33  54  55  81 101 183 192 202];4;4;0;0;0.002732992172241211
I;15;0.4669480323791504;10;338.25;302.875;[  2   6  48  54  55  81 101 183 192 202];4;4;0;0;0.002732992172241211
I;16;0.49146294593811035;10;338.0;302.875;[  2   6  54  81 101 150 155 183 192 202];4;4;0;0;0.002732992172241211
I;17;0.5204708576202393;10;338.0;302.875;[  2   6  54  55  81 101 113 171 183 202];4;4;0;0;0.002732992172241211
I;18;0.5463309288024902;10;337.75;302.875;[  2   6  33  54  57 101 116 166 183 202];4;4;0;0;0.002732992172241211
I;19;0.5717198848724365;10;337.25;302.875;[  2   6  48  54  55  81 101 183 192 202];4;4;0;0;0.002732992172241211
I;20;0.9522790908813477;10;336.75;312.25;[  2   6  33  54  55  81 101 113 183 202];8;8;0;0;0.006129264831542969
I;21;0.9852418899536133;10;336.75;312.25;[  2   6  33  54  55  56 101 113 183 202];8;8;0;0;0.006129264831542969
I;22;1.0199379920959473;10;336.25;312.25;[  2   6  33  54  55  57  81 101 183 202];8;8;0;0;0.006129264831542969
I;23;1.059025764465332;10;336.25;312.25;[  2   6  48  54  55  57  81 101 183 202];8;8;0;0;0.006129264831542969
I;24;1.094369888305664;10;335.75;312.25;[  2   6  48  54  55  56 101 155 183 202];8;8;0;0;0.006129264831542969
I;25;1.7369589805603027;10;335.75;321.875;[  2   6  54  55 101 105 113 116 183 202];14;15;0;0;0.012235879898071289
I;26;1.7909088134765625;10;335.75;321.875;[  1   2   6  54  55 101 113 171 183 202];15;15;0;0;0.012235879898071289
I;27;1.8448288440704346;10;335.75;321.875;[  2   6  33  54  55 101 155 171 183 202];15;15;0;0;0.012235879898071289
I;28;1.9060947895050049;10;335.25;321.875;[  2   3   6  48  54  55  81 101 183 202];15;15;0;0;0.012235879898071289
I;29;1.9737739562988281;10;335.09375;321.875;[  2   6  48  54  55 101 155 171 183 202];15;15;0;0;0.012235879898071289
I;30;3.0756380558013916;10;334.25;328.42578125;[  2   6  54  55 101 150 155 183 192 202];22;26;0;0;0.02132868766784668
I;31;3.188746929168701;10;334.03125;328.42578125;[  2   6  42  48  54  57  81 101 183 202];26;26;0;0;0.02132868766784668
I;32;3.2985520362854004;10;333.9375;328.42578125;[  2   6  48  54  55  81 101 183 192 202];26;26;0;0;0.02132868766784668
I;33;3.426753044128418;10;333.75;328.42578125;[  2   6  54  55  56 101 166 183 192 202];26;26;0;0;0.02132868766784668
I;34;3.556396961212158;10;333.75;328.42578125;[  2   3   6  54 101 150 166 171 183 202];26;26;0;0;0.02132868766784668
I;35;3.695373058319092;10;333.625;328.42578125;[  2   3   6  48  54  81 101 155 183 202];26;26;0;0;0.02132868766784668
I;36;3.844561815261841;10;333.33984375;328.42578125;[  2   6  48  54  55  56 101 155 183 202];26;26;0;0;0.02132868766784668
I;37;3.9990358352661133;10;333.33984375;328.42578125;[  1   2   6  54  55 101 113 171 183 202];26;26;0;0;0.02132868766784668
I;38;4.128926992416382;10;333.33984375;328.42578125;[  2   6  48  54  55 101 166 171 183 202];26;26;0;0;0.02132868766784668
I;39;5.587588787078857;10;333.125;329.5546875;[  2   3   6  48  54  56  81 101 183 202];24;38;0;0;0.03130316734313965
I;40;5.758106708526611;10;332.8125;329.5546875;[  2   6  29  48  54  55 101 171 183 202];38;38;0;0;0.03130316734313965
C;40;5.837167739868164;10;332.8125;329.5546875;[  2   6  29  48  54  55 101 171 183 202];0;38;0;0;0.03130316734313965
I;1;0.005423069000244141;10;1000000.0;0;[0 1 2 3 4 5 6 7 8 9];1;1;0;0;0
I;2;0.017768144607543945;10;377.0;0;[  0   1   2   3   4   6 150 183 192 202];1;1;0;0;0
I;3;0.028870105743408203;10;359.0;0;[  0   2   6  54  81 101 150 183 192 202];1;1;0;0;0
I;4;0.04080605506896973;10;359.0;0;[  2   6  48  54  81 101 150 183 192 202];1;1;0;0;0
I;5;0.05246996879577637;10;359.0;0;[  2   6  54  81 101 105 120 183 202 230];1;1;0;0;0
I;6;0.06430888175964355;10;359.0;0;[  2   6  48  54  57  81 101 183 202 230];1;1;0;0;0
I;7;0.07660412788391113;10;359.0;0;[  2   6  48  54  81 101 120 183 192 202];1;1;0;0;0
I;8;0.1769239902496338;10;357.75;289.25;[  2   6  48  54  57  81 101 155 183 202];2;2;0;0;0.0009329319000244141
I;9;0.1917128562927246;10;357.0;289.25;[  2   6  48  54  56  81 101 155 183 202];2;2;0;0;0.0009329319000244141
I;10;0.2072150707244873;10;349.25;289.25;[  2   6  48  54  56  57 101 155 183 202];2;2;0;0;0.0009329319000244141
I;11;0.223175048828125;10;341.25;289.25;[  2   6  29  48  54  56  81 101 183 202];2;2;0;0;0.0009329319000244141
I;12;0.23830103874206543;10;341.25;289.25;[  2   6  54  56  81 101 105 155 183 202];2;2;0;0;0.0009329319000244141
I;13;0.4228940010070801;10;338.25;302.875;[  1   2   6  54  57  81 101 183 192 202];4;4;0;0;0.002701997756958008
I;14;0.4463341236114502;10;338.25;302.875;[  2   6  33  54  55  81 101 183 192 202];4;4;0;0;0.002701997756958008
I;15;0.46997714042663574;10;338.25;302.875;[  2   6  48  54  55  81 101 183 192 202];4;4;0;0;0.002701997756958008
I;16;0.494657039642334;10;338.0;302.875;[  2   6  54  81 101 150 155 183 192 202];4;4;0;0;0.002701997756958008
I;17;0.524385929107666;10;338.0;302.875;[  2   6  54  55  81 101 113 171 183 202];4;4;0;0;0.002701997756958008
I;18;0.5511550903320312;10;337.75;302.875;[  2   6  33  54  57 101 116 166 183 202];4;4;0;0;0.002701997756958008
I;19;0.5759921073913574;10;337.25;302.875;[  2   6  48  54  55  81 101 183 192 202];4;4;0;0;0.002701997756958008
I;20;0.9563000202178955;10;336.75;312.25;[  2   6  33  54  55  81 101 113 183 202];8;8;0;0;0.006072998046875
I;21;0.9887888431549072;10;336.75;312.25;[  2   6  33  54  55  56 101 113 183 202];8;8;0;0;0.006072998046875
I;22;1.0242841243743896;10;336.25;312.25;[  2   6  33  54  55  57  81 101 183 202];8;8;0;0;0.006072998046875
I;23;1.0629799365997314;10;336.25;312.25;[  2   6  48  54  55  57  81 101 183 202];8;8;0;0;0.006072998046875
I;24;1.0983779430389404;10;335.75;312.25;[  2   6  48  54  55  56 101 155 183 202];8;8;0;0;0.006072998046875
I;25;1.7453479766845703;10;335.75;321.875;[  2   6  54  55 101 105 113 116 183 202];14;15;0;0;0.011888980865478516
I;26;1.7994990348815918;10;335.75;321.875;[  1   2   6  54  55 101 113 171 183 202];15;15;0;0;0.011888980865478516
I;27;1.853214979171753;10;335.75;321.875;[  2   6  33  54  55 101 155 171 183 202];15;15;0;0;0.011888980865478516
I;28;1.9158649444580078;10;335.25;321.875;[  2   3   6  48  54  55  81 101 183 202];15;15;0;0;0.011888980865478516
I;29;1.981109857559204;10;335.09375;321.875;[  2   6  48  54  55 101 155 171 183 202];15;15;0;0;0.011888980865478516
I;30;3.0906941890716553;10;334.25;328.42578125;[  2   6  54  55 101 150 155 183 192 202];22;26;0;0;0.021049976348876953
I;31;3.2040228843688965;10;334.03125;328.42578125;[  2   6  42  48  54  57  81 101 183 202];26;26;0;0;0.021049976348876953
I;32;3.313955068588257;10;333.9375;328.42578125;[  2   6  48  54  55  81 101 183 192 202];26;26;0;0;0.021049976348876953
I;33;3.4441840648651123;10;333.75;328.42578125;[  2   6  54  55  56 101 166 183 192 202];26;26;0;0;0.021049976348876953
I;34;3.5759170055389404;10;333.75;328.42578125;[  2   3   6  54 101 150 166 171 183 202];26;26;0;0;0.021049976348876953
I;35;3.7152822017669678;10;333.625;328.42578125;[  2   3   6  48  54  81 101 155 183 202];26;26;0;0;0.021049976348876953
I;36;3.866795063018799;10;333.33984375;328.42578125;[  2   6  48  54  55  56 101 155 183 202];26;26;0;0;0.021049976348876953
I;37;4.020287990570068;10;333.33984375;328.42578125;[  1   2   6  54  55 101 113 171 183 202];26;26;0;0;0.021049976348876953
I;38;4.15060019493103;10;333.33984375;328.42578125;[  2   6  48  54  55 101 166 171 183 202];26;26;0;0;0.021049976348876953
I;39;5.62040901184082;10;333.125;329.5546875;[  2   3   6  48  54  56  81 101 183 202];24;38;0;0;0.031052350997924805
I;40;5.787667989730835;10;332.8125;329.5546875;[  2   6  29  48  54  55 101 171 183 202];38;38;0;0;0.031052350997924805
C;40;5.866699934005737;10;332.8125;329.5546875;[  2   6  29  48  54  55 101 171 183 202];0;38;0;0;0.031052350997924805
