I;1;0.00047016143798828125;10;1000000.0;0;[0 1 2 3 4 5 6 7 8 9];1;1
I;2;0.007630109786987305;10;265.0;0.0;[  0   1   2   3   4  50  53  57  65 122];1;1
I;3;0.014480113983154297;10;248.0;0.0;[  0   1   2  50  53  57  65  67 118 122];1;1
I;4;0.022600889205932617;10;248.0;0.0;[  0   7  38  48  50  53  57  67 118 122];1;1
I;5;0.03512287139892578;10;248.0;0.0;[  0   7  48  50  53  65  67 108 118 122];1;1
I;6;0.04628896713256836;10;246.0;0.0;[  0  21  38  48  49  50  53  67 118 122];1;1
I;7;0.056062936782836914;10;236.0;0.0;[  3   7  48  49  53  67 101 118 122 126];1;1
I;8;0.06707882881164551;10;232.0;0.0;[  7  48  49  53  67  86 101 118 122 126];1;1
I;9;0.07577204704284668;10;232.0;0.0;[  2  38  48  49  53  67 101 118 122 126];1;1
I;10;0.1076040267944336;10;230.0;0.0;[ 38  48  53  67  86 101 108 118 122 126];2;2
I;11;0.11861109733581543;10;230.0;0.0;[ 38  48  49  53  67  86 101 118 122 126];2;2
I;12;0.13399100303649902;10;222.25;0.0;[  3  38  48  49  53  67  86 101 118 122];2;2
I;13;0.15255403518676758;10;222.0;0.0;[  2  48  49  53  67  86 101 118 122 126];2;2
I;14;0.18612885475158691;10;219.25;0.0;[  3  38  48  49  53  65  67 101 118 122];2;2
I;15;0.24846410751342773;10;217.75;0.0;[  2   7  48  49  53  67  86 101 118 122];4;4
I;16;0.27820491790771484;10;217.75;0.0;[  7  34  48  53  67  86 101 108 118 122];4;4
I;17;0.3041880130767822;10;217.25;0.0;[ 38  48  49  53  67 101 112 118 122 126];4;4
I;18;0.3356130123138428;10;217.25;0.0;[ 34  38  48  53  60  67 101 118 122 126];4;4
I;19;0.3586711883544922;10;217.25;0.0;[ 34  38  48  49  53  67 101 118 122 126];4;4
I;20;0.3918929100036621;10;216.625;0.0;[  3  38  48  49  50  57  67 101 118 122];4;4
I;21;0.4230480194091797;10;216.625;0.0;[  3  38  48  49  50  53  67 101 118 122];4;4
I;22;0.45058417320251465;10;216.25;0.0;[  2   3  38  48  49  53  67 101 118 122];4;4
I;23;0.4785611629486084;10;216.25;0.0;[  3  34  38  48  49  53  67 101 118 122];4;4
I;24;0.5909819602966309;10;216.125;0.0;[  7  48  49  53  67  86 101 112 118 122];8;8
I;25;0.6327099800109863;10;215.25;0.0;[  3  34  38  48  49  53  67 101 118 122];8;8
I;26;0.8194811344146729;10;215.1484375;46.4375;[  3  38  48  49  53  67 101 112 118 122];12;14
I;27;0.8617432117462158;10;215.125;46.4375;[  3  38  48  49  53  67  86 101 118 122];14;14
I;28;0.9052631855010986;10;214.7109375;46.4375;[  3  34  38  48  49  53  67 101 118 122];14;14
I;29;1.2491419315338135;10;214.25;60.09375;[  2   3  48  49  53  67 101 118 122 126];22;25
I;30;1.3444008827209473;10;214.11328125;60.09375;[  3  34  38  48  49  53  67 101 118 122];25;25
I;31;1.9163122177124023;10;213.875;86.33984375;[  3  34  38  48  49  53  67 101 118 122];36;43
I;32;2.8380649089813232;10;213.76904296875;103.2001953125;[  3  34  38  48  49  53  67 101 118 122];62;74
I;33;4.374218940734863;10;213.7001953125;122.43408203125;[  3  34  38  48  49  53  67 101 118 122];102;125
I;34;6.899640083312988;10;213.671875;144.37890625;[  3  38  48  49  53  65  67 101 118 122];154;202
I;35;7.142181158065796;10;213.63336181640702;144.37890625;[  3  34  38  48  49  53  67 101 118 122];202;202
I;36;11.035117149353027;10;213.625;166.44140625;[  2   3  38  48  49  53  67 101 118 122];208;306
I;37;11.378375053405762;10;213.625;166.44140625;[  3  38  48  49  53  67 101 108 118 122];306;306
I;38;11.736448049545288;10;213.59399414062594;166.44140625;[  3  34  38  48  49  53  67 101 118 122];306;306
I;39;17.463759183883667;10;213.56881713867188;183.0792236328125;[  3  34  38  48  49  53  67 101 118 122];266;439
I;40;25.419482231140137;10;213.55345153808594;195.85946655273438;[  3  34  38  48  49  53  67 101 118 122];302;590
I;41;35.91848015785217;10;213.54440307617188;203.26844024658203;[  3  34  38  48  49  53  67 101 118 122];338;759
I;42;49.25023317337036;10;213.54069423675537;207.57394790649414;[  3  34  38  48  49  53  67 101 118 122];366;942
I;43;65.38410711288452;10;213.5385298728943;209.91914463043213;[  3  34  38  48  49  53  67 101 118 122];394;1139
I;44;84.67678117752075;10;213.53731179237366;211.26008892059326;[  3  34  38  48  49  53  67 101 118 122];402;1340
C;44;106.99244999885559;10;213.53731179237366;212.03707599639893;[  3  34  38  48  49  53  67 101 118 122];0;1519
