I;1;0.40893125534057617;10;265.0;0;[  0   1   2   3   4  50  53  57  65 122];1;10;0;0
I;2;0.8209869861602783;10;248.0;0;[  0   1   2  50  53  57  65  67 118 122];1;10;0;0
I;3;1.2393059730529785;10;248.0;0;[  0   7  38  48  50  53  57  67 118 122];1;10;0;0
I;4;1.6559460163116455;10;248.0;0;[  0   7  48  50  53  57  67 108 118 122];1;10;0;0
I;5;2.0685830116271973;10;246.0;0;[  0  21  38  48  49  50  53  67 118 122];1;10;0;0
I;6;2.488614082336426;10;236.0;0;[  3   7  48  49  53  67 101 118 122 126];1;10;0;0
I;7;2.9067089557647705;10;232.0;0;[  7  48  49  53  67  86 101 118 122 126];1;10;0;0
I;8;3.3378381729125977;10;232.0;0;[  2  38  48  49  53  67 101 118 122 126];1;10;0;0
I;9;3.857189893722534;10;219.25;182.25;[ 38  48  49  53  57  67 101 118 122 126];2;21;1;0.004251241683959961
I;10;4.2737531661987305;10;219.25;182.25;[  3  38  48  49  53  65  67 101 118 122];2;21;1;0.004251241683959961
I;11;4.92988395690918;10;216.25;196.12897727272727;[  3  34  38  48  49  53  67 101 118 122];4;43;3;0.00859522819519043
I;12;5.896857261657715;10;215.03500000000003;207.76725057781204;[  3  38  48  49  53  67 101 112 118 122];8;87;6;0.022954463958740234
I;13;6.386729001998901;10;214.92286955893684;207.76725057781204;[  3  34  38  48  49  53  67 101 118 122];8;87;6;0.022954463958740234
I;14;7.73759913444519;10;213.99581156603264;209.14140097306694;[  3  34  38  48  49  53  67 101 118 122];14;1514;11;0.042034149169921875
I;15;9.428838014602661;10;213.91668469546457;209.86967814253003;[  3  34  38  48  49  53  67 101 118 122];24;2726;19;0.07445240020751953
I;16;12.08810806274414;10;213.76271326671275;210.63533617220116;[  3  34  38  48  49  53  67 101 118 122];42;4847;28;0.12716007232666016
I;17;16.38586401939392;10;213.74292950674322;211.29975748793396;[  3  34  38  48  49  53  67 101 118 122];72;8483;44;0.21427345275878906
C;17;21.919340133666992;10;213.74292950674322;211.78502151260363;[  3  34  38  48  49  53  67 101 118 122];0;136;136135;69;0.3460237979888916
