1;0.39818787574768066;10;191.0;0;[  0   1   2   3   4   5  39  71 109 126];1;1
2;0.8172547817230225;10;191.0;0.0;[  0   1   2   7  38  39  71 101 109 126];1;1
3;1.2362089157104492;10;191.0;0.0;[  2   3   7  38  39  57  71 101 109 126];1;1
4;1.7024271488189697;10;184.25;0.0;[  2   7  38  39  42  71  87  93 109 126];2;2
5;2.1268301010131836;10;184.25;0.0;[  0   2   7  39  42  57  71  87 109 126];2;2
6;2.656494140625;10;183.625;0.0;[  0   1   2   3   7  39  42  71 109 126];4;4
7;3.305418014526367;10;183.46875;0.0;[  0   1   2   3   7  39  42  71 109 126];8;8
8;4.099668979644775;10;183.15625;44.0;[  0   1   2   3   7  39  42  71 109 126];12;14
9;5.182949066162109;10;182.9765625;65.671875;[  0   1   2   3   7  39  42  71 109 126];20;24
10;6.642466068267822;10;182.8203125;94.37890625;[  0   1   2   3   7  39  42  71 109 126];30;39
11;8.66013216972351;10;182.748046875;117.458984375;[  0   1   2   3   7  39  42  71 109 126];44;61
12;11.357335090637207;10;182.708984375;139.244140625;[  0   1   2   3   7  39  42  71 109 126];58;90
13;15.130093097686768;10;182.679443359375;150.80322265625;[  0   1   2   3   7  39  42  71 109 126];84;132
14;20.216896057128906;10;182.66607666015625;161.372802734375;[  0   1   2   3   7  39  42  71 109 126];110;187
15;26.49543809890747;10;182.65451049804688;170.693359375;[  0   1   2   3   7  39  42  71 109 126];118;246
16;33.497925996780396;10;182.65040588378906;176.75115966796875;[  0   1   2   3   7  39  42  71 109 126];104;298
17;40.898653984069824;10;182.64881134033203;179.69840240478516;[  0   1   2   3   7  39  42  71 109 126];82;339
17;47.63911294937134;10;182.64881134033203;181.10971450805664;[  0   1   2   3   7  39  42  71 109 126];0;361
