1;0.43058180809020996;10;269.0;0;[  0   1   2   3   4   5  57 120 150 154];1;1
2;0.8732810020446777;10;269.0;0.0;[  0   2  55  57  92 120 150 154 205 227];1;1
3;1.323906660079956;10;269.0;0.0;[  2  33  55  57  92 120 150 154 205 232];1;1
4;1.7728707790374756;10;269.0;0.0;[  2  33  55  57  92 112 120 150 154 205];1;1
5;2.227205753326416;10;269.0;0.0;[  2  33  55  57  80 120 150 154 227 231];1;1
6;2.7424418926239014;10;269.0;0.0;[  2  33  55  57  80 120 150 154 227 231];2;2
7;3.3592677116394043;10;269.0;0.0;[  2  33  55  57  76  89 120 150 154 227];4;4
8;3.8112688064575195;10;269.0;0.0;[  2  33  34  55  57  76 120 150 154 227];4;4
9;4.268505811691284;10;269.0;0.0;[  2  33  55  57  72  76 120 150 154 227];4;4
10;4.7333338260650635;10;269.0;0.0;[  1   2  33  55  57  80 120 150 154 227];4;4
11;5.526189804077148;10;269.0;0.0;[  1   2  33  55  57  80 120 150 154 227];8;8
12;6.69677472114563;10;267.9375;0.0;[  1   2  33  55  57  80 120 150 154 227];16;16
13;8.543651819229126;10;266.45703125;16.71875;[  1   2  33  55  57  80 120 150 154 227];30;31
14;11.615072965621948;10;265.33203125;41.796875;[  1   2  33  55  57  80 120 150 154 227];54;58
15;16.88892388343811;10;265.052734375;71.0546875;[  1   2  33  55  57  80 120 150 154 227];94;105
16;25.707889795303345;10;264.886474609375;104.16015625;[  1   2  33  55  57  80 120 150 154 227];156;183
17;39.93496084213257;10;264.7313232421875;140.783935546875;[  1   2  33  55  57  80 120 150 154 227];240;303
18;62.14372181892395;10;264.61769104003906;171.18798828125;[  1   2  33  55  57  80 120 150 154 227];360;483
19;96.39355969429016;10;264.5381164550781;195.34780883789062;[  1   2  33  55  57  80 120 150 154 227];530;748
20;147.56291890144348;10;264.48469161987305;215.1101837158203;[  1  33  34  55  57  76 120 150 154 227];750;1123
21;150.08349180221558;10;264.47965240478516;215.1101837158203;[  1   2  33  55  57  80 120 150 154 227];1123;1123
22;223.7099347114563;10;264.4411144256592;230.9956932067871;[  1   2  33  55  57  80 120 150 154 227];1002;1624
23;326.07108879089355;10;264.416015625;242.56237030029297;[  1   2  33  55  57  80 120 150 154 227];1282;2265
24;463.28838086128235;10;264.40107250213623;250.5444622039795;[  1   2  33  55  57  80 120 150 154 227];1570;3050
25;643.42515873909;10;264.39265155792236;255.6293671131134;[  1   2  33  55  57  80 120 150 154 227];1874;3987
26;877.1827058792114;10;264.38777327537537;258.72389793395996;[  1   2  33  55  57  80 120 150 154 227];2206;5090
27;1162.2561736106873;10;264.38513374328613;260.5874274969101;[  1   2  33  55  57  80 120 150 154 227];2554;6367
28;1507.494652748108;10;264.383682154119;261.68297785520554;[  1   2  33  55  57  80 120 150 154 227];2920;7827
29;1929.1816339492798;10;264.3829132504761;262.30448991805315;[  1   2  33  55  57  80 120 150 154 227];3356;9505
30;2452.2139246463776;10;264.38249167613685;262.6460267417133;[  1   2  33  55  57  80 120 150 154 227];3988;11499
31;3091.7766258716583;10;264.3822434004396;262.84374333173037;[  1   2  33  55  57  80 120 150 154 227];4824;13911
