I;1;0.00532984733581543;10;1000000.0;0;[0 1 2 3 4 5 6 7 8 9];1;1;0;0;0
I;2;0.01444387435913086;10;408.0;0;[  0   1   2   3   4  10  30  65 110 134];1;1;0;0;0
I;3;0.023749828338623047;10;300.0;0;[  0   1   4  10  23  30  65 110 128 134];1;1;0;0;0
I;4;0.09154891967773438;10;300.0;283.5;[  0   1   4  10  23  30  65 110 128 134];2;2;0;0;0.0010030269622802734
I;5;0.1932837963104248;10;300.0;289.125;[  0   1   4  10  23  30  65 110 128 134];4;4;0;0;0.0030059814453125
I;6;0.3289318084716797;10;300.0;291.1875;[  0   1   4  10  23  30  65 110 128 134];6;7;0;0;0.005521535873413086
I;7;0.5195448398590088;10;300.0;293.65625;[  1   4  10  23  30  65 110 116 128 134];8;11;0;0;0.008827447891235352
I;8;0.542158842086792;10;300.0;293.65625;[  0   1   4  23  30  65 109 110 128 134];11;11;0;0;0.008827447891235352
I;9;1.0089867115020752;10;300.0;295.59375;[  0   1   4  23  30  65 110 116 128 134];12;17;0;0;0.014319181442260742
I;10;1.5290639400482178;10;300.0;296.8359375;[  1   4   8  22  23  30  64  65 110 128];21;21;0;0;0.017969369888305664
I;11;1.5677566528320312;10;300.0;296.8359375;[  0   1   4  22  23  30  65 110 128 134];21;21;0;0;0.017969369888305664
I;12;1.606996774673462;10;300.0;296.8359375;[  0   1   4  23  30  64  65 110 128 134];21;21;0;0;0.017969369888305664
I;13;1.6451246738433838;10;299.98828125;296.8359375;[  0   1   4  22  23  30  64  65 128 134];21;21;0;0;0.017969369888305664
I;14;1.685431718826294;10;299.84765625;296.8359375;[  1   4   8  23  30  65 110 116 128 134];21;21;0;0;0.017969369888305664
I;15;2.1187756061553955;10;299.84765625;296.8359375;[  1   4   8  23  30  65 110 116 128 134];22;22;0;0;0.01880335807800293
I;16;2.572476863861084;10;299.84765625;296.8359375;[  1   4   8  23  30  65 110 116 128 134];23;23;0;0;0.01965618133544922
I;17;3.044041872024536;10;299.84765625;296.8359375;[  1   4   8  23  30  65 110 116 128 134];24;24;0;0;0.020511150360107422
I;18;3.5310347080230713;10;299.84765625;296.8359375;[  1   4   8  23  30  65 110 116 128 134];25;25;0;0;0.021450281143188477
I;19;4.03912091255188;10;299.84765625;296.8359375;[  1   4   8  23  30  65 110 116 128 134];26;26;0;0;0.02229905128479004
I;20;4.570010662078857;10;299.84765625;296.8359375;[  1   4   8  23  30  65 110 116 128 134];27;27;0;0;0.023148059844970703
I;21;5.116017818450928;10;299.84765625;296.8359375;[  1   4   8  23  30  65 110 116 128 134];28;28;0;0;0.024003982543945312
I;22;5.703552007675171;10;299.84765625;296.8359375;[  1   4   8  23  30  65 110 116 128 134];29;29;0;0;0.024835824966430664
I;23;6.285756826400757;10;299.84765625;296.8359375;[  1   4   8  23  30  65 110 116 128 134];30;30;0;0;0.02568793296813965
I;24;6.885635852813721;10;299.84765625;296.8359375;[  1   4   8  23  30  65 110 116 128 134];31;31;0;0;0.02652287483215332
I;25;7.5116846561431885;10;299.84765625;296.8359375;[  1   4   8  23  30  65 110 116 128 134];32;32;0;0;0.02737283706665039
C;25;8.152102708816528;10;299.84765625;296.90625;[  1   4   8  23  30  65 110 116 128 134];0;33;0;0;0.028230905532836914
