1;0.3860306739807129;10;278.0;0;[  0   1   2   3   4   5  25  48  86 106];1;1
2;0.7963309288024902;10;268.0;0.0;[  1  16  22  25  48  57  69  86 106 136];1;1
3;1.1956377029418945;10;179.0;0.0;[  7  16  57  86 106 126 127 128 129 136];1;1
4;1.6273159980773926;10;179.0;0.0;[  7  16  57  86 106 126 127 128 129 136];2;2
5;2.1147778034210205;10;179.0;0.0;[  4   7  49  57  86 106 128 129 130 136];4;4
6;2.5354650020599365;10;179.0;0.0;[  4   7  57  86  94 106 115 125 130 136];4;4
7;3.149013042449951;10;175.96875;0.0;[  1   4   7  57  69  86 106 128 131 136];8;8
8;3.986776828765869;10;175.96875;0.0;[  4   7  16  25  49  69  86 106 131 136];16;16
9;4.41870379447937;10;175.59375;0.0;[  1   7  16  17  25  69  86 106 131 136];16;16
10;4.853877782821655;10;175.59375;0.0;[  7  16  17  25  69  86  94 106 131 136];16;16
11;6.133561849594116;10;173.7109375;8.46875;[  7  16  17  25  49  69  86 106 131 136];30;31
12;6.567587852478027;10;173.4609375;8.46875;[  7  16  17  25  49  69  86 106 131 136];31;31
13;8.640647888183594;10;171.46875;21.171875;[  1   7  16  17  25  69  86 106 131 136];54;58
14;9.149011850357056;10;171.09375;21.171875;[  7  16  17  25  69  86  94 106 131 136];58;58
15;9.626621961593628;10;170.90625;21.171875;[  7  16  17  25  49  69  86 106 131 136];58;58
16;13.045751810073853;10;169.25439453125;36.41015625;[  7  16  17  25  49  69  86 106 131 136];92;104
17;18.96152400970459;10;168.380126953125;46.13134765625;[  1   7  16  17  25  69  86 106 131 136];164;186
18;19.640756845474243;10;168.187255859375;46.13134765625;[  1   7  16  17  25  69  86 106 131 136];186;186
19;30.411872625350952;10;167.597412109375;51.80908203125;[  1   7  16  17  25  69  86 106 131 136];308;340
20;49.723140716552734;10;167.26394653320312;62.145751953125;[  1   7  16  17  25  69  86 106 131 136];556;618
21;84.56826090812683;10;166.9902801513672;75.56134033203125;[  1   7  16  17  25  69  86 106 131 136];958;1097
22;146.54897379875183;10;166.7808609008789;89.34678649902344;[  1   7  16  17  25  69  86 106 131 136];1606;1900
23;261.33025002479553;10;166.63376235961914;101.52668762207031;[  1   7  16  17  25  69  86 106 131 136];2672;3236
24;474.753723859787;10;166.53019428253174;112.53949737548828;[  1   7  16  17  25  69  86 106 131 136];4392;5432
25;865.3135077953339;10;166.45761919021606;122.61600494384766;[  1   7  16  17  25  69  86 106 131 136];7074;8969
26;1597.179783821106;10;166.4060252904892;131.43739986419678;[  1   7  16  17  25  69  86 106 131 136];11198;14568
27;2922.5383129119873;10;166.36948412656784;138.90207505226135;[  1   7  16  17  25  69  86 106 131 136];17462;23299
