1;0.39586377143859863;10;401.0;0;[  0   1   2  36  45  55 141 166 233 242];1;1
2;0.8247108459472656;10;382.0;0.0;[  0  36  45  55 141 171 207 224 233 242];1;1
3;1.249675989151001;10;346.0;0.0;[  2  45  55 125 141 148 171 207 224 233];1;1
4;1.670548915863037;10;330.0;0.0;[  0   2  45  55 148 167 171 211 224 233];1;1
5;2.0971567630767822;10;307.0;0.0;[  2  55 100 141 148 171 207 211 233 242];1;1
6;2.519014835357666;10;303.0;0.0;[  0   2  55  57 100 141 171 173 211 233];1;1
7;2.944126844406128;10;301.0;0.0;[  0   2  57  96 141 171 173 211 233 242];1;1
8;3.3613197803497314;10;301.0;0.0;[  0   2  57  96 141 173 211 224 233 242];1;1
9;3.7865378856658936;10;299.0;0.0;[  0   2  57  96 141 173 207 211 233 242];1;1
10;4.335484743118286;10;288.25;0.0;[  0   2  59  96 141 171 173 211 233 242];2;2
11;5.01127290725708;10;288.25;0.0;[  0   2  59  96 141 171 173 211 233 242];4;4
12;5.9540369510650635;10;285.09375;0.0;[  0   2  59  96 141 171 173 211 233 242];8;8
13;7.452694892883301;10;281.75;0.0;[  0   2  59  96 141 171 173 211 233 242];16;16
14;9.837922811508179;10;280.63671875;34.421875;[  0   2  59  96 141 171 173 211 233 242];28;30
15;13.537067890167236;10;280.28515625;85.87890625;[  0   2  59  96 141 171 173 211 233 242];44;52
16;19.015278816223145;10;280.02783203125;138.494140625;[  0   2  59  96 141 171 173 211 233 242];64;84
17;26.771352767944336;10;279.8223876953125;184.6123046875;[  0   2  59  96 141 171 173 211 233 242];86;127
18;36.65752601623535;10;279.73260498046875;224.0450439453125;[  0   2  59  96 141 171 173 211 233 242];100;177
19;49.62629985809326;10;279.6524658203125;245.1422119140625;[  0   2  59  96 141 171 173 211 233 242];124;239
20;65.72970867156982;10;279.6180648803711;258.8442687988281;[  0   2  59  96 141 171 173 211 233 242];148;313
21;85.4990668296814;10;279.60111236572266;267.467041015625;[  0   2  59  96 141 171 173 211 233 242];170;398
22;110.37311482429504;10;279.59191703796387;271.89870834350586;[  0   2  59  96 141 171 173 211 233 242];210;503
23;141.022047996521;10;279.58808612823486;274.74320793151855;[  0   2  59  96 141 171 173 211 233 242];252;629
24;178.30905175209045;10;279.5859122276307;276.4478597640991;[  0   2  59  96 141 171 173 211 233 242];302;780
24;222.8646638393402;10;279.5859122276307;277.42100715637207;[  0   2  59  96 141 171 173 211 233 242];0;966
1;0.39644289016723633;10;401.0;0;[  0   1   2  36  45  55 141 166 233 242];1;1;0;0
2;0.8161239624023438;10;382.0;0.0;[  0  36  45  55 141 171 207 224 233 242];1;1;0;0
3;1.2421190738677979;10;346.0;0.0;[  2  45  55 125 141 148 171 207 224 233];1;1;0;0
4;1.6730477809906006;10;330.0;0.0;[  0   2  45  55 148 167 171 211 224 233];1;1;0;0
5;2.1080551147460938;10;307.0;0.0;[  2  55 100 141 148 171 207 211 233 242];1;1;0;0
6;2.5255608558654785;10;303.0;0.0;[  0   2  55  57 100 141 171 173 211 233];1;1;0;0
7;2.9523000717163086;10;301.0;0.0;[  0   2  57  96 141 171 173 211 233 242];1;1;0;0
8;3.3770389556884766;10;301.0;0.0;[  0   2  57  96 141 173 211 224 233 242];1;1;0;0
9;3.8168530464172363;10;299.0;0.0;[  0   2  57  96 141 173 207 211 233 242];1;1;0;0
10;4.370562791824341;10;287.4318181818182;0.0;[  0   2  59  96 141 171 173 211 233 242];2;2;1;1
11;5.0910749435424805;10;285.6089997855918;0.0;[  0   2  59  96 141 171 173 211 233 242];4;4;3;3
12;6.096946954727173;10;284.77601374892794;0.0;[  0   2  59  96 141 171 173 211 233 242];8;8;7;5
13;7.6969380378723145;10;282.717678382585;0.0;[  0   2  59  96 141 171 173 211 233 242];16;16;15;10
14;10.120595932006836;10;280.4433143708824;19.39052315608919;[  0   2  59  96 141 171 173 211 233 242];26;29;28;18
15;14.046892881393433;10;280.0171763907745;73.52749428244712;[  0   2  59  96 141 171 173 211 233 242];44;51;50;25
16;19.27340817451477;10;279.91390827453233;158.2175464967695;[  0   2  59  96 141 171 173 211 233 242];54;78;77;34
17;26.787489891052246;10;279.737277564122;198.43297373186124;[  0   2  59  96 141 171 173 211 233 242];76;116;115;45
18;36.74048900604248;10;279.6633488178635;223.59874311033494;[  0   2  59  96 141 171 173 211 233 242];96;164;163;66
19;50.10951781272888;10;279.6227783746076;242.42229686486408;[  0   2  59  96 141 171 173 211 233 242];126;227;226;95
20;66.85438895225525;10;279.598981272645;255.43160270487917;[  0   2  59  96 141 171 173 211 233 242];148;301;300;130
21;87.16961908340454;10;279.588135782745;262.4984048478675;[  0   2  59  96 141 171 173 211 233 242];168;385;384;170
22;111.70487880706787;10;279.5804682411637;268.5908503206447;[  0   2  59  96 141 171 173 211 233 242];182;476;475;222
23;139.51515817642212;10;279.5745248965517;271.3880602366655;[  0   2  59  96 141 171 173 211 233 242];200;576;575;279
24;173.16213989257812;10;279.57198584951925;274.37770479395584;[  0   2  59  96 141 171 173 211 233 242];232;692;691;341
25;212.4627411365509;10;279.56975024627184;275.57861392153495;[  0   2  59  96 141 171 173 211 233 242];260;822;821;412
26;254.75061893463135;10;279.568876972304;276.6187750346629;[  0   2  59  96 141 171 173 211 233 242];242;943;942;477
26;296.7355840206146;10;279.568876972304;277.2479269513219;[  0   2  59  96 141 171 173 211 233 242];0;1059;1058;539
I;1;0.37707996368408203;10;401.0;0;[  0   1   2  36  45  55 141 166 233 242];1;1;0;0;0
I;2;0.7855150699615479;10;382.0;0.0;[  0  36  45  55 141 171 207 224 233 242];1;1;0;0;0
I;3;1.196148157119751;10;346.0;0.0;[  2  45  55 125 141 148 171 207 224 233];1;1;0;0;0
I;4;1.612929105758667;10;330.0;0.0;[  0   2  45  55 148 167 171 211 224 233];1;1;0;0;0
I;5;2.045844316482544;10;307.0;0.0;[  2  55 100 141 148 171 207 211 233 242];1;1;0;0;0
I;6;2.4533631801605225;10;303.0;0.0;[  0   2  55  57 100 141 171 173 211 233];1;1;0;0;0
I;7;2.870204210281372;10;301.0;0.0;[  0   2  57  96 141 171 173 211 233 242];1;1;0;0;0
I;8;3.2810781002044678;10;301.0;0.0;[  0   2  57  96 141 173 211 224 233 242];1;1;0;0;0
I;9;3.6967883110046387;10;299.0;0.0;[  0   2  57  96 141 173 207 211 233 242];1;1;0;0;0
I;10;4.238117218017578;10;287.4318181818182;0.0;[  0   2  59  96 141 171 173 211 233 242];2;2;1;1;0.0016210079193115234
I;11;4.929971218109131;10;285.6089997855918;0.0;[  0   2  59  96 141 171 173 211 233 242];4;4;3;3;0.005178689956665039
I;12;5.889049053192139;10;284.77601374892794;0.0;[  0   2  59  96 141 171 173 211 233 242];8;8;7;5;0.012125015258789062
I;13;7.4518420696258545;10;282.717678382585;0.0;[  0   2  59  96 141 171 173 211 233 242];16;16;15;10;0.026114463806152344
I;14;9.699087142944336;10;280.4433143708824;44.176686678101774;[  0   2  59  96 141 171 173 211 233 242];24;28;27;18;0.0471038818359375
I;15;13.093582153320312;10;280.0171763907746;125.92795704688393;[  0   2  59  96 141 171 173 211 233 242];36;46;45;25;0.07826042175292969
I;16;17.267187118530273;10;279.9139082745323;198.9549593944218;[  0   2  59  96 141 171 173 211 233 242];40;66;65;34;0.11296319961547852
I;17;22.84787130355835;10;279.73727756412194;229.25467991144143;[  0   2  59  96 141 171 173 211 233 242];52;92;91;45;0.15794014930725098
I;18;29.69517421722412;10;279.66466990038555;244.83356259564223;[  0   2  59  96 141 171 173 211 233 242];60;122;121;63;0.2097792625427246
I;19;39.25811290740967;10;279.62560832600116;253.05029169274903;[  0   2  59  96 141 171 173 211 233 242];88;166;165;84;0.2857685089111328
I;20;50.53437519073486;10;279.60247573098667;260.8055513197815;[  0   2  59  96 141 171 173 211 233 242];94;213;212;108;0.36792492866516113
I;21;64.43735694885254;10;279.5920147365082;264.8586566686592;[  0   2  59  96 141 171 173 211 233 242];106;266;265;135;0.4603230953216553
I;22;80.075266122818;10;279.58478928404;269.5775429568206;[  0   2  59  96 141 171 173 211 233 242];110;321;320;165;0.5564694404602051
I;23;98.96235704421997;10;279.57898107799144;271.29184912741505;[  0   2  59  96 141 171 173 211 233 242];132;387;386;206;0.6692893505096436
I;24;119.35313034057617;10;279.57653102938974;274.29924822511555;[  0   2  59  96 141 171 173 211 233 242];132;453;452;246;0.7819962501525879
I;25;139.62034606933594;10;279.5744397307884;275.62230603254676;[  0   2  59  96 141 171 173 211 233 242];104;505;504;277;0.8701632022857666
I;26;160.8878481388092;10;279.5736561641367;276.42177353580433;[  0   2  59  96 141 171 173 211 233 242];84;547;546;304;0.9414396286010742
C;26;180.2048110961914;10;279.5736561641367;277.0808302450738;[  0   2  59  96 141 171 173 211 233 242];0;581;580;322;0.999100923538208
