I;1;0.0047991275787353516;10;1000000.0;0;[0 1 2 3 4 5 6 7 8 9];1;1;0;0;0
I;2;0.015512943267822266;10;358.0;0;[ 0  1  2  3  4  5 26 50 74 98];1;1;0;0;0
I;3;0.023594141006469727;10;332.0;0;[ 0  1  2  3 25 26 46 50 74 98];1;1;0;0;0
I;4;0.031053781509399414;10;332.0;0;[  0   1  25  26  33  46  66  74  98 112];1;1;0;0;0
I;5;0.03828096389770508;10;332.0;0;[  0   1  24  25  26  33  46  98 106 112];1;1;0;0;0
I;6;0.04749488830566406;10;332.0;0;[ 0  1 24 25 26 27 46 68 74 98];1;1;0;0;0
I;7;0.05684804916381836;10;332.0;0;[ 0 24 25 26 27 33 46 66 74 98];1;1;0;0;0
I;8;0.06659579277038574;10;331.0;0;[ 0 24 26 27 35 46 52 66 68 98];1;1;0;0;0
I;9;0.07660508155822754;10;331.0;0;[  0   1  24  26  27  46  66  74  98 105];1;1;0;0;0
I;10;0.08656692504882812;10;331.0;0;[  0   1  24  26  46  52  66  74  98 105];1;1;0;0;0
I;11;0.14699697494506836;10;328.0;270.5;[  0   1  24  26  46  52  66  74  98 105];2;2;0;0;0
I;12;0.22399497032165527;10;328.0;272.25;[  0   1  24  26  46  52  66  74  98 105];4;4;0;0;0
I;13;0.37735891342163086;10;328.0;282.375;[  0   1  24  26  46  52  66  74  98 105];8;8;0;0;0
I;14;0.6837959289550781;10;325.0;289.3125;[  0   1  24  26  35  46  52  66  98 105];16;16;0;0;0
I;15;0.7171139717102051;10;325.0;289.3125;[  0   1  24  26  33  46  52  80  98 105];16;16;0;0;0
I;16;0.748729944229126;10;325.0;289.3125;[ 0  1  8 24 26 27 46 52 66 98];16;16;0;0;0
I;17;0.7807779312133789;10;324.25;289.3125;[  0   1  24  26  27  33  46  52  98 105];16;16;0;0;0
I;18;0.8317761421203613;10;324.25;289.3125;[  0   1  24  26  27  46  52  66  98 105];16;16;0;0;0
I;19;0.8638730049133301;10;324.25;289.3125;[  0   1  24  26  46  52  66  74  98 105];16;16;0;0;0
I;20;1.6849360466003418;10;323.031250000001;297.609375;[ 0  1 24 26 27 46 52 66 80 98];32;32;0;0;0
I;21;1.7407748699188232;10;322.125;297.609375;[  0   1  24  26  33  46  52  80  98 105];32;32;0;0;0
I;22;1.799705982208252;10;321.25;297.609375;[  0   1  24  26  46  47  52  66  98 105];32;32;0;0;0
I;23;1.8592770099639893;10;320.875;297.609375;[ 0  1 24 26 27 33 35 46 52 98];32;32;0;0;0
I;24;1.9180188179016113;10;320.84375000000006;297.609375;[ 0  1  8 24 26 35 46 52 66 98];32;32;0;0;0
I;25;1.9780230522155762;10;320.5;297.609375;[  0   1  24  26  27  46  52  66  98 105];32;32;0;0;0
I;26;2.0372791290283203;10;320.34375000000085;297.609375;[ 0  1 24 26 46 47 52 66 80 98];32;32;0;0;0
I;27;2.1004319190979004;10;319.90625;297.609375;[ 0  1 24 26 35 46 52 66 74 98];32;32;0;0;0
I;28;2.1613409519195557;10;319.8125000000008;297.609375;[  0   1  24  26  27  46  68  74  98 105];32;32;0;0;0
I;29;2.226400136947632;10;319.8125;297.609375;[  0   1  24  26  27  46  66  74  98 105];32;32;0;0;0
I;30;2.2896220684051514;10;319.75;297.609375;[  0   1  24  26  46  52  66  74  98 105];32;32;0;0;0
I;31;3.8054568767547607;10;319.09375;302.7890625;[ 0  1 24 26 35 46 52 68 80 98];56;60;0;0;0
I;32;3.902979850769043;10;319.0;302.7890625;[ 0  1 24 26 33 35 46 47 52 98];60;60;0;0;0
I;33;4.003431081771851;10;318.1953125;302.7890625;[  0   1  24  26  27  46  52  68  98 105];60;60;0;0;0
I;34;4.103914976119995;10;318.195312500001;302.7890625;[  0   1  24  26  27  46  52  66  98 105];60;60;0;0;0
I;35;4.203343868255615;10;318.1328125;302.7890625;[  0   1  24  26  33  46  52  80  98 105];60;60;0;0;0
I;36;4.30200982093811;10;318.1328125;302.7890625;[  0   1  24  26  46  52  66  80  98 105];60;60;0;0;0
I;37;4.401010036468506;10;318.03125;302.7890625;[  0   1   8  24  26  46  52  66  98 105];60;60;0;0;0
I;38;4.501811981201172;10;317.68750000000034;302.7890625;[ 0  1 24 26 27 46 66 74 80 98];60;60;0;0;0
I;39;4.623759031295776;10;317.6875;302.7890625;[ 0  1 24 26 46 52 66 74 80 98];60;60;0;0;0
I;40;4.730595827102661;10;317.3359375;302.7890625;[  0   1  24  26  27  46  66  74  98 105];60;60;0;0;0
I;41;4.838141918182373;10;317.2578125;302.7890625;[  0   1  24  26  46  52  66  74  98 105];60;60;0;0;0
I;42;7.4737229347229;10;316.953125;306.4375;[  0   1  24  26  46  52  66  80  98 105];96;108;0;0;0
I;43;7.673654079437256;10;316.8671875;306.4375;[  0   1  24  26  35  46  52  66  98 105];108;108;0;0;0
I;44;7.841012001037598;10;316.8671875;306.4375;[  0   1  24  26  46  47  52  66  98 105];108;108;0;0;0
I;45;8.010213851928711;10;316.65625;306.4375;[ 0  1 24 26 27 35 46 52 66 98];108;108;0;0;0
I;46;8.182218074798584;10;316.625;306.4375;[  0   1  24  26  27  46  52  66  98 105];108;108;0;0;0
I;47;8.351202011108398;10;316.40625;306.4375;[ 0  1 24 26 46 47 52 66 80 98];108;108;0;0;0
I;48;8.543384790420532;10;316.37890625;306.4375;[ 0  1 24 26 46 47 52 66 74 98];108;108;0;0;0
I;49;8.711490154266357;10;316.0;306.4375;[ 0 24 26 27 35 46 52 66 80 98];108;108;0;0;0
I;50;8.896002054214478;10;315.970703125;306.4375;[  0   1  24  26  46  52  66  74  98 105];108;108;0;0;0
I;51;13.482113122940063;10;315.8984375;308.9091796875;[  0   1  26  27  46  52  66  80  98 105];164;190;0;0;0
I;52;13.765129089355469;10;315.72265625;308.9091796875;[ 0  8 24 26 35 46 47 52 66 98];190;190;0;0;0
I;53;14.067310810089111;10;315.4375000000006;308.9091796875;[  0   1  24  26  27  33  46  74  98 105];190;190;0;0;0
I;54;14.359323024749756;10;315.4375;308.9091796875;[  0   1  24  26  27  46  66  74  98 105];190;190;0;0;0
I;55;14.646564960479736;10;315.3984375;308.9091796875;[  0   1  24  26  46  52  66  74  98 105];190;190;0;0;0
I;56;22.130284070968628;10;315.33203125;310.419189453125;[  0   1  24  26  27  33  46  52  98 105];256;318;0;0;0
I;57;22.615031957626343;10;315.33203125;310.419189453125;[  0   1  24  26  27  46  52  66  98 105];318;318;0;0;0
I;58;23.07888698577881;10;315.019775390625;310.419189453125;[  0   1  24  26  46  52  68  74  98 105];318;318;0;0;0
I;59;23.574136972427368;10;315.019775390625;310.419189453125;[  0   1  24  26  46  52  66  74  98 105];318;318;0;0;0
I;60;30.097844123840332;10;314.953125;310.7255859375;[  0   1  24  26  33  46  52  80  98 105];362;365;0;0;0
I;61;30.63730478286743;10;314.953125;310.7255859375;[  0   1  24  26  46  52  68  80  98 105];365;365;0;0;0
I;62;31.206349849700928;10;314.951171875;310.7255859375;[ 0  1 24 26 27 33 46 47 52 98];365;365;0;0;0
I;63;31.766856908798218;10;314.951171875;310.7255859375;[ 0  1 24 26 27 46 47 52 66 98];365;365;0;0;0
I;64;32.29454183578491;10;314.92333984375;310.7255859375;[  0   1  24  26  46  52  66  74  98 105];365;365;0;0;0
I;65;39.666167974472046;10;314.896484375;310.9775390625;[ 0  1 24 26 33 35 46 52 74 98];410;417;0;0;0
I;66;40.29548692703247;10;314.896484375;310.9775390625;[ 0  1 24 26 35 46 52 66 74 98];417;417;0;0;0
I;67;40.929457902908325;10;314.87487792968824;310.9775390625;[  0   1  24  26  46  52  66  74  98 105];417;417;0;0;0
I;68;49.08574604988098;10;314.87109375;311.179931640625;[  0   1   8  24  26  46  52  66  98 105];461;470;0;0;0
I;69;49.78654503822327;10;314.84289550781307;311.179931640625;[  0   1  24  26  46  52  66  74  98 105];470;470;0;0;0
I;70;58.434382915496826;10;314.8238525390625;311.3189697265625;[  0   1  24  26  46  52  66  74  98 105];503;512;0;0;0
I;71;67.40242099761963;10;314.80810546875;311.42205810546875;[  0   1  24  26  46  52  66  74  98 105];531;546;0;0;0
I;72;76.46271896362305;10;314.79949951171875;311.50244140625;[  0   1  24  26  46  52  66  74  98 105];555;570;0;0;0
I;73;85.65704894065857;10;314.794189453125;311.54376220703125;[  0   1  24  26  46  52  66  74  98 105];571;586;0;0;0
I;74;95.07277488708496;10;314.78839111328125;311.58770751953125;[  0   1  24  26  46  52  66  74  98 105];581;598;0;0;0
I;75;104.34763407707214;10;314.78607177734375;311.6080322265625;[  0   1  24  26  46  52  66  74  98 105];587;605;0;0;0
I;76;113.57539582252502;10;314.78497314453125;311.618408203125;[  0   1  24  26  46  52  66  74  98 105];591;609;0;0;0
I;77;122.83931803703308;10;314.78497314453125;311.626708984375;[  0   1  24  26  46  52  66  74  98 105];594;612;0;0;0
I;78;132.03677606582642;10;314.78497314453125;311.634521484375;[  0   1  24  26  46  52  66  74  98 105];596;614;0;0;0
I;79;141.27392601966858;10;314.78387451171875;311.6368408203125;[  0   1  24  26  46  52  66  74  98 105];597;615;0;0;0
