I;1;0.3802011013031006;10;259.0;0;[  0   1   2   3   4   5   6  18  51 116];1;1
I;2;0.7762961387634277;10;241.0;0.0;[  0   1   2   3   4  18  51 101 116 168];1;1
I;3;1.181190013885498;10;241.0;0.0;[  0   1  18  43  51  67 101 116 166 168];1;1
I;4;1.584691047668457;10;241.0;0.0;[  0   1  18  51  67 101 116 167 168 263];1;1
I;5;2.0357441902160645;10;241.0;0.0;[  0   1  18  51  67 101 116 167 168 263];2;2
I;6;2.576051950454712;10;241.0;0.0;[  0   1  18  51  67 101 116 167 168 263];4;4
I;7;3.2644622325897217;10;241.0;0.0;[  0   1  18  51  67 101 116 167 168 263];8;8
I;8;4.25383996963501;10;241.0;0.0;[  0   1  18  51  67 101 116 167 168 263];16;16
I;9;5.858272075653076;10;241.0;0.0;[  0   1  18  51  67 101 116 167 168 263];32;32
I;10;8.691930055618286;10;241.0;0.0;[  0   1  18  51  67 101 116 167 168 263];64;64
I;11;14.009907007217407;10;241.0;0.0;[  0   1  18  43  51 101 116 166 167 168];128;128
I;12;15.911059141159058;10;241.0;0.0;[  0   1  18  51  67 101 109 116 168 262];128;128
I;13;27.692269802093506;10;241.0;0.0;[  0   1  18  51  67 101 109 116 168 262];256;256
I;14;50.860153913497925;10;241.0;0.0;[  0   1  18  51  67 101 109 116 168 262];512;512
I;15;96.76596307754517;10;241.0;0.0;[  0   1  18  51  67 101 109 116 168 262];1024;1024
I;16;189.9205300807953;10;241.0;0.0;[  0   1  18  51  67 101 109 116 168 262];2048;2048
I;17;383.2029662132263;10;241.0;0.0;[  0   1  18  51  67 101 109 116 168 262];4096;4096
I;18;796.8647019863129;10;241.0;0.0;[  0   1  18  51  67 101 109 116 168 262];8192;8192
I;19;1699.0796360969543;10;241.0;0.0;[  0   1  18  51  67 101 109 116 168 262];16384;16384
