I;1;0.37395191192626953;10;282.0;0;[  0   1   2   7 257 298 312 320 384 397];1;1
I;2;0.7813880443572998;10;233.0;0.0;[  7 110 118 150 219 253 312 320 390 397];1;1
I;3;1.1876368522644043;10;214.0;0.0;[  1   7 100 110 219 253 312 320 390 397];1;1
I;4;1.595785140991211;10;212.0;0.0;[  1   7 100 110 219 257 312 329 390 397];1;1
I;5;2.0012950897216797;10;203.0;0.0;[  1   7 100 110 210 219 320 329 390 397];1;1
I;6;2.4098970890045166;10;200.0;0.0;[  1   7 100 110 210 219 257 312 313 397];1;1
I;7;2.8227460384368896;10;198.0;0.0;[  7 100 110 210 219 257 329 357 384 397];1;1
I;8;3.222722053527832;10;193.0;0.0;[  1   7 100 110 196 210 219 257 313 397];1;1
I;9;3.629189968109131;10;193.0;0.0;[  1   7 100 110 210 253 257 329 357 397];1;1
I;10;4.042524099349976;10;193.0;0.0;[  1   7 100 110 118 196 210 257 313 397];1;1
I;11;4.629192113876343;10;193.0;0.0;[  1   7 100 110 118 196 210 257 313 397];2;2
I;12;5.4031689167022705;10;193.0;0.0;[  1   7 100 110 118 196 210 257 313 397];4;4
I;13;6.576632022857666;10;193.0;0.0;[  1   7 100 110 118 196 210 257 313 397];8;8
I;14;8.529027938842773;10;193.0;0.0;[  1   7 100 110 118 196 210 257 313 397];16;16
I;15;12.12233304977417;10;193.0;0.0;[  1   7 100 110 118 196 210 257 313 397];32;32
I;16;18.8417010307312;10;193.0;0.0;[  1   7 100 110 118 196 210 257 313 397];64;64
I;17;32.06107783317566;10;193.0;0.0;[  1   7 100 110 118 196 210 257 313 397];128;128
I;18;58.026161193847656;10;193.0;0.0;[  1   7 100 110 118 210 254 257 329 397];256;256
I;19;109.60802292823792;10;193.0;0.0;[  1   7 100 110 118 210 254 257 329 397];512;512
I;20;213.6768560409546;10;193.0;0.0;[  1   7 100 110 118 210 254 257 329 397];1024;1024
I;21;427.7763931751251;10;193.0;0.0;[  1   7 100 110 118 210 254 257 329 397];2048;2048
I;22;882.8106470108032;10;193.0;0.0;[  1   7 100 110 118 210 254 257 329 397];4096;4096
I;23;1898.1072301864624;10;193.0;0.0;[  1   7 100 110 118 210 254 257 329 397];8192;8192
