1;0.3934311866760254;10;153.0;0;[  0   1   2   3   4   5   6   7  29 246];1;1
2;0.8622500896453857;10;153.0;0.0;[  0   1   2   3   4   5   6   7  29 246];2;2
3;1.3952710628509521;10;153.0;0.0;[  0   1   2   3   4   5   6   7  29 246];4;4
4;2.0573630332946777;10;153.0;0.0;[  0   1   2   3   4   5   6   7  29 246];8;8
5;2.9938769340515137;10;153.0;18.9375;[  0   1   2   3   6  29 246 293 343 390];14;15
6;3.4336531162261963;10;153.0;18.9375;[  0  29 246 293 311 384 386 387 388 389];15;15
7;4.503086090087891;10;153.0;143.1875;[  0  29 246 293 311 383 384 385 386 387];2;16
8;5.6095850467681885;10;153.0;147.9375;[  0  29 246 293 311 383 384 385 386 387];2;17
9;6.806925058364868;10;153.0;147.9375;[  0   4  29 111 229 246 293 384 387 389];4;19
10;8.360880851745605;10;153.0;50.1875;[  0   4  29 111 229 246 293 383 384 385];26;32
11;10.50993013381958;10;153.0;100.84375;[  0   4  29 111 229 246 268 293 384 385];28;46
12;13.256188869476318;10;153.0;127.05859375;[  0   4  29 111 246 268 311 384 388 390];26;59
12;15.724241018295288;10;153.0;153.0;[  0   4  29 111 246 268 311 384 388 390];0;59
1;0.382796049118042;10;153.0;0;[  0   1   2   3   4   5   6   7  29 246];1;1;0;0
2;0.8597559928894043;10;153.0;0.0;[  0   1   4  29 111 229 246 268 311 390];2;2;1;1
2;0.9537711143493652;10;153.0;153.0;[  0   1   4  29 111 229 246 268 311 390];0;2;1;1
1;0.4054698944091797;10;153.0;0;[  0   1   2   3   4   5   6   7  29 246];1;1;0;0
2;0.9001479148864746;10;153.0;0.0;[  0   1   4  29 111 229 246 268 311 390];2;2;1;1
2;0.99416184425354;10;153.0;153.0;[  0   1   4  29 111 229 246 268 311 390];0;2;1;1
I;1;0.39627599716186523;10;153.0;0;[  0   1   2   3   4   5   6   7  29 246];1;1;0;0;0
I;2;0.8912179470062256;10;153.0;0.0;[  0   1   4  29 111 229 246 268 311 390];2;2;1;1;0.0021958351135253906
C;2;0.9900000095367432;10;153.0;153.0;[  0   1   4  29 111 229 246 268 311 390];0;2;1;1;0.0021958351135253906
