1;0.3903629779815674;10;234.0;0;[  0   1   2   3   4   5   6   7 177 190];1;1
2;0.8009638786315918;10;234.0;0.0;[  0   4  80 147 152 177 189 190 197 213];1;1
3;1.2231471538543701;10;234.0;0.0;[  4 131 152 177 190 227 228 229 230 231];1;1
4;1.6397089958190918;10;234.0;0.0;[  4  93 155 177 189 190 197 227 230 231];1;1
5;2.0515429973602295;10;234.0;0.0;[  4  50 152 155 177 190 227 230 231 232];1;1
6;2.7131330966949463;10;234.0;0.0;[  4  50 155 177 189 190 197 227 228 231];4;4
7;3.1370561122894287;10;234.0;0.0;[  4  50 152 155 177 190 197 227 230 232];4;4
8;3.8875529766082764;10;234.0;0.0;[  4   5  80 131 149 152 177 189 190 197];8;8
9;4.30702018737793;10;234.0;0.0;[  4  94 131 149 152 155 177 189 190 197];8;8
10;4.730915069580078;10;234.0;0.0;[  0   4  50  80 149 152 177 189 190 197];8;8
11;5.856269836425781;10;231.1953125;0.0;[  0   4  50 149 152 177 189 190 195 197];16;16
12;6.294666051864624;10;231.1171875;0.0;[  0   4  50 149 152 177 189 190 195 197];16;16
13;8.09289002418518;10;229.853515625;14.625;[  4  94 124 131 149 152 177 189 190 197];30;31
14;8.591416835784912;10;229.267578125;14.625;[  0   4  50 124 149 152 177 189 190 197];31;31
15;9.070138931274414;10;229.201171875;14.625;[  0   4  50  80 149 152 177 189 190 197];31;31
16;9.545737028121948;10;229.107421875;14.625;[  0   4  50  80 149 152 177 189 190 197];31;31
17;12.466056108474731;10;228.41943359375;57.03125;[  0   4  50  80 149 152 177 189 190 197];48;55
18;17.104780197143555;10;228.19775390625;91.9072265625;[  0   4  50  80 149 152 177 189 190 197];76;93
19;24.63087010383606;10;228.0482177734375;118.037109375;[  0   4  50  80 149 152 177 189 190 197];122;154
20;36.681663036346436;10;227.9423828125;138.5032958984375;[  0   4  50  80 149 152 155 177 190 197];198;253
21;37.878823041915894;10;227.936279296875;138.5032958984375;[  0   4  50  80 149 152 177 189 190 197];253;253
22;57.30308413505554;10;227.82135009765625;158.322021484375;[  0   4  50  80 149 152 177 189 190 197];308;407
23;88.50637006759644;10;227.72896194458008;174.78623962402344;[  0   4  50  80 149 152 177 189 190 197];468;641
24;137.3011908531189;10;227.6696376800537;187.35602188110352;[  0   4  50  80 149 152 177 189 190 197];710;996
25;215.32477712631226;10;227.62555408477783;196.94512748718262;[  0   4  50  80 149 152 177 189 190 197];1074;1533
26;340.20977902412415;10;227.59573316574097;204.5876340866089;[  0   4  50  80 149 152 177 189 190 197];1596;2331
27;540.1867070198059;10;227.57646882534027;210.28134083747864;[  0   4  50  80 149 152 177 189 190 197];2368;3515
28;877.5620520114899;10;227.56346625089645;214.5138328075409;[  0   4  50  80 149 152 177 189 190 197];3510;5270
29;1426.2239849567413;10;227.55539041757584;217.98682409524918;[  0   4  50  80 149 152 177 189 190 197];5016;7778
30;2330.4095549583435;10;227.55040627717972;220.68883746862411;[  0   4  50  80 149 152 177 189 190 197];6920;11238
31;3453.2138619422913;10;227.5440116226673;222.6726329922676;[  4  50  80 131 149 152 155 177 190 197];9276;15876
32;3567.791864156723;10;227.53945069015026;222.6726329922676;[  4  50  80 131 149 152 155 177 190 197];15876;15876
I;1;0.3822500705718994;10;234.0;0;[  0   1   2   3   4   5   6   7 177 190];1;1
I;2;0.7855548858642578;10;234.0;0.0;[  0   4  80 147 152 177 189 190 197 213];1;1
I;3;1.1870460510253906;10;234.0;0.0;[  4 131 152 177 190 227 228 229 230 231];1;1
I;4;1.5801968574523926;10;234.0;0.0;[  4  93 155 177 189 190 197 227 230 231];1;1
I;5;1.9823708534240723;10;234.0;0.0;[  4  50 152 155 177 190 227 230 231 232];1;1
I;6;2.6397979259490967;10;234.0;0.0;[  4  50 155 177 189 190 197 227 228 231];4;4
I;7;3.050132989883423;10;234.0;0.0;[  4  50 152 155 177 190 197 227 230 232];4;4
I;8;3.8039488792419434;10;234.0;0.0;[  4   5  80 131 149 152 177 189 190 197];8;8
I;9;4.2164177894592285;10;234.0;0.0;[  4  94 131 149 152 155 177 189 190 197];8;8
I;10;4.6394970417022705;10;234.0;0.0;[  0   4  50  80 149 152 177 189 190 197];8;8
I;11;5.77886176109314;10;231.1953125;0.0;[  0   4  50 149 152 177 189 190 195 197];16;16
I;12;6.221266984939575;10;231.1171875;0.0;[  0   4  50 149 152 177 189 190 195 197];16;16
I;13;8.059431076049805;10;229.853515625;14.625;[  4  94 124 131 149 152 177 189 190 197];30;31
I;14;8.562740087509155;10;229.267578125;14.625;[  0   4  50 124 149 152 177 189 190 197];31;31
I;15;9.042342901229858;10;229.201171875;14.625;[  0   4  50  80 149 152 177 189 190 197];31;31
I;16;9.516324996948242;10;229.107421875;14.625;[  0   4  50  80 149 152 177 189 190 197];31;31
I;17;12.5204439163208;10;228.41943359375;57.03125;[  0   4  50  80 149 152 177 189 190 197];48;55
I;18;17.31048083305359;10;228.19775390625;95.6064453125;[  0   4  50  80 149 152 177 189 190 197];74;92
I;19;24.752860069274902;10;228.0482177734375;125.4375;[  0   4  50  80 149 152 177 189 190 197];114;149
I;20;36.79319787025452;10;227.9453125;146.8035888671875;[  0   4  50  80 149 152 155 177 190 197];180;239
I;21;37.94681978225708;10;227.939208984375;146.8035888671875;[  0   4  50  80 149 152 177 189 190 197];239;239
I;22;56.84697890281677;10;227.82867431640625;165.1181640625;[  0   4  50  80 149 152 177 189 190 197];278;378
I;23;87.16578698158264;10;227.73921585083008;178.7825164794922;[  0   4  50  80 149 152 177 189 190 197];432;594
I;24;135.4032599925995;10;227.6809902191162;189.50325775146484;[  0   4  50  80 149 152 177 189 190 197];670;929
I;25;213.3118839263916;10;227.6378526687622;198.22323989868164;[  0   4  50  80 149 152 177 189 190 197];1024;1441
I;26;337.8277928829193;10;227.6086344718933;205.42921543121338;[  0   4  50  80 149 152 177 189 190 197];1526;2204
I;27;533.9069979190826;10;227.58962953090668;211.0045006275177;[  0   4  50  80 149 152 177 189 190 197];2244;3326
I;28;863.3342099189758;10;227.57688641548157;215.29999685287476;[  0   4  50  80 149 152 177 189 190 197];3244;4948
I;29;1402.0301189422607;10;227.56914567947388;218.77621626853943;[  0   4  50  80 149 152 177 189 190 197];4482;7189
I;30;2210.744369029999;10;227.56449910998344;221.34640660881996;[  0   4  50  80 149 152 177 189 190 197];5998;10188
I;31;3197.7789866924286;10;227.5447193160653;223.1683093905449;[  4  50  80 131 149 152 155 177 190 197];7792;14084
I;32;3307.4885478019714;10;227.5407465621829;223.1683093905449;[  4  50  80 131 149 152 155 177 190 197];14084;14084
I;1;0.38565874099731445;10;234.0;0;[  0   1   2   3   4   5   6   7 177 190];1;1
I;2;0.7873039245605469;10;234.0;0;[  0   4  80 147 152 177 189 190 197 213];1;1
I;3;1.1920156478881836;10;234.0;0;[  4 131 152 177 190 227 228 229 230 231];1;1
I;4;1.595578670501709;10;234.0;0;[  4  93 155 177 189 190 197 227 230 231];1;1
I;5;1.999680757522583;10;234.0;0;[  4  50 152 155 177 190 227 230 231 232];1;1
I;6;2.8010478019714355;10;234.0;185.125;[  4  50 155 177 189 190 197 227 228 231];4;4
I;7;3.202392816543579;10;234.0;185.125;[  4  50 152 155 177 190 197 227 230 232];4;4
I;8;4.148573875427246;10;234.0;202.96875;[  4   5  80 131 149 152 177 189 190 197];8;8
I;9;4.5604088306427;10;234.0;202.96875;[  4  94 131 149 152 155 177 189 190 197];8;8
I;10;4.975589752197266;10;234.0;202.96875;[  0   4  50  80 149 152 177 189 190 197];8;8
I;11;6.495595693588257;10;231.1953125;215.1171875;[  0   4  50 149 152 177 189 190 195 197];16;16
I;12;6.932633638381958;10;231.1171875;215.1171875;[  0   4  50 149 152 177 189 190 195 197];16;16
I;13;9.470008611679077;10;229.853515625;219.396484375;[  4  94 124 131 149 152 177 189 190 197];30;31
I;14;9.971717834472656;10;229.267578125;219.396484375;[  0   4  50 124 149 152 177 189 190 197];31;31
I;15;10.44795274734497;10;229.201171875;219.396484375;[  0   4  50  80 149 152 177 189 190 197];31;31
I;16;10.923016786575317;10;229.107421875;219.396484375;[  0   4  50  80 149 152 177 189 190 197];31;31
I;17;15.048073768615723;10;228.41943359375;222.212890625;[  0   4  50  80 149 152 177 189 190 197];48;55
I;18;20.08294177055359;10;228.19775390625;223.619873046875;[  0   4  50  80 149 152 177 189 190 197];74;92
I;19;27.737144708633423;10;228.0482177734375;224.4691162109375;[  0   4  50  80 149 152 177 189 190 197];114;149
I;20;39.91389799118042;10;227.9453125;225.04327392578125;[  0   4  50  80 149 152 155 177 190 197];180;239
I;21;41.05232381820679;10;227.939208984375;225.04327392578125;[  0   4  50  80 149 152 177 189 190 197];239;239
I;22;66.30494689941406;10;227.82867431640625;225.53585052490234;[  0   4  50  80 149 152 177 189 190 197];278;378
C;22;95.26241278648376;10;227.82867431640625;225.86118698120117;[  0   4  50  80 149 152 177 189 190 197];0;594
