1;0.4139280319213867;10;418.0;0;[  0   1   2   3   4  67 102 125 153 155];1;1
2;0.8357782363891602;10;418.0;0.0;[  0   1  67  68 102 125 131 153 155 158];1;1
3;1.2499630451202393;10;418.0;0.0;[  1  67  77 102 125 131 146 153 155 158];1;1
4;1.667823076248169;10;409.0;0.0;[  1  41  67  68  77 102 146 153 155 158];1;1
5;2.090761184692383;10;407.0;0.0;[  1  41  57  67  77  96 102 153 155 158];1;1
6;2.5185391902923584;10;399.0;0.0;[  1  41  67  77  88  96 102 153 155 158];1;1
7;2.941895008087158;10;384.0;0.0;[  1  41  67  77  84  88  96 102 155 158];1;1
8;3.362295150756836;10;383.0;0.0;[  1  56  67  77  83  84  88 153 155 158];1;1
9;3.7945659160614014;10;382.0;0.0;[  1  56  67  77  96 102 119 153 155 158];1;1
10;4.3088579177856445;10;382.0;0.0;[  1  56  67  77  96 102 119 153 155 158];2;2
11;4.949104070663452;10;367.25;0.0;[  1  41  56  67  77 102 119 153 155 158];4;4
12;5.415886878967285;10;363.75;0.0;[  1  41  56  67  77  96 102 153 155 158];4;4
13;5.882471084594727;10;363.0;0.0;[  1  84  88  96 102 121 131 146 153 155];4;4
14;6.341357946395874;10;362.75;0.0;[  1  56  67  84  96 102 146 153 155 158];4;4
15;7.306112051010132;10;362.4375;0.0;[  1  21  41  56  67  77 102 153 155 158];8;8
16;7.797338008880615;10;361.75;0.0;[  1  56  67  84  96 102 146 153 155 158];8;8
17;9.229753017425537;10;361.4453125;47.625;[  1  56  67  84  96 102 146 153 155 158];14;15
18;11.190909147262573;10;360.220703125;138.671875;[  1  56  67  84  96 102 146 153 155 158];20;25
19;13.712236881256104;10;359.8466796875;212.47265625;[  1  56  67  84  96 102 146 153 155 158];26;38
20;17.135573148727417;10;359.62939453125;256.1484375;[  1  56  67  84  96 102 146 153 155 158];36;56
21;21.7514431476593;10;359.5206298828125;290.4951171875;[  1  56  67  84  96 102 146 153 155 158];48;80
22;28.040715217590332;10;359.44903564453125;313.072998046875;[  1  56  67  84  96 102 146 153 155 158];64;112
23;35.966976165771484;10;359.4198455810547;331.665771484375;[  1  56  67  84  96 102 146 153 155 158];76;150
24;45.416502237319946;10;359.39757537841797;343.5108184814453;[  1  56  67  84  96 102 146 153 155 158];86;193
25;56.13144898414612;10;359.3908462524414;351.11544036865234;[  1  56  67  84  96 102 146 153 155 158];88;237
26;68.70320224761963;10;359.3867130279541;354.66942596435547;[  1  56  67  84  96 102 146 153 155 158];98;286
27;82.56243586540222;10;359.3849883079529;357.00210762023926;[  1  56  67  84  96 102 146 153 155 158];94;333
28;97.5580370426178;10;359.38435530662537;358.1221327781677;[  1  56  67  84  96 102 146 153 155 158];90;378
29;113.12914800643921;10;359.3841080665589;358.6826322078705;[  1  56  67  84  96 102 146 153 155 158];82;419
30;128.77105903625488;10;359.38401544094086;358.9796829223633;[  1  56  67  84  96 102 146 153 155 158];60;449
31;143.70204305648804;10;359.3839893043041;359.1084166765213;[  1  56  67  84  96 102 146 153 155 158];30;464
32;157.6270990371704;10;359.38398154079914;359.14130875468254;[  1  56  67  84  96 102 146 153 155 158];14;471
33;171.1010661125183;10;359.38398037850857;359.1498817652464;[  1  56  67  84  96 102 146 153 155 158];4;473
33;182.33864521980286;10;359.38398037850857;359.1513081341982;[  1  56  67  84  96 102 146 153 155 158];0;473
