1;0.3969881534576416;10;377.0;0;[  0   1   2   3   4   6 150 183 192 202];1;1
2;0.8073031902313232;10;359.0;0.0;[  0   2   6  54  81 101 150 183 192 202];1;1
3;1.2351889610290527;10;359.0;0.0;[  2   6  54  81 101 105 150 183 192 202];1;1
4;1.650670051574707;10;359.0;0.0;[  2   6  48  54  57  81 101 183 202 224];1;1
5;2.0676350593566895;10;359.0;0.0;[  2   6  48  54  81 101 120 166 183 202];1;1
6;2.5681800842285156;10;341.25;0.0;[  2   6  48  54  81 101 166 171 183 202];2;2
7;3.16555118560791;10;337.25;0.0;[  2   6  54  55  81 101 105 183 192 202];4;4
8;3.598992109298706;10;337.25;0.0;[  2   6  48  54  55  81 101 183 192 202];4;4
9;4.393871068954468;10;335.75;0.0;[  2   6  48  54  55  56 101 155 183 202];8;8
10;5.5571770668029785;10;335.09375;37.8125;[  2   6  48  54  55 101 113 171 183 202];14;15
11;7.315860033035278;10;333.33984375;57.09375;[  2   6  48  54  55 101 113 171 183 202];26;28
12;9.782838106155396;10;332.8125;142.890625;[  2   6  48  54  55 101 113 171 183 202];34;45
13;13.414589881896973;10;332.544921875;185.9130859375;[  2   6  48  54  55 101 113 171 183 202];52;71
14;18.69177007675171;10;332.4737548828125;224.986328125;[  2   6  48  54  55 101 113 171 183 202];76;109
15;26.310983180999756;10;332.41009521484375;255.31591796875;[  2   6  48  54  55 101 113 171 183 202];108;163
16;37.388102293014526;10;332.3841247558594;275.65283203125;[  2   6  48  54  55 101 113 171 183 202];158;242
17;53.3897762298584;10;332.3632125854492;290.6924743652344;[  2   6  48  54  55 101 113 171 183 202];230;357
18;76.2980489730835;10;332.34851837158203;303.19437408447266;[  2   6  48  54  55 101 113 171 183 202];318;516
19;107.58625888824463;10;332.33897972106934;312.8050842285156;[  2   6  48  54  55 101 113 171 183 202];420;726
20;149.68403816223145;10;332.3324251174927;319.5375633239746;[  2   6  48  54  55 101 113 171 183 202];538;995
21;204.45474314689636;10;332.3281078338623;324.24417781829834;[  2   6  48  54  55 101 113 171 183 202];654;1322
22;272.7747859954834;10;332.32565784454346;327.45892095565796;[  2   6  48  54  55 101 113 171 183 202];732;1688
22;349.2887952327728;10;332.32565784454346;329.460574388504;[  2   6  48  54  55 101 113 171 183 202];0;2062
1;0.39421629905700684;10;377.0;0;[  0   1   2   3   4   6 150 183 192 202];1;1;0;0
2;0.797957181930542;10;359.0;0.0;[  0   2   6  54  81 101 150 183 192 202];1;1;0;0
3;1.1979641914367676;10;359.0;0.0;[  2   6  54  81 101 105 150 183 192 202];1;1;0;0
4;1.6024551391601562;10;359.0;0.0;[  2   6  48  54  57  81 101 183 202 224];1;1;0;0
5;2.0074071884155273;10;359.0;0.0;[  2   6  48  54  81 101 120 166 183 202];1;1;0;0
6;2.496861219406128;10;341.32183908045977;0.0;[  2   6  48  54  81 101 113 171 183 202];2;2;1;1
7;3.098771333694458;10;337.2758620689655;0.0;[  2   6  54  55  81 101 105 183 192 202];4;4;3;3
8;3.5310022830963135;10;337.2758620689655;0.0;[  2   6  48  54  55  81 101 183 192 202];4;4;3;3
9;4.325400114059448;10;334.5849649725791;0.0;[  2   6  48  54  55  56 101 155 183 202];8;8;7;7
10;5.506854295730591;10;333.39933462836353;45.83675508038465;[  2   3   6  48  54  55  81 101 183 202];14;15;14;13
11;7.404726028442383;10;333.28724547986144;17.435512099954924;[  2   6  48  54  55 101 113 171 183 202];28;29;28;21
12;10.174268245697021;10;332.7900504113181;88.76264168263091;[  2   6  48  54  55 101 113 171 183 202];38;48;47;34
13;14.53957223892212;10;332.6182774183382;132.1275976295856;[  2   6  48  54  55  56 101 113 183 202];62;79;78;54
14;15.202660322189331;10;332.5706068500057;132.1275976295856;[  2   6  48  54  55 101 113 171 183 202];79;79;78;54
15;21.73201632499695;10;332.4683028477178;174.70278903167977;[  2   6  48  54  55 101 155 171 183 202];90;124;123;80
16;30.84036612510681;10;332.43256008943035;220.44506345966298;[  2   6  48  54  55 101 155 171 183 202];118;183;182;111
17;43.04909801483154;10;332.4086327577317;240.11963006455335;[  2   6  48  54  55 101 113 171 183 202];150;258;257;146
18;58.89209818840027;10;332.3372438896222;264.68162602339106;[  2   6  48  54  55 101 155 171 183 202];182;349;348;199
19;78.56058430671692;10;332.31644012964034;280.73184924530256;[  2   6  48  54  55 101 155 171 183 202];210;454;453;253
20;101.73701310157776;10;332.2933060871889;300.1587037414994;[  2   6  48  54  55 101 155 171 183 202];216;562;561;316
21;129.22138905525208;10;332.2798241744013;307.7011870778826;[  2   6  48  54  55 101 155 171 183 202];246;685;684;381
22;162.06857824325562;10;332.2732532977771;314.19409742983015;[  2   6  48  54  55 101 155 171 183 202];288;829;828;461
23;202.6894133090973;10;332.2682691805345;317.4993099714639;[  2   6  48  54  55 101 155 171 183 202];358;1008;1007;560
24;250.09500813484192;10;332.2639351063275;321.58319695155615;[  2   6  48  54  55 101 155 171 183 202];398;1207;1206;665
25;302.71596217155457;10;332.26206524475464;325.7421520858254;[  2   6  48  54  55 101 155 171 183 202];382;1398;1397;768
26;358.163467168808;10;332.2604305150173;328.28433509866767;[  2   6  48  54  55 101 155 171 183 202];328;1562;1561;870
26;412.7596561908722;10;332.2604305150173;329.7523388822211;[  2   6  48  54  55 101 155 171 183 202];0;1697;1696;948
I;1;0.38889193534851074;10;377.0;0;[  0   1   2   3   4   6 150 183 192 202];1;1;0;0;0
I;2;0.800961971282959;10;359.0;0.0;[  0   2   6  54  81 101 150 183 192 202];1;1;0;0;0
I;3;1.2125928401947021;10;359.0;0.0;[  2   6  54  81 101 105 150 183 192 202];1;1;0;0;0
I;4;1.6223537921905518;10;359.0;0.0;[  2   6  48  54  57  81 101 183 202 224];1;1;0;0;0
I;5;2.0377888679504395;10;359.0;0.0;[  2   6  48  54  81 101 120 166 183 202];1;1;0;0;0
I;6;2.543520927429199;10;341.32183908045977;0.0;[  2   6  48  54  81 101 113 171 183 202];2;2;1;1;0.001567840576171875
I;7;3.1742348670959473;10;337.2758620689655;0.0;[  2   6  54  55  81 101 105 183 192 202];4;4;3;3;0.004866838455200195
I;8;3.609923839569092;10;337.2758620689655;0.0;[  2   6  48  54  55  81 101 183 192 202];4;4;3;3;0.004866838455200195
I;9;4.46660590171814;10;334.5849649725791;0.0;[  2   6  48  54  55  56 101 155 183 202];8;8;7;7;0.011627912521362305
I;10;5.6856348514556885;10;333.39933462836353;45.83675508038465;[  2   3   6  48  54  55  81 101 183 202];14;15;14;13;0.023015975952148438
I;11;7.655921936035156;10;333.28724547986144;17.435512099954924;[  2   6  48  54  55 101 113 171 183 202];28;29;28;21;0.04747724533081055
I;12;10.542426824569702;10;332.7900504113181;88.76264168263091;[  2   6  48  54  55 101 113 171 183 202];38;48;47;34;0.07921099662780762
I;13;14.569663047790527;10;332.6191783098241;186.09529855709417;[  2   6  48  54  55  56 101 113 183 202];50;73;72;54;0.1207883358001709
I;14;15.229783058166504;10;332.57060685000573;186.09529855709417;[  2   6  48  54  55 101 113 171 183 202];73;73;72;54;0.1207883358001709
I;15;20.48907709121704;10;332.49159583031417;238.1122652902972;[  2   6  48  54  55 101 113 171 183 202];60;103;102;73;0.1701669692993164
I;16;26.80029273033142;10;332.4614456125519;266.7160612355912;[  2   6  48  54  55 101 113 171 183 202];62;134;133;93;0.22242355346679688
I;17;34.056922912597656;10;332.4471669793616;285.5649922413241;[  2   6  48  54  55 101 113 171 183 202];64;166;165;110;0.2762908935546875
I;18;42.224602937698364;10;332.38747820696375;298.01090584371826;[  2   6  48  54  55 101 155 171 183 202];62;197;196;128;0.32897233963012695
I;19;51.01521682739258;10;332.37626394514723;308.00345063082716;[  2   6  48  54  55 101 113 171 183 202];56;225;224;139;0.3762993812561035
I;20;60.43987584114075;10;332.3575628203962;315.3369726393267;[  2   6  48  54  55 101 113 171 183 202];54;252;251;153;0.421522855758667
I;21;70.73871803283691;10;332.34571816833136;320.3582786955671;[  2   6  48  54  55 101 113 171 183 202];56;280;279;171;0.46765875816345215
I;22;81.67311692237854;10;332.34230250202415;324.500465601984;[  2   6  48  54  55 101 113 171 183 202];54;307;306;190;0.5134029388427734
I;23;92.7770140171051;10;332.3392936321182;327.27267513477085;[  2   6  48  54  55 101 113 171 183 202];40;327;326;203;0.54715895652771
I;24;104.04880285263062;10;332.3368052446754;328.9385010850885;[  2   6  48  54  55 101 113 171 183 202];32;343;342;213;0.5735516548156738
C;24;114.62814998626709;10;332.3368052446754;330.03017257691374;[  2   6  48  54  55 101 113 171 183 202];0;354;353;218;0.5916657447814941
