1;0.4088730812072754;10;199.0;0;[  0   1   2   3   4   5  53 122 131 372];1;1
2;0.904386043548584;10;199.0;0.0;[  0   1   2   3   4  53  56 122 131 372];2;2
3;1.4660089015960693;10;187.9375;0.0;[  0   1   2   3   4  53  56 122 131 372];4;4
4;2.159291982650757;10;187.9375;0.0;[  0   1   2   3   4  53  56 122 131 372];8;8
5;3.108640193939209;10;187.9375;24.875;[  0   1   2   3   4  53  56 122 131 372];14;15
6;4.487144947052002;10;187.9375;57.5859375;[  0   1   2   3   4  53  56 122 131 372];22;26
7;6.553554058074951;10;187.7607421875;82.4609375;[  0   1   2   3   4  53  56 122 131 372];36;44
8;9.629897117614746;10;187.7607421875;110.7919921875;[  0   1   2   3   4  53  56 122 131 372];52;70
9;14.327467203140259;10;187.6654052734375;128.494873046875;[  0  53  56 122 131 333 368 370 371 372];80;110
10;22.388303995132446;10;187.643310546875;22.80810546875;[  0  53  56 122 131 317 367 370 371 372];192;206
11;36.06561493873596;10;187.6162567138672;86.2227783203125;[  0   1   5  53  56 122 131 365 366 372];292;352
12;57.80931997299194;10;187.59628295898438;124.727783203125;[  0   1   5  53  56 122 131 326 333 372];424;564
13;91.04689121246338;10;187.57849884033203;147.4887466430664;[  0   1   5  53  56 122 131 326 333 372];600;864
14;140.94250917434692;10;187.5506820678711;161.13067817687988;[  0   5  53  56  62 122 131 326 333 372];860;1294
15;213.39871287345886;10;187.54169845581055;169.68684768676758;[  0   5  53  56  62 122 131 300 317 372];1178;1883
16;216.66539192199707;10;187.5406036376953;169.68684768676758;[  0  53  56  62 122 131 300 302 317 372];1883;1883
17;220.6641092300415;10;187.5414581298828;169.68684768676758;[  0   5  53  56  62 122 131 317 326 372];1883;1883
18;325.70612597465515;10;187.53170943260193;174.65464782714844;[  0   5  53  56  62 122 131 300 317 372];1636;2701
19;476.4010272026062;10;187.52021324634552;178.30487489700317;[  0   5  53  56  62 122 131 245 302 372];2274;3838
20;484.68892192840576;10;187.52347552776337;178.30487489700317;[  0   5  53  56 122 131 245 255 302 372];3838;3838
21;491.5110092163086;10;187.52148830890656;178.30487489700317;[  0   5  53  56 122 131 245 255 302 372];3838;3838
22;720.0891170501709;10;187.51626896858215;178.45643770694733;[  0   5  53  56 122 131 245 302 317 372];3694;5685
23;729.2596349716187;10;187.5160412788391;178.45643770694733;[  0   5  53  56 122 131 245 302 317 372];5685;5685
24;1054.1961290836334;10;187.51419904828072;183.15140557289124;[  0   1   5  53  56 122 131 245 317 372];4498;7934
25;1510.6909232139587;10;187.5200265198946;184.937144190073;[  0   5  53  56  62 122 131 230 317 372];5738;10803
26;1535.8733429908752;10;187.51109851896763;184.937144190073;[  0   5  53  56  62 122 131 245 317 372];10803;10803
27;2173.765068054199;10;187.50920571759343;185.79945620894432;[  0   5  53  56  62 122 131 245 317 372];7660;14633
28;3062.8395709991455;10;187.50805309973657;186.3262553550303;[  0   5  53  56  62 122 131 245 317 372];10302;19784
