I;1;0.4133880138397217;10;271.0;0;[  0   1   2   3   4   5   8 302 309 370];1;1
I;2;0.8555288314819336;10;271.0;0.0;[  0   5   8 273 285 302 307 309 327 370];1;1
I;3;1.3069679737091064;10;226.0;0.0;[  2   8 229 273 285 302 307 309 327 403];1;1
I;4;1.8262231349945068;10;226.0;0.0;[  2   8 229 273 285 302 307 309 327 403];2;2
I;5;2.4718618392944336;10;226.0;0.0;[  2   8   9  35 229 273 285 302 309 327];4;4
I;6;2.9197309017181396;10;225.0;0.0;[  2   8   9 181 227 229 285 302 307 309];4;4
I;7;3.402980089187622;10;221.25;0.0;[  2   8   9 181 229 273 285 302 309 327];4;4
I;8;3.8567028045654297;10;220.75;0.0;[  2   8 181 227 229 273 285 302 309 327];4;4
I;9;4.7833778858184814;10;216.96875;0.0;[  2   8   9 229 270 273 285 302 309 327];8;8
I;10;5.234046936035156;10;216.59375;0.0;[  2   5   8   9 229 273 285 302 309 327];8;8
I;11;5.690043926239014;10;216.34375;0.0;[  2   8   9 181 229 273 285 302 309 327];8;8
I;12;7.0936338901519775;10;215.03125;23.9375;[  2   8   9 229 270 273 285 302 309 327];14;15
I;13;9.368916988372803;10;213.3515625;35.90625;[  2   8   9 229 270 273 285 302 309 327];26;28
I;14;13.162676811218262;10;212.677734375;55.359375;[  2   8   9 229 270 273 285 302 309 327];46;51
I;15;19.48310875892639;10;212.189453125;85.3828125;[  2   8   9 229 270 273 285 302 309 327];74;88
I;16;29.273332834243774;10;211.846923828125;119.1904296875;[  2   8   9 229 270 273 285 302 309 327];108;142
I;17;43.79491877555847;10;211.5994873046875;146.1552734375;[  2   8   9 229 270 273 285 302 309 327];152;218
I;18;64.2186028957367;10;211.44189453125;168.1617431640625;[  2   8   9 229 270 273 285 302 309 327];200;318
I;19;91.94161581993103;10;211.3421630859375;183.05096435546875;[  2   8   9 229 270 273 285 302 309 327];260;448
I;20;129.60386300086975;10;211.29122161865234;192.36146545410156;[  2   8   9 229 270 273 285 302 309 327];346;621
I;21;179.4256739616394;10;211.26470184326172;199.04572296142578;[  2   8   9 229 270 273 285 302 309 327];440;841
I;22;244.15594291687012;10;211.2527084350586;203.39301300048828;[  2   8   9 229 270 273 285 302 309 327];550;1116
I;23;328.549596786499;10;211.24612140655518;206.0214443206787;[  2   8   9 229 270 273 285 302 309 327];698;1465
I;24;436.44953894615173;10;211.2424190044403;207.72589206695557;[  2   8   9 229 270 273 285 302 309 327];870;1900
I;25;572.3311738967896;10;211.2404443025589;208.875990152359;[  2   8   9 229 270 273 285 302 309 327];1026;2413
C;25;730.8741388320923;10;211.2404443025589;209.6415809392929;[  2   8   9 229 270 273 285 302 309 327];0;2963
