I;1;0.004690885543823242;10;1000000.0;0;[0 1 2 3 4 5 6 7 8 9];1;1;0;0;0
I;2;0.012727975845336914;10;454.0;0;[ 0  1  2  3  4  5 36 61 85 96];1;1;0;0;0
I;3;0.021275043487548828;10;454.0;0;[ 0  1  7 12 19 24 36 61 85 96];1;1;0;0;0
I;4;0.03014397621154785;10;454.0;0;[  1  12  24  36  60  61  62  85  96 126];1;1;0;0;0
I;5;0.08824896812438965;10;454.0;378.75;[  1  12  24  36  60  61  62  85  96 126];2;2;0;0;0.0009191036224365234
I;6;0.1750929355621338;10;454.0;395.375;[ 1 19 24 25 36 60 61 62 85 96];4;4;0;0;0.002561330795288086
I;7;0.1894209384918213;10;454.0;395.375;[ 1 12 16 19 36 60 61 62 85 96];4;4;0;0;0.002561330795288086
I;8;0.4081888198852539;10;454.0;406.25;[ 1 12 16 19 36 60 61 62 85 96];8;8;0;0;0.005844831466674805
I;9;0.7280259132385254;10;454.0;415.28125;[ 1 12 24 25 36 60 61 62 85 96];16;16;0;0;0.012674093246459961
I;10;0.7601938247680664;10;453.0;415.28125;[ 1  7 12 16 19 36 60 61 62 96];16;16;0;0;0.012674093246459961
I;11;0.7924809455871582;10;453.0;415.28125;[ 0  1 12 16 19 36 60 61 62 96];16;16;0;0;0.012674093246459961
I;12;0.8403499126434326;10;453.0;415.28125;[ 0  1  7 19 36 60 61 62 63 96];16;16;0;0;0.012674093246459961
I;13;0.8716189861297607;10;453.0;415.28125;[ 1  7 16 19 36 60 61 62 63 96];16;16;0;0;0.012674093246459961
I;14;0.9033598899841309;10;452.296875;415.28125;[ 1  7 19 36 60 61 62 68 85 96];16;16;0;0;0.012674093246459961
I;15;1.7669448852539062;10;452.046875;429.2578125;[ 0  1  7 19 36 60 61 62 63 96];32;32;0;0;0.025839567184448242
I;16;1.8217251300811768;10;451.359375;429.2578125;[ 1  7 12 16 19 36 60 61 62 96];32;32;0;0;0.025839567184448242
I;17;1.8761818408966064;10;451.296875;429.2578125;[ 1  7 16 19 36 60 61 62 63 96];32;32;0;0;0.025839567184448242
I;18;1.9327950477600098;10;451.09375;429.2578125;[ 0  1  7 19 36 60 61 62 63 96];32;32;0;0;0.025839567184448242
I;19;3.2842350006103516;10;450.87109375;439.08984375;[ 0  1  7 19 36 60 61 62 63 96];44;54;0;0;0.04358792304992676
I;20;5.410796880722046;10;450.580078125;441.2373046875;[ 0  1  7 19 36 60 61 62 63 96];74;91;0;0;0.07373642921447754
I;21;9.031322002410889;10;450.515625;443.280029296875;[ 1  7 16 24 36 60 61 62 63 96];128;155;0;0;0.12623119354248047
I;22;9.264591932296753;10;450.31567382812665;443.280029296875;[ 0  1  7 19 36 60 61 62 63 96];155;155;0;0;0.12623119354248047
I;23;15.666914939880371;10;450.06567382812665;444.7154541015625;[ 0  1 12 16 19 36 60 61 62 96];204;257;0;0;0.2098979949951172
I;24;16.06634211540222;10;450.04199218750176;444.7154541015625;[ 0  1 16 19 36 60 61 62 63 96];257;257;0;0;0.2098979949951172
I;25;16.44232988357544;10;449.9482421875;444.7154541015625;[ 0  1  7 19 36 60 61 62 63 96];257;257;0;0;0.2098979949951172
I;26;21.038352966308594;10;449.870361328125;444.86376953125;[ 0  1 19 24 36 60 61 62 63 96];260;268;0;0;0.21888399124145508
I;27;21.452809810638428;10;449.8564453125;444.86376953125;[ 0  1  7 19 36 60 61 62 63 96];268;268;0;0;0.21888399124145508
I;28;26.169880867004395;10;449.833984375;444.9619140625;[ 0  1  7 19 36 60 61 62 63 96];271;279;0;0;0.22782278060913086
I;29;30.992820978164673;10;449.82098388671875;445.07293701171875;[ 0  1  7 19 36 60 61 62 63 96];280;288;0;0;0.23509740829467773
I;30;35.882140159606934;10;449.78961181640625;445.15533447265625;[ 0  1  7 19 36 60 61 62 63 96];287;295;0;0;0.24095773696899414
I;31;40.83193898200989;10;449.7818298339844;445.1807861328125;[ 0  1  7 19 36 60 61 62 63 96];292;300;0;0;0.2450118064880371
I;32;45.85125398635864;10;449.7812194824219;445.1885986328125;[ 0  1  7 19 36 60 61 62 63 96];296;304;0;0;0.24826955795288086
I;33;50.88145184516907;10;449.7684631347656;445.2111511230469;[ 0  1  7 19 36 60 61 62 63 96];294;308;0;0;0.25147557258605957
I;34;55.95816111564636;10;449.7545471191406;445.2179870605469;[ 0  1  7 19 36 60 61 62 63 96];297;311;0;0;0.25388360023498535
I;35;61.01502990722656;10;449.7545471191406;445.2218933105469;[ 0  1  7 19 36 60 61 62 63 96];299;313;0;0;0.2555086612701416
I;36;66.09194207191467;10;449.7406311035156;445.2410583496094;[ 0  1  7 19 36 60 61 62 63 96];301;315;0;0;0.2571218013763428
C;36;71.16933703422546;10;449.7406311035156;445.2507019042969;[ 0  1  7 19 36 60 61 62 63 96];0;316;0;0;0.25804662704467773
I;1;0.004968881607055664;10;1000000.0;0;[0 1 2 3 4 5 6 7 8 9];1;1;0;0;0
I;2;0.012756109237670898;10;454.0;0;[ 0  1  2  3  4  5 36 61 85 96];1;1;0;0;0
I;3;0.021391868591308594;10;454.0;0;[ 0  1  7 12 19 24 36 61 85 96];1;1;0;0;0
I;4;0.030573129653930664;10;454.0;0;[  1  12  24  36  60  61  62  85  96 126];1;1;0;0;0
I;5;0.0971229076385498;10;454.0;391.7703703703704;[ 1 12 24 25 36 60 61 62 85 96];2;2;0;0;0
I;6;0.10715079307556152;10;454.0;391.7703703703704;[ 1 16 19 24 36 60 61 62 85 96];2;2;0;0;0
I;7;0.1183619499206543;10;453.0;391.7703703703704;[ 1 12 16 19 24 36 60 61 62 96];2;2;0;0;0
I;8;0.13033604621887207;10;453.0;391.7703703703704;[ 1  7 16 19 36 60 61 62 63 96];2;2;0;0;0
I;9;0.14272689819335938;10;453.0;391.7703703703704;[ 1  7 12 19 23 36 60 61 62 96];2;2;0;0;0
I;10;0.2629258632659912;10;453.0;415.2083676268861;[ 1 12 16 19 23 36 60 61 62 96];4;4;0;0;0
I;11;0.49275898933410645;10;453.0;415.2083676268861;[ 0  1 16 19 36 60 61 62 68 96];8;8;0;0;0
I;12;0.5140440464019775;10;453.0;415.2083676268861;[ 0  1  7 19 36 60 61 62 63 96];8;8;0;0;0
I;13;0.5358538627624512;10;452.0;415.2083676268861;[ 1  7 19 24 36 60 61 62 63 96];8;8;0;0;0
I;14;0.5603101253509521;10;450.4298696844993;415.2083676268861;[ 0  1 19 24 36 60 61 62 63 96];8;8;0;0;0
I;15;0.5858371257781982;10;450.4287265660722;415.2083676268861;[ 0  1  7 19 36 60 61 62 63 96];8;8;0;0;0
I;16;1.0575289726257324;10;450.41411751257436;432.24604476200943;[ 1  7 16 24 36 60 61 62 63 96];16;16;0;0;0
I;17;1.0925331115722656;10;450.20678631306345;432.24604476200943;[ 1  7 12 19 24 36 60 61 62 96];16;16;0;0;0
I;18;1.1297369003295898;10;450.1889231824417;432.24604476200943;[ 0  1 19 24 36 60 61 62 63 96];16;16;0;0;0
I;19;1.1638648509979248;10;450.05185566224804;432.24604476200943;[ 0  1  7 12 19 36 60 61 62 96];16;16;0;0;0
I;20;1.2006490230560303;10;449.94355505490023;432.24604476200943;[ 0  1 16 19 36 60 61 62 63 96];16;16;0;0;0
I;21;1.2386131286621094;10;449.88284022484225;432.24604476200943;[ 0  1  7 19 36 60 61 62 63 96];16;16;0;0;0
I;22;2.1368558406829834;10;449.8749242985498;436.00744776624043;[ 0  1  7 19 36 60 61 62 63 96];32;32;0;0;0
I;23;3.377195119857788;10;449.80711318312456;439.1328713253847;[ 1  7 12 19 23 36 60 61 62 96];60;62;0;0;0
I;24;3.482825994491577;10;449.7394855532982;439.1328713253847;[ 0  1 19 24 36 60 61 62 63 96];62;62;0;0;0
I;25;3.587393045425415;10;449.66421191872627;439.1328713253847;[ 0  1  7 19 36 60 61 62 63 96];62;62;0;0;0
I;26;6.665149927139282;10;449.6035502408522;441.86635516882296;[ 0  1 16 19 36 60 61 62 63 96];104;114;0;0;0
I;27;6.848694086074829;10;449.55857534163323;441.86635516882296;[ 1 16 19 24 36 60 61 62 63 96];114;114;0;0;0
I;28;7.033129930496216;10;449.54316010756946;441.86635516882296;[ 0  1 19 24 36 60 61 62 63 96];114;114;0;0;0
I;29;7.235508918762207;10;449.47749066171093;441.86635516882296;[ 0  1  7 19 36 60 61 62 63 96];114;114;0;0;0
I;30;12.56952714920044;10;449.4674462300244;443.4508124225586;[ 0  1 12 16 19 36 60 61 62 96];174;201;0;0;0
I;31;12.8781418800354;10;449.4580232815386;443.4508124225586;[ 0  1  7 19 36 60 61 62 63 96];201;201;0;0;0
I;32;16.27250599861145;10;449.45720685005216;444.06471787281254;[ 0  1  7 19 36 60 61 62 63 96];204;204;0;0;0
I;33;19.701592922210693;10;449.45720685005216;444.36161828527213;[ 0  1  7 19 36 60 61 62 63 96];207;207;0;0;0
I;34;23.21299409866333;10;449.45720685005216;444.5901170473232;[ 0  1  7 19 36 60 61 62 63 96];210;210;0;0;0
I;35;26.701655864715576;10;449.45720685005216;444.6859480033048;[ 0  1  7 19 36 60 61 62 63 96];209;213;0;0;0
I;36;30.2754008769989;10;449.4570027421805;444.7943952265031;[ 0  1  7 19 36 60 61 62 63 96];212;216;0;0;0
I;37;33.840797901153564;10;449.4570027421805;444.85654607334965;[ 0  1  7 19 36 60 61 62 63 96];214;218;0;0;0
I;38;37.432700872421265;10;449.4570027421805;444.9115846685185;[ 0  1  7 19 36 60 61 62 63 96];216;220;0;0;0
I;39;41.039944887161255;10;449.4570027421805;444.93050264543047;[ 0  1  7 19 36 60 61 62 63 96];217;221;0;0;0
I;40;44.65249800682068;10;449.4570027421805;444.93561381369744;[ 0  1  7 19 36 60 61 62 63 96];215;222;0;0;0
C;40;48.26799178123474;10;449.4570027421805;444.96500303123287;[ 0  1  7 19 36 60 61 62 63 96];0;223;0;0;0
