1;0.38062095642089844;10;342.0;0;[  0   1   2   3   4  34 102 116 346 366];1;1
2;0.7963807582855225;10;342.0;0.0;[  0   6  34 102 116 160 227 243 346 366];1;1
3;1.2119548320770264;10;284.0;0.0;[  0   1  41  62  77 102 116 144 159 160];1;1
4;1.6390318870544434;10;280.0;0.0;[  1  62  77 102 116 159 160 273 346 366];1;1
5;2.0588667392730713;10;278.0;0.0;[  0   1  34  62  77 116 159 160 273 366];1;1
6;2.47409987449646;10;278.0;0.0;[  0   1   6  34  62  77 116 159 273 366];1;1
7;2.9003708362579346;10;274.0;0.0;[  0   1  34  62  66  77 116 159 227 366];1;1
8;3.318605899810791;10;274.0;0.0;[  0   1   6  34  62  66  77 116 159 366];1;1
9;3.742236852645874;10;271.0;0.0;[  0   1   6  62  66 116 144 159 338 366];1;1
10;4.1567888259887695;10;269.0;0.0;[  0   1  62  77 116 160 288 338 346 366];1;1
11;4.579117059707642;10;268.0;0.0;[  0   1  40  62 116 159 160 288 346 366];1;1
12;4.997488737106323;10;268.0;0.0;[  0   1   6  34  40  62  66 116 159 366];1;1
13;5.418524742126465;10;268.0;0.0;[  0   1   6  34  40  62  66 102 159 366];1;1
14;5.838219881057739;10;266.0;0.0;[  0   1   6  34  40  62  66 116 159 366];1;1
15;6.469857931137085;10;266.0;0.0;[  0   1   6  34  40  62  66 116 159 366];2;2
16;7.396671772003174;10;263.8125;0.0;[  0   1  77 116 159 160 202 288 346 366];4;4
17;8.819211959838867;10;258.953125;0.0;[  0   1   6  34  62  66 116 159 202 366];8;8
18;11.203324794769287;10;258.953125;0.0;[  0   1   6  34  62  66 116 159 202 366];16;16
19;15.548829793930054;10;258.765625;0.0;[  0   1  66  77 116 159 160 202 346 366];32;32
20;23.524642944335938;10;258.734375;16.234375;[  0   1  66  77 116 159 160 202 346 366];60;62
21;37.31093978881836;10;258.4423828125;48.6875;[  0   1  66  77 116 159 160 202 346 366];104;114
22;60.324440002441406;10;258.20263671875;87.1796875;[  0   1  77 116 159 160 202 254 346 366];170;199
23;96.03364777565002;10;258.052001953125;130.09423828125;[  0   1  77 116 159 160 202 254 346 366];256;327
24;152.67563104629517;10;258.000732421875;159.111083984375;[  0   1  66  77 116 159 160 202 346 366];396;525
25;155.22918486595154;10;258.000732421875;159.111083984375;[  0   1  77 116 159 160 202 282 346 366];525;525
26;243.95716094970703;10;257.9612731933594;181.8089599609375;[  0   1  77 102 159 160 202 254 346 366];608;829
27;376.9771068096161;10;257.9216613769531;203.32449340820312;[  0   1  77 116 159 160 202 254 346 366];872;1265
28;584.9832508563995;10;257.9015884399414;215.609375;[  0   1  77 102 159 160 202 254 346 366];1302;1916
29;885.6434459686279;10;257.884241104126;230.54273986816406;[  0   1  77 102 159 160 202 254 346 366];1726;2779
30;1344.0180559158325;10;257.87254333496094;237.67659187316895;[  0   1  77 102 159 160 202 254 346 366];2532;4045
31;2076.5743458271027;10;257.8653736114502;242.82132625579834;[  0   1  77 102 159 160 202 254 346 366];3738;5914
32;3264.1261007785797;10;257.8599900007248;246.7194323539734;[  0   1  77 102 159 160 202 254 346 366];5472;8650
1;0.42406392097473145;10;342.0;0;[  0   1   2   3   4  34 102 116 346 366];1;1
2;0.8706769943237305;10;342.0;0.0;[  0   6  34 102 116 160 227 243 346 366];1;1
3;1.3214080333709717;10;284.0;0.0;[  0   1  41  62  77 102 116 144 159 160];1;1
4;1.7811660766601562;10;280.0;0.0;[  1  62  77 102 116 159 160 273 346 366];1;1
5;2.2388670444488525;10;278.0;0.0;[  0   1  34  62  77 116 159 160 273 366];1;1
6;2.6902899742126465;10;278.0;0.0;[  0   1   6  34  62  77 116 159 273 366];1;1
7;3.1529901027679443;10;274.0;0.0;[  0   1  34  62  66  77 116 159 227 366];1;1
8;3.6064372062683105;10;274.0;0.0;[  0   1   6  34  62  66  77 116 159 366];1;1
9;4.064847230911255;10;271.0;0.0;[  0   1   6  62  66 116 144 159 338 366];1;1
10;4.512145280838013;10;269.0;0.0;[  0   1  62  77 116 160 288 338 346 366];1;1
11;4.9658050537109375;10;268.0;0.0;[  0   1  40  62 116 159 160 288 346 366];1;1
12;5.4192540645599365;10;268.0;0.0;[  0   1   6  34  40  62  66 116 159 366];1;1
13;5.884552955627441;10;268.0;0.0;[  0   1   6  34  40  62  66 102 159 366];1;1
14;6.336592197418213;10;266.0;0.0;[  0   1   6  34  40  62  66 116 159 366];1;1
15;7.0172119140625;10;266.0;0.0;[  0   1   6  34  40  62  66 116 159 366];2;2
16;7.993689060211182;10;263.8125;0.0;[  0   1  77 116 159 160 202 288 346 366];4;4
17;9.5054452419281;10;258.953125;0.0;[  0   1   6  34  62  66 116 159 202 366];8;8
18;12.000864028930664;10;258.953125;0.0;[  0   1   6  34  62  66 116 159 202 366];16;16
19;16.532426118850708;10;258.765625;0.0;[  0   1  66  77 116 159 160 202 346 366];32;32
20;24.842313051223755;10;258.734375;16.234375;[  0   1  66  77 116 159 160 202 346 366];60;62
21;39.13347887992859;10;258.4423828125;48.6875;[  0   1  66  77 116 159 160 202 346 366];104;114
22;62.793899059295654;10;258.20263671875;87.1796875;[  0   1  77 116 159 160 202 254 346 366];170;199
23;99.340744972229;10;258.052001953125;130.09423828125;[  0   1  77 116 159 160 202 254 346 366];256;327
24;157.25916600227356;10;258.000732421875;159.111083984375;[  0   1  66  77 116 159 160 202 346 366];396;525
25;159.86256623268127;10;258.000732421875;159.111083984375;[  0   1  77 116 159 160 202 282 346 366];525;525
26;250.43255615234375;10;257.9612731933594;181.8089599609375;[  0   1  77 102 159 160 202 254 346 366];608;829
27;385.6345570087433;10;257.9216613769531;203.32449340820312;[  0   1  77 116 159 160 202 254 346 366];872;1265
28;596.2626821994781;10;257.9015884399414;215.609375;[  0   1  77 102 159 160 202 254 346 366];1302;1916
29;900.9026172161102;10;257.884241104126;230.54273986816406;[  0   1  77 102 159 160 202 254 346 366];1726;2779
30;1367.628186225891;10;257.87254333496094;237.67659187316895;[  0   1  77 102 159 160 202 254 346 366];2532;4045
31;2114.331388950348;10;257.8653736114502;242.82132625579834;[  0   1  77 102 159 160 202 254 346 366];3738;5914
32;3322.877125263214;10;257.8599900007248;246.7194323539734;[  0   1  77 102 159 160 202 254 346 366];5472;8650
