I;1;0.006438255310058594;10;1000000.0;0;[0 1 2 3 4 5 6 7 8 9];1;1;0;0;0
I;2;0.023494243621826172;10;243.0;0;[  0   1   2   3   4   5   6 223 281 309];1;1;0;0;0
I;3;0.04023408889770508;10;243.0;0;[  0   5   9  39  58 131 143 223 281 309];1;1;0;0;0
I;4;0.05633997917175293;10;221.0;0;[  2   5   9 114 143 223 281 341 342 345];1;1;0;0;0
I;5;0.07469511032104492;10;221.0;0;[  2   5   9  40  58 114 143 223 281 350];1;1;0;0;0
I;6;0.09218621253967285;10;221.0;0;[  2   5   9  40  58 114 143 223 281 317];1;1;0;0;0
I;7;0.22998619079589844;10;221.0;177.0;[  2   5   9  40  58 114 143 223 281 317];2;2;0;0;0.0009567737579345703
I;8;0.5041232109069824;10;221.0;191.875;[  0   2   9  40  58 114 223 281 309 317];4;4;0;0;0.0026979446411132812
I;9;0.9614388942718506;10;216.375;211.84375;[  2   8   9  14  40 114 143 223 281 309];6;7;0;0;0.005318164825439453
I;10;0.9925451278686523;10;216.375;211.84375;[  0   2   8  40  58 114 143 223 281 309];7;7;0;0;0.005318164825439453
I;11;1.0259990692138672;10;216.375;211.84375;[  0   2   8   9  40  58 114 223 281 309];7;7;0;0;0.005318164825439453
I;12;1.5741491317749023;10;216.375;213.203125;[  0   2   8   9  40  58 114 223 281 309];10;10;0;0;0.007824420928955078
I;13;2.0698559284210205;10;216.375;213.734375;[  0   2   8   9  40  58 114 223 281 309];11;11;0;0;0.008625507354736328
I;14;2.606541156768799;10;216.375;214.0;[  0   2   8   9  40  58 114 223 281 309];12;12;0;0;0.009430408477783203
I;15;3.192466974258423;10;216.375;214.11328125;[  0   2   8   9  58 114 143 223 281 309];13;13;0;0;0.010240316390991211
I;16;3.236664056777954;10;216.375;214.11328125;[  0   2   8   9  39  40 114 223 281 309];13;13;0;0;0.010240316390991211
C;16;3.8730690479278564;10;216.375;215.3046875;[  0   2   8   9  39  40 114 223 281 309];0;14;0;0;0.01115727424621582
