1;0.43077874183654785;10;245.0;0;[  0   1   2   3   8  85 241 265 271 335];1;1
2;0.8848240375518799;10;174.0;0.0;[  0   8  79  81  85 229 241 265 271 335];1;1
3;1.3294949531555176;10;174.0;0.0;[  8  79  81  85 229 241 271 288 335 362];1;1
4;1.842947006225586;10;174.0;0.0;[  8  79  81  85 229 241 271 288 335 362];2;2
5;2.4543609619140625;10;174.0;0.0;[  8  79  81  85 229 241 271 288 335 362];4;4
6;3.2366809844970703;10;174.0;0.0;[  8  79  81  85 229 241 271 288 335 362];8;8
7;4.375072956085205;10;174.0;0.0;[  8  79  81  85 229 241 271 288 335 362];16;16
8;6.2218828201293945;10;174.0;0.0;[  8  79  81  85 229 241 271 288 335 362];32;32
9;9.491790056228638;10;174.0;0.0;[  8  79  81  85 229 241 271 288 335 362];64;64
10;15.647502899169922;10;174.0;0.0;[  8  79  81  85 229 241 271 288 335 371];128;128
11;27.465284824371338;10;174.0;0.0;[  8  79  81  85 229 241 271 288 335 371];256;256
12;50.557127952575684;10;174.0;0.0;[  8  79  81  85 229 241 271 288 335 371];512;512
13;96.12336993217468;10;174.0;0.0;[  8  79  81  85 229 241 271 288 335 371];1024;1024
14;187.0346019268036;10;174.0;0.0;[  8  79  81  85 229 241 271 288 335 371];2048;2048
15;370.90587091445923;10;174.0;0.0;[  8  79  81  85 229 241 271 288 335 371];4096;4096
16;753.9682140350342;10;174.0;0.0;[  8  79  81  85 229 241 271 288 335 371];8192;8192
17;1566.0013999938965;10;174.0;0.0;[  8  79  81  85 229 241 271 288 335 371];16384;16384
18;3385.8130910396576;10;174.0;0.0;[  8  79  81  85 229 241 271 288 335 371];32768;32768
