I;1;0.005754709243774414;10;1000000.0;0;[0 1 2 3 4 5 6 7 8 9];1;1;0;0;0
I;2;0.018374919891357422;10;389.0;0;[  0   1   2   3   4  30  49  78  84 223];1;1;0;0;0
I;3;0.030800819396972656;10;369.0;0;[  0   3  28  30  49  84 122 210 216 223];1;1;0;0;0
I;4;0.046051979064941406;10;343.0;0;[  0   2   3  28  30  84 102 210 216 223];1;1;0;0;0
I;5;0.06134295463562012;10;339.0;0;[  0   3  22  28  30  84 102 176 210 223];1;1;0;0;0
I;6;0.07673072814941406;10;339.0;0;[  0   2   3  22  28  30  84 176 210 223];1;1;0;0;0
I;7;0.17687392234802246;10;339.0;271.0;[  0   2   3  22  28  30  84 176 210 223];2;2;0;0;0
I;8;0.38192296028137207;10;333.0;277.75;[  0   2   3  22  28  30  84 122 210 223];4;4;0;0;0
I;9;0.40548181533813477;10;333.0;277.75;[  0   2   3  22  28  49  84 210 216 223];4;4;0;0;0
I;10;0.42887401580810547;10;333.0;277.75;[  0   2   3  22  28  30  84 210 216 223];4;4;0;0;0
I;11;0.4528629779815674;10;330.625;277.75;[  0   2   3  22  28  30  84 176 210 223];4;4;0;0;0
I;12;0.87687087059021;10;326.4375;284.3125;[  0   2   3  22  28  30  84 176 210 223];8;8;0;0;0
I;13;1.5957579612731934;10;325.0;290.09375;[  0   2   3  28  71  84 176 210 213 223];15;15;0;0;0
I;14;1.6457898616790771;10;324.34375;290.09375;[  0   2   3  22  28  84 176 210 216 223];15;15;0;0;0
I;15;3.0537610054016113;10;324.15625;297.3125;[  0   2   3  28  30  84 176 193 210 223];30;30;0;0;0
I;16;3.1298868656158447;10;324.03125;297.3125;[  0   2   3  28  30  84 102 176 210 223];30;30;0;0;0
I;17;3.2066149711608887;10;324.03125;297.3125;[  0   2   3  22  28  30  84 176 210 223];30;30;0;0;0
I;18;3.285775899887085;10;323.86328125;297.3125;[  0   2   3  22  28  84 176 210 216 223];30;30;0;0;0
I;19;5.643944978713989;10;323.0;300.482421875;[  0   2   3  28  30  84 122 176 210 223];53;53;0;0;0
I;20;5.766037940979004;10;323.0;300.482421875;[  0   2   3  28  84 122 176 210 216 223];53;53;0;0;0
I;21;5.887983798980713;10;322.94140625;300.482421875;[  0   2   3  22  28  30  84 176 210 223];53;53;0;0;0
I;22;6.010921001434326;10;322.55078125;300.482421875;[  0   2   3  28  71  84 176 210 216 223];53;53;0;0;0
I;23;6.1573240756988525;10;322.55078125;300.482421875;[  0   3  22  28  84 105 176 210 216 223];53;53;0;0;0
I;24;6.282472848892212;10;322.55078125;300.482421875;[  0   2   3  22  28  84 176 210 216 223];53;53;0;0;0
I;25;10.424484014511108;10;322.0;302.8251953125;[  0   2   3  22  28  30  84 210 216 223];93;93;0;0;0
I;26;10.626723051071167;10;321.91015625;302.8251953125;[  0   2   3  28  84 122 176 210 216 223];93;93;0;0;0
I;27;10.831938982009888;10;321.87109375;302.8251953125;[  0   2   3  22  28  30  84 176 210 223];93;93;0;0;0
I;28;11.03809404373169;10;321.337890625;302.8251953125;[  0   2   3  28  84 102 176 210 216 223];93;93;0;0;0
I;29;11.238929748535156;10;321.3378906250013;302.8251953125;[  0   2   3  22  28  84 176 210 216 223];93;93;0;0;0
I;30;18.13511896133423;10;320.8847656250015;304.71630859375;[  0   2   3  28  84 122 176 210 216 223];158;158;0;0;0
I;31;18.4702787399292;10;320.5771484375;304.71630859375;[  0   2   3  22  28  30  84 176 210 223];158;158;0;0;0
I;32;18.835417985916138;10;320.53515625;304.71630859375;[  0   2   3  28  84 118 176 210 216 223];158;158;0;0;0
I;33;19.174050092697144;10;319.9736328125;304.71630859375;[  0   2   3  28  84 102 176 210 216 223];158;158;0;0;0
I;34;19.51071310043335;10;319.9736328125;304.71630859375;[  0   2   3  22  28  84 176 210 216 223];158;158;0;0;0
I;35;30.85503578186035;10;319.9545898437512;306.277587890625;[  0   2   3  22  28  30  84 176 210 223];262;262;0;0;0
I;36;31.39919686317444;10;319.79589843750136;306.277587890625;[  0   2   3  28  84 122 176 210 216 223];262;262;0;0;0
I;37;31.93289089202881;10;319.61328125;306.277587890625;[  0   2   3  28  84  91 122 176 210 223];262;262;0;0;0
I;38;32.49572777748108;10;319.36950683593847;306.277587890625;[  0   2   3  22  28  30  84 176 210 223];262;262;0;0;0
I;39;49.02227592468262;10;319.0244140625013;309.86724853515625;[  0   2   3  22  28  84 176 210 216 223];390;401;0;0;0
I;40;49.859580755233765;10;319.01403808593926;309.86724853515625;[  0   2   3  22  28  30  84 176 210 223];401;401;0;0;0
I;41;71.2884521484375;10;318.8552246093763;311.5950012207031;[  0   2   3  22  28  84 176 210 216 223];552;552;0;0;0
I;42;72.39790105819702;10;318.8359375;311.5950012207031;[  0   2   3  28  84 122 176 210 216 223];552;552;0;0;0
I;43;73.52293801307678;10;318.78308105468875;311.5950012207031;[  0   2   3  22  28  30  84 176 210 223];552;552;0;0;0
I;44;100.61182308197021;10;318.59765625;312.7596130371094;[  0   2   3  28  36  84 122 176 210 223];721;721;0;0;0
I;45;102.05521297454834;10;318.5682067871094;312.7596130371094;[  0   2   3  22  28  30  84 176 210 223];721;721;0;0;0
I;46;134.81853985786438;10;318.5313720703125;313.42320251464844;[  0   2   3  22  28  84 176 210 216 223];901;902;0;0;0
I;47;136.64334988594055;10;318.4140930175781;313.42320251464844;[  0   2   3  22  28  49  84 176 210 223];902;902;0;0;0
I;48;138.47533202171326;10;318.4140930175795;313.42320251464844;[  0   2   3  22  28  30  84 176 210 223];902;902;0;0;0
I;49;176.52081084251404;10;318.3472900390639;313.9161682128906;[  0   2   3  28  84 122 176 210 216 223];1069;1071;0;0;0
I;50;178.7519669532776;10;318.3466796875;313.9161682128906;[  0   2   3  28  36  84 176 210 216 223];1071;1071;0;0;0
I;51;181.07717084884644;10;318.3393554687513;313.9161682128906;[  0   2   3  22  28  30  84 176 210 223];1071;1071;0;0;0
I;52;223.48304510116577;10;318.3259277343765;314.25408935546875;[  0   2   3  22  28  84 176 210 216 223];1226;1231;0;0;0
I;53;225.9580638408661;10;318.29227447509766;314.25408935546875;[  0   2   3  22  28  78  84 176 210 223];1231;1231;0;0;0
I;54;228.47275686264038;10;318.2922744750988;314.25408935546875;[  0   2   3  22  28  30  84 176 210 223];1231;1231;0;0;0
I;55;273.527902841568;10;318.2483673095703;314.46459197998047;[  0   2   3  22  28  30  84 176 210 223];1356;1365;0;0;0
I;56;320.7951910495758;10;318.226318359375;314.621826171875;[  0   2   3  22  28  30  84 176 210 223];1461;1473;0;0;0
I;57;370.023992061615;10;318.2071228027344;314.74581146240234;[  0   2   3  22  28  30  84 176 210 223];1551;1563;0;0;0
I;58;420.0239119529724;10;318.19176483154297;314.84478759765625;[  0   2   3  22  28  30  84 176 210 223];1615;1627;0;0;0
I;59;470.3847737312317;10;318.1825942993164;314.88419342041016;[  0   2   3  22  28  30  84 176 210 223];1655;1667;0;0;0
I;60;521.0931148529053;10;318.1775588989258;314.91568756103516;[  0   2   3  22  28  30  84 176 210 223];1685;1697;0;0;0
I;61;572.2744908332825;10;318.1764602661133;314.94732666015625;[  0   2   3  22  28  30  84 176 210 223];1706;1718;0;0;0
I;62;623.6317019462585;10;318.1761016845718;314.9655532836914;[  0   2   3  22  28  84 176 210 216 223];1719;1731;0;0;0
I;63;627.4406459331512;10;318.17554473876953;314.9655532836914;[  0   2   3  22  28  30  84 176 210 223];1731;1731;0;0;0
I;64;683.3407196998596;10;318.17520904541016;314.97464752197266;[  0   2   3  22  28  30  84 176 210 223];1726;1739;0;0;0
I;65;734.7678859233856;10;318.17520904541016;314.98184967041016;[  0   2   3  22  28  30  84 176 210 223];1732;1744;0;0;0
I;66;786.4649310112;10;318.17520904541016;314.98490142822266;[  0   2   3  22  28  30  84 176 210 223];1735;1747;0;0;0
I;67;838.8392050266266;10;318.17520904541016;314.98929595947266;[  0   2   3  22  28  30  84 176 210 223];1738;1750;0;0;0
I;68;890.0895719528198;10;318.1746597290039;314.9914016723633;[  0   2   3  22  28  30  84 176 210 223];1740;1752;0;0;0
C;68;941.440596818924;10;318.1746597290039;314.9933547973633;[  0   2   3  22  28  30  84 176 210 223];0;1753;0;0;0
