I;1;0.4028768539428711;10;190.0;0;[  0   1   2   3   4   5   6  64  87 239];1;10;0;0
I;2;0.8249557018280029;10;190.0;0;[  0   1   2  60  63  64  87 224 239 346];1;10;0;0
I;3;1.4326817989349365;10;190.0;155.92301038062283;[  1  60  63  64  87 224 239 315 346 388];2;21;1;0.0036759376525878906
I;4;1.8752517700195312;10;190.0;155.92301038062283;[  1  60  64  87 239 261 387 388 389 390];2;21;1;0.0036759376525878906
I;5;2.3258299827575684;10;190.0;155.92301038062283;[  1  10  60  64  68  87 239 301 315 386];2;21;1;0.0036759376525878906
I;6;2.7621400356292725;10;190.0;155.92301038062283;[  1  10  60  64  68  87 239 301 315 324];2;21;1;0.0036759376525878906
I;7;3.2046990394592285;10;190.0;155.92301038062283;[  0   1  60  64  87 239 315 324 346 385];2;21;1;0.0036759376525878906
I;8;3.6465137004852295;10;190.0;155.92301038062283;[  1  60  64  87 224 239 261 314 315 324];2;21;1;0.0036759376525878906
I;9;4.091126918792725;10;190.0;155.92301038062283;[  1  60  64  68  87 193 224 239 261 314];2;21;1;0.0036759376525878906
I;10;5.008434772491455;10;190.0;160.66666666666666;[  1  60  64  68  87 224 239 261 301 314];4;43;3;0.010600805282592773
I;11;6.5263588428497314;10;190.0;171.85585047370682;[  0   1  60  64  68  87 224 239 301 324];8;87;7;0.026538848876953125
I;12;7.026005983352661;10;190.0;171.85585047370682;[  0   1  64  68  87 224 239 301 324 346];8;87;7;0.026538848876953125
I;13;7.585407972335815;10;190.0;171.85585047370682;[  1  64  87 224 239 261 301 313 324 346];8;87;7;0.026538848876953125
I;14;10.24239206314087;10;189.91782006920414;185.3141254604309;[  1  64  87 224 239 261 301 313 314 346];16;1615;11;0.05487680435180664
C;14;15.070106029510498;10;189.91782006920414;189.37056045173972;[  1  64  87 224 239 261 301 313 314 346];0;32;3231;27;0.11487221717834473
