I;1;0.005922079086303711;10;1000000.0;0;[0 1 2 3 4 5 6 7 8 9];1;1;0;0;0
I;2;0.019091129302978516;10;389.0;0;[  0   1   2   3   4  30  49  78  84 223];1;1;0;0;0
I;3;0.0316920280456543;10;369.0;0;[  0   3  28  30  49  84 122 210 216 223];1;1;0;0;0
I;4;0.04729104042053223;10;343.0;0;[  0   2   3  28  30  84 102 210 216 223];1;1;0;0;0
I;5;0.0628499984741211;10;339.0;0;[  0   3  22  28  30  84 102 176 210 223];1;1;0;0;0
I;6;0.07873892784118652;10;339.0;0;[  0   2   3  22  28  30  84 176 210 223];1;1;0;0;0
I;7;0.17722511291503906;10;339.0;271.0;[  0   2   3  22  28  30  84 176 210 223];2;2;0;0;0.0009081363677978516
I;8;0.38122105598449707;10;333.0;277.75;[  0   2   3  22  28  30  84 122 210 223];4;4;0;0;0.0026400089263916016
I;9;0.4038529396057129;10;333.0;277.75;[  0   2   3  22  28  49  84 210 216 223];4;4;0;0;0.0026400089263916016
I;10;0.4300971031188965;10;333.0;277.75;[  0   2   3  22  28  30  84 210 216 223];4;4;0;0;0.0026400089263916016
I;11;0.45632386207580566;10;330.625;277.75;[  0   2   3  22  28  30  84 176 210 223];4;4;0;0;0.0026400089263916016
I;12;0.8511388301849365;10;326.4375;284.3125;[  0   2   3  22  28  30  84 176 210 223];8;8;0;0;0.005992889404296875
I;13;1.5737109184265137;10;325.0;290.09375;[  0   2   3  28  71  84 176 210 213 223];15;15;0;0;0.011724472045898438
I;14;1.6249380111694336;10;324.34375;290.09375;[  0   2   3  22  28  84 176 210 216 223];15;15;0;0;0.011724472045898438
I;15;3.0561599731445312;10;324.15625;297.3125;[  0   2   3  28  30  84 176 193 210 223];30;30;0;0;0.024065017700195312
I;16;3.133047103881836;10;324.03125;297.3125;[  0   2   3  28  30  84 102 176 210 223];30;30;0;0;0.024065017700195312
I;17;3.2121269702911377;10;324.03125;297.3125;[  0   2   3  22  28  30  84 176 210 223];30;30;0;0;0.024065017700195312
I;18;3.2916669845581055;10;323.86328125;297.3125;[  0   2   3  22  28  84 176 210 216 223];30;30;0;0;0.024065017700195312
I;19;5.7095561027526855;10;323.0;300.5159505208333;[  0   2   3  28  30  84 122 176 210 223];53;53;1;1;0.0455474853515625
I;20;5.8332061767578125;10;323.0;300.5159505208333;[  0   2   3  28  84 122 176 210 216 223];53;53;1;1;0.0455474853515625
I;21;5.95858907699585;10;322.94140625;300.5159505208333;[  0   2   3  22  28  30  84 176 210 223];53;53;1;1;0.0455474853515625
I;22;6.083905220031738;10;322.50518120659837;300.5159505208333;[  0   2   3  22  28  84 176 210 216 223];53;53;1;1;0.0455474853515625
I;23;10.214768886566162;10;322.0;302.9107259114583;[  0   2   3  22  28  30  84 210 216 223];92;92;1;1;0.07802152633666992
I;24;10.418346166610718;10;321.8710937500009;302.9107259114583;[  0   2   3  22  28  30  84 176 210 223];92;92;1;1;0.07802152633666992
I;25;10.634060859680176;10;321.86678059895837;302.9107259114583;[  0   2   3  28  84 122 176 210 216 223];92;92;1;1;0.07802152633666992
I;26;10.84089994430542;10;321.2266031901042;302.9107259114583;[  0   2   3  28  71  84 176 210 216 223];92;92;1;1;0.07802152633666992
I;27;11.047684907913208;10;321.22660319010544;302.9107259114583;[  0   2   3  22  28  84 176 210 216 223];92;92;1;1;0.07802152633666992
I;28;18.180240869522095;10;320.80532497829864;304.80687120225696;[  0   2   3  28  84 122 176 210 216 223];156;156;1;1;0.13170838356018066
I;29;18.53565812110901;10;320.5771484375;304.80687120225696;[  0   2   3  22  28  30  84 176 210 223];156;156;1;1;0.13170838356018066
I;30;18.90923810005188;10;320.53515625;304.80687120225696;[  0   2   3  28  84 118 176 210 216 223];156;156;1;1;0.13170838356018066
I;31;19.260204792022705;10;319.95458984375;304.80687120225696;[  0   2   3  22  28  30  84 176 210 223];156;156;1;1;0.13170838356018066
I;32;29.838474988937378;10;319.9219156901042;308.11755710177954;[  0   2   3  28  84 102 176 210 216 223];236;242;1;1;0.20569896697998047
I;33;30.37974500656128;10;319.9219156901042;308.11755710177954;[  0   3  22  28  84 105 176 210 216 223];242;242;1;1;0.20569896697998047
I;34;30.870692014694214;10;319.9219156901042;308.11755710177954;[  0   2   3  22  28  84 176 210 216 223];242;242;1;1;0.20569896697998047
I;35;31.40421414375305;10;319.7224392361125;308.11755710177954;[  0   2   3  28  84 122 176 210 216 223];242;242;1;1;0.20569896697998047
I;36;31.903918981552124;10;319.71341959635544;308.11755710177954;[  0   2   3  22  28  84 176 210 216 223];242;242;1;1;0.20569896697998047
I;37;46.46933197975159;10;319.61328125000125;308.11755710177954;[  0   2   3  28  84  91 122 176 210 223];357;357;1;1;0.30145692825317383
I;38;47.19540786743164;10;319.49441189236114;308.11755710177954;[  0   2   3  28  84 122 176 210 216 223];357;357;1;1;0.30145692825317383
I;39;47.952306032180786;10;319.4536132812514;308.11755710177954;[  0   2   3  22  28  30  84 176 210 223];357;357;1;1;0.30145692825317383
I;40;48.68071889877319;10;319.16259765625;308.11755710177954;[  0   2   3  22  28  30  84 176 210 223];357;357;1;1;0.30145692825317383
I;41;71.6993339061737;10;319.14414638943276;311.48366970486114;[  0   2   3  22  28  84 176 210 216 223];526;548;1;1;0.4636542797088623
I;42;72.8658618927002;10;318.8737335205092;311.48366970486114;[  0   2   3  28  84 122 176 210 216 223];548;548;1;1;0.4636542797088623
I;43;73.97897982597351;10;318.8487735324436;311.48366970486114;[  0   2   3  22  28  84 176 210 216 223];548;548;1;1;0.4636542797088623
I;44;98.47971320152283;10;318.79244995117364;311.48366970486114;[  0   2   3  22  28  30  84 176 210 223];681;682;1;1;0.5754556655883789
I;45;99.85493516921997;10;318.7781066894531;311.48366970486114;[  0   2   3  22  28  30  84 176 210 223];682;682;1;1;0.5754556655883789
I;46;134.19561505317688;10;318.5976562500004;313.2171512179904;[  0   2   3  28  36  84 122 176 210 223];844;907;2;1;0.7649736404418945
I;47;136.0358648300171;10;318.5232476128473;313.2171512179904;[  0   2   3  28  36  84 176 210 216 223];907;907;2;1;0.7649736404418945
I;48;137.8856029510498;10;318.50661044650764;313.2171512179904;[  0   2   3  22  28  84 176 210 216 223];907;907;2;1;0.7649736404418945
I;49;139.73059487342834;10;318.50630187988446;313.2171512179904;[  0   2   3  28  84 122 176 210 216 223];907;907;2;1;0.7649736404418945
I;50;141.58855509757996;10;318.4609069824219;313.2171512179904;[  0   2   3  22  28  78  84 176 210 223];907;907;2;1;0.7649736404418945
I;51;143.44151306152344;10;318.4609069824219;313.2171512179904;[  0   2   3  22  28  49  84 176 210 223];907;907;2;1;0.7649736404418945
I;52;145.3489990234375;10;318.46090698242307;313.2171512179904;[  0   2   3  22  28  30  84 176 210 223];907;907;2;1;0.7649736404418945
I;53;181.22320008277893;10;318.38497924804693;313.7449705335829;[  0   2   3  22  28  30  84 176 210 223];1056;1056;2;1;0.8894684314727783
I;54;221.2638030052185;10;318.30612182617193;314.1016663445367;[  0   2   3  22  28  30  84 176 210 223];1200;1201;2;1;1.0121304988861084
I;55;265.3097679615021;10;318.29866366916355;314.30899217393693;[  0   2   3  22  28  84 176 210 216 223];1340;1343;2;1;1.1334826946258545
I;56;268.0145528316498;10;318.2734146118176;314.30899217393693;[  0   2   3  22  28  30  84 176 210 223];1343;1343;2;1;1.1334826946258545
I;57;315.0658121109009;10;318.2507095336913;314.51237657335093;[  0   2   3  22  28  30  84 176 210 223];1466;1469;2;1;1.2410492897033691
I;58;364.11577701568604;10;318.2187457614474;314.6536357667713;[  0   2   3  22  28  30  84 176 210 223];1565;1571;3;1;1.3287749290466309
I;59;415.02550506591797;10;318.20249515109583;314.7657268312243;[  0   2   3  22  28  30  84 176 210 223];1648;1654;3;1;1.4000134468078613
I;60;466.4371180534363;10;318.19077640109583;314.8595073488024;[  0   2   3  22  28  30  84 176 210 223];1706;1712;3;1;1.448864459991455
I;61;518.571286201477;10;318.18194156222864;314.8937557008532;[  0   2   3  22  28  30  84 176 210 223];1743;1749;3;1;1.4803080558776855
I;62;571.0518670082092;10;318.1736560397677;314.9182460572985;[  0   2   3  22  28  30  84 176 210 223];1768;1776;3;1;1.5039608478546143
I;63;623.6484570503235;10;318.1736560397677;314.94381978776727;[  0   2   3  22  28  30  84 176 210 223];1789;1795;3;1;1.5199182033538818
I;64;676.3472149372101;10;318.17310672336146;314.9621913697985;[  0   2   3  22  28  30  84 176 210 223];1801;1808;3;1;1.5309059619903564
I;65;728.9587249755859;10;318.1716723971896;314.97369649675164;[  0   2   3  22  28  30  84 176 210 223];1809;1816;3;1;1.537585973739624
I;66;781.7923080921173;10;318.17112308078333;314.9816921022204;[  0   2   3  22  28  30  84 176 210 223];1815;1821;3;1;1.5418481826782227
I;67;834.6021971702576;10;318.17112308078333;314.9855983522204;[  0   2   3  22  28  30  84 176 210 223];1816;1823;3;1;1.5435140132904053
I;68;887.0978798866272;10;318.17112308078333;314.9859645631579;[  0   2   3  22  28  30  84 176 210 223];1818;1824;3;1;1.544337272644043
I;69;940.1264970302582;10;318.17112308078333;314.9879176881579;[  0   2   3  22  28  30  84 176 210 223];1818;1825;3;1;1.545166254043579
C;69;992.9599740505219;10;318.17112308078333;314.9898708131579;[  0   2   3  22  28  30  84 176 210 223];0;1826;3;1;1.5459873676300049
