1;0.38906311988830566;10;358.0;0;[ 0  1  2  3  4  5 26 50 74 98];1;1;0;0
2;0.7971949577331543;10;332.0;0.0;[ 0  1  2  3 25 26 46 50 74 98];1;1;0;0
3;1.2112293243408203;10;332.0;0.0;[  0   1  25  26  33  46  66  74  98 103];1;1;0;0
4;1.6230230331420898;10;332.0;0.0;[  0  24  25  26  33  46  66  68  98 106];1;1;0;0
5;2.032508134841919;10;332.0;0.0;[ 0 24 25 26 33 35 46 66 68 98];1;1;0;0
6;2.441577911376953;10;331.0;0.0;[ 0 24 26 27 33 35 46 66 74 98];1;1;0;0
7;2.850872039794922;10;331.0;0.0;[ 0 24 26 27 35 46 52 66 68 98];1;1;0;0
8;3.260012149810791;10;331.0;0.0;[  0   1   8  26  46  52  66  74  98 105];1;1;0;0
9;3.777074098587036;10;331.0;0.0;[  0   1   8  26  46  52  66  74  98 105];2;2;0.06156492233276367;1
10;4.430016040802002;10;329.5;0.0;[  0   1  24  26  46  52  66  74  98 105];4;4;0.17210793495178223;3
11;5.364776134490967;10;328.0;0.0;[  0   1  24  26  27  46  52  66  98 105];8;8;0.4455232620239258;7
12;6.751384019851685;10;324.25;0.0;[  0   1  24  26  46  52  66  74  98 105];16;16;0.8876059055328369;15
13;9.126524209976196;10;319.75;0.0;[  0   1  24  26  46  52  66  74  98 105];32;32;1.7829868793487549;31
14;13.318134069442749;10;317.2578125;29.578125;[  0   1  24  26  46  52  66  74  98 105];58;61;3.573021650314331;63
15;20.79407811164856;10;315.939453125;58.8046875;[  0   1  24  26  46  52  66  74  98 105];102;112;7.00260066986084;124
16;33.65521717071533;10;315.3427734375;107.48046875;[  0   1  24  26  46  52  66  74  98 105];168;196;13.341418027877808;236
17;54.978639125823975;10;314.945556640625;146.28173828125;[  0   1  24  26  46  52  66  74  98 105];264;328;24.3152174949646;432
18;90.07360196113586;10;314.77410888671875;177.303466796875;[  0   1  24  26  46  52  66  74  98 105];430;543;42.59059548377991;760
19;146.00012111663818;10;314.65724182128906;215.0040283203125;[  0   1  24  26  46  52  66  74  98 105];620;853;72.93935418128967;1303
20;233.6495840549469;10;314.5776786804199;236.89169311523438;[  0   1  24  26  46  52  66  74  98 105];924;1315;120.58175802230835;2156
21;368.18316316604614;10;314.5243377685547;258.07354736328125;[  0   1  24  26  46  52  66  74  98 105];1294;1962;194.21915936470032;3471
22;572.0683450698853;10;314.490168094635;272.1032962799072;[  0   1  24  26  46  52  66  74  98 105];1802;2863;304.26972794532776;5433
23;869.7560451030731;10;314.46603441238403;283.956910610199;[  0   1  24  26  46  52  66  74  98 105];2398;4062;464.99362659454346;8296
24;1292.4224750995636;10;314.45048797130585;292.880033493042;[  0   1  24  26  46  52  66  74  98 105];3036;5580;693.1843600273132;12358
25;1873.6181981563568;10;314.44099193811417;298.7447820901871;[  0   1  24  26  46  52  66  74  98 105];3734;7447;1006.8275938034058;17938
26;2688.023828983307;10;314.43503245711327;302.723715364933;[  0   1  24  26  46  52  66  74  98 105];4378;9636;1425.5969676971436;25385
1;0.4213881492614746;10;358.0;0;[ 0  1  2  3  4  5 26 50 74 98];1;1;0;0
2;0.8617868423461914;10;332.0;0.0;[ 0  1  2  3 25 26 46 50 74 98];1;1;0;0
3;1.2959659099578857;10;332.0;0.0;[  0   1  25  26  33  46  66  74  98 103];1;1;0;0
4;1.741671085357666;10;332.0;0.0;[  0  24  25  26  33  46  66  68  98 106];1;1;0;0
5;2.1779000759124756;10;332.0;0.0;[ 0 24 25 26 33 35 46 66 68 98];1;1;0;0
6;2.629178047180176;10;331.0;0.0;[ 0 24 26 27 33 35 46 66 74 98];1;1;0;0
7;3.075361967086792;10;331.0;0.0;[ 0 24 26 27 35 46 52 66 68 98];1;1;0;0
8;3.518673896789551;10;331.0;0.0;[  0   1   8  26  46  52  66  74  98 105];1;1;0;0
9;4.07262396812439;10;331.0;0.0;[  0   1   8  26  46  52  66  74  98 105];2;2;0.061525821685791016;1
10;4.753316879272461;10;329.5;0.0;[  0   1  24  26  46  52  66  74  98 105];4;4;0.17251968383789062;3
11;5.72891092300415;10;328.0;0.0;[  0   1  24  26  27  46  52  66  98 105];8;8;0.44684672355651855;7
12;7.162110090255737;10;324.25;0.0;[  0   1  24  26  46  52  66  74  98 105];16;16;0.889897346496582;15
13;9.58786392211914;10;319.75;0.0;[  0   1  24  26  46  52  66  74  98 105];32;32;1.782517433166504;31
14;13.710590124130249;10;317.2578125;48.359375;[  0   1  24  26  46  52  66  74  98 105];54;59;3.563242197036743;63
15;20.896236181259155;10;315.970703125;73.046875;[  0   1  24  26  46  52  66  74  98 105];96;107;6.844799757003784;122
16;33.132972955703735;10;315.3984375;119.625;[  0   1  24  26  46  52  66  74  98 105];156;185;12.86277961730957;229
17;52.76367998123169;10;315.022216796875;172.6328125;[  0   1  24  26  46  52  66  74  98 105];224;297;23.22793674468994;414
18;83.62723302841187;10;314.8681640625;198.78515625;[  0   1  24  26  46  52  66  74  98 105];342;468;39.69979810714722;711
19;131.9308750629425;10;314.7578125;223.603271484375;[  0   1  24  26  46  52  66  74  98 105];520;728;65.78200793266296;1179
20;203.8900260925293;10;314.68721771240234;246.302734375;[  0   1  24  26  46  52  66  74  98 105];686;1071;106.41462993621826;1907
21;308.668643951416;10;314.63746070861816;266.51951599121094;[  0   1  24  26  46  52  66  74  98 105];918;1530;166.34012508392334;2978
22;454.63397789001465;10;314.60628604888916;283.386137008667;[  0   1  24  26  46  52  66  74  98 105];1082;2071;251.76599216461182;4508
23;647.994665145874;10;314.5877103805542;292.1691017150879;[  0   1  24  26  46  52  66  74  98 105];1238;2690;367.39416217803955;6579
24;896.1704230308533;10;314.5739119052887;300.95093727111816;[  0   1  24  26  46  52  66  74  98 105];1400;3390;517.8329555988312;9269
25;1203.1043438911438;10;314.5661746263504;303.4012713432312;[  0   1  24  26  46  52  66  74  98 105];1538;4159;707.5244271755219;12659
26;1573.272784948349;10;314.5613051354885;306.43301928043365;[  0   1  24  26  46  52  66  74  98 105];1588;4953;940.2061238288879;16818
27;2010.9307599067688;10;314.5580008625984;308.6126988828182;[  0   1  24  26  46  52  66  74  98 105];1678;5792;1217.663318157196;21771
28;2512.2648441791534;10;314.5557572245598;309.6922223865986;[  0   1  24  26  46  52  66  74  98 105];1598;6591;1542.429916381836;27563
29;3080.1553161144257;10;314.55391582101583;308.6626475453377;[  0   1  24  26  46  52  66  74  98 105];1560;7371;1912.0382225513458;34154
