1;0.388746976852417;10;399.0;0;[  0   1   2   3   4   5   6  21  86 137];1;1
2;0.8027429580688477;10;381.0;0.0;[  0   1   2   3  13  19  21  86 100 137];1;1
3;1.2167198657989502;10;381.0;0.0;[  0   3  13  19  21  55  69  86 100 137];1;1
4;1.6331241130828857;10;381.0;0.0;[  0  13  19  21  42  55  69  86 100 137];1;1
5;2.049273729324341;10;379.0;0.0;[  0   1  19  21  27  55  69  86 100 137];1;1
6;2.5259618759155273;10;376.0;0.0;[  1  19  21  30  42  55  69  86 100 137];2;2
7;3.067525863647461;10;367.5625;0.0;[  1  19  21  30  42  55  69  86 100 137];4;4
8;3.748600959777832;10;365.5625;0.0;[  1  19  21  30  42  55  69  86 100 137];8;8
9;4.685593128204346;10;364.28125;0.0;[  1  19  21  30  42  55  69  86 100 137];16;16
10;6.174880027770996;10;363.7734375;0.0;[  1  19  21  30  42  55  69  86 100 137];32;32
11;8.616037845611572;10;363.2314453125;45.6171875;[  1  19  21  30  42  55  69  86 100 137];56;60
12;12.264151096343994;10;362.92236328125;126.98046875;[  1  19  21  30  42  55  69  86 100 137];82;101
13;17.82143783569336;10;362.732421875;183.22412109375;[  1  19  21  30  42  55  69  86 100 137];124;163
14;26.288814067840576;10;362.5758361816406;228.66796875;[  1  19  21  30  42  55  69  86 100 137];184;255
15;38.54147291183472;10;362.4790496826172;268.583984375;[  1  19  21  30  42  55  69  86 100 137];256;383
16;56.50700092315674;10;362.4256820678711;294.9947204589844;[  1  19  21  30  42  55  69  86 100 137];366;566
17;82.0443468093872;10;362.38905143737793;315.94493103027344;[  1  19  21  30  42  55  69  86 100 137];500;816
18;117.15456581115723;10;362.36815071105957;332.60231590270996;[  1  19  21  30  42  55  69  86 100 137];632;1132
19;163.07310581207275;10;362.35529947280884;344.2419595718384;[  1  19  21  30  42  55  69  86 100 137];750;1507
20;221.11517906188965;10;362.34880900382996;351.6563010215759;[  1  19  21  30  42  55  69  86 100 137];844;1929
21;293.12251496315;10;362.34570813179016;355.89750504493713;[  1  19  21  30  42  55  69  86 100 137];936;2397
22;379.9138250350952;10;362.34405559301376;358.3016549348831;[  1  19  21  30  42  55  69  86 100 137];1016;2905
22;478.93372893333435;10;362.34405559301376;359.5496889948845;[  1  19  21  30  42  55  69  86 100 137];0;3477
