I;1;0.005426168441772461;10;1000000.0;0;[0 1 2 3 4 5 6 7 8 9];1;1;0;0;0
I;2;0.019199132919311523;10;345.0;0;[  0   1   2   3  26  89  96 132 211 226];1;1;0;0;0
I;3;0.0311129093170166;10;332.0;0;[  2  25  26  86  96 132 167 211 219 226];1;1;0;0;0
I;4;0.046221017837524414;10;318.0;0;[  0   2  10  25  26  96 132 167 211 226];1;1;0;0;0
I;5;0.06052517890930176;10;318.0;0;[  2  25  26  77  96 132 167 178 211 226];1;1;0;0;0
I;6;0.07572412490844727;10;318.0;0;[  2  25  26  38  77  96 132 167 211 226];1;1;0;0;0
I;7;0.09113717079162598;10;318.0;0;[  2  25  26  38  96 132 167 178 211 226];1;1;0;0;0
I;8;0.1060330867767334;10;318.0;0;[  2  25  26  38  89 132 167 178 211 226];1;1;0;0;0
I;9;0.12145304679870605;10;318.0;0;[  2  25  26  38  89  96 132 167 178 226];1;1;0;0;0
I;10;0.1389610767364502;10;317.0;0;[  2  25  26  38  89  96 132 167 178 226];1;1;0;0;0
I;11;0.2437911033630371;10;317.0;242.0;[  0   2  25  26  96 132 167 178 211 226];2;2;0;0;0
I;12;0.2601039409637451;10;313.0;242.0;[  2  10  25  77  96 132 167 178 211 226];2;2;0;0;0
I;13;0.2789139747619629;10;295.75;242.0;[  2  25  77  96 132 167 178 184 211 226];2;2;0;0;0
I;14;0.2981381416320801;10;295.75;242.0;[  2  25  26  77  96 132 167 178 211 226];2;2;0;0;0
I;15;0.31965208053588867;10;294.75;242.0;[  2  10  25  26  96 132 167 178 211 226];2;2;0;0;0
I;16;0.34322619438171387;10;293.0;242.0;[  0   2  25  77  96 132 167 178 184 226];2;2;0;0;0
I;17;0.36901021003723145;10;293.0;242.0;[  2  25  38  77  96 132 167 178 184 226];2;2;0;0;0
I;18;0.40200304985046387;10;291.75;242.0;[  2  25  26  77  96 132 167 178 211 226];2;2;0;0;0
I;19;0.5888631343841553;10;291.75;260.0;[  2  25  26  77  96 132 167 178 211 226];4;4;0;0;0
I;20;0.8674490451812744;10;291.75;269.75;[  2  25  26  38  96 132 167 178 211 226];8;8;0;0;0
I;21;0.9043619632720947;10;291.75;269.75;[  2  25  38  89  96 132 167 178 211 226];8;8;0;0;0
I;22;0.9538991451263428;10;291.0625;269.75;[  2  25  26  77  96 132 167 178 211 226];8;8;0;0;0
I;23;1.6687963008880615;10;290.25;276.953125;[  2  25  77  96 132 167 178 184 211 226];14;15;0;0;0
I;24;1.7346749305725098;10;290.25;276.953125;[  2  25  26  38  89  96 132 167 178 226];15;15;0;0;0
I;25;1.796769142150879;10;290.15625;276.953125;[  2  25  77  86  96 132 167 178 211 226];15;15;0;0;0
I;26;1.8608009815216064;10;290.0;276.953125;[  2  10  25  77  86  96 132 178 211 226];15;15;0;0;0
I;27;1.9179880619049072;10;289.75;276.953125;[  2  25  38  77  96 132 167 178 211 226];15;15;0;0;0
I;28;1.9891271591186523;10;288.5625;276.953125;[  2  25  77  89  96 132 167 178 211 226];15;15;0;0;0
I;29;3.3968751430511475;10;288.5625;276.953125;[  2  25  26  77  96 132 167 178 211 226];30;30;0;0;0
I;30;3.5052289962768555;10;288.5546875;276.953125;[  2  10  25  77  96 132 167 178 211 226];30;30;0;0;0
I;31;3.6004600524902344;10;288.5546875;276.953125;[  2  25  38  77  96 132 167 178 211 226];30;30;0;0;0
I;32;3.730005979537964;10;288.375;276.953125;[  2  25  77  86  96 132 167 178 211 226];30;30;0;0;0
I;33;3.8430299758911133;10;288.25;276.953125;[  2  25  38  77  96 132 167 178 184 226];30;30;0;0;0
I;34;3.9471681118011475;10;288.201171875;276.953125;[  2  25  73  77  96 132 167 178 211 226];30;30;0;0;0
I;35;4.047163248062134;10;288.1875;276.953125;[  2  25  26  38  89  96 132 167 178 226];30;30;0;0;0
I;36;4.14571213722229;10;288.05859375000097;276.953125;[  2  25  26  77  96 132 167 178 211 226];30;30;0;0;0
I;37;6.36188006401062;10;287.826171875;280.82275390625;[  2  25  77  96 132 167 178 184 211 226];42;51;0;0;0
I;38;6.498554229736328;10;287.826171875;280.82275390625;[  2  25  77  96 132 167 178 211 219 226];51;51;0;0;0
I;39;6.64155912399292;10;287.826171875;280.82275390625;[  2  25  77  86  96 132 167 178 211 226];51;51;0;0;0
I;40;6.782617092132568;10;287.70703125;280.82275390625;[  2  25  73  77  96 132 167 178 211 226];51;51;0;0;0
I;41;6.921736001968384;10;287.591796875;280.82275390625;[  2  25  38  77  96 132 167 178 211 226];51;51;0;0;0
I;42;7.076590061187744;10;287.4580078125;280.82275390625;[  2  25  38  77  96 132 167 178 211 226];51;51;0;0;0
I;43;11.482068061828613;10;287.3813476562508;280.82275390625;[  2  25  77  86  96 132 167 178 211 226];92;97;0;0;0
I;44;11.721132040023804;10;287.21484375;280.82275390625;[  2  25  26  38  89  96 132 167 178 226];97;97;0;0;0
I;45;11.973191976547241;10;287.1875;280.82275390625;[  2  25  38  89  96 132 167 178 211 226];97;97;0;0;0
I;46;12.221050262451172;10;287.1142578125;280.82275390625;[  2  25  26  38  77 132 167 178 211 226];97;97;0;0;0
I;47;12.460923194885254;10;287.1005859375;280.82275390625;[  2  25  71  77  96 132 167 178 211 226];97;97;0;0;0
I;48;12.693210124969482;10;287.05322265625085;280.82275390625;[  2  25  77  96 132 167 178 184 211 226];97;97;0;0;0
I;49;12.966109275817871;10;286.96240234375;280.82275390625;[  2  25  26  77  96 132 167 178 211 226];97;97;0;0;0
I;50;13.22005033493042;10;286.83447265625;280.82275390625;[  2  25  26  77  86 132 167 178 211 226];97;97;0;0;0
I;51;13.465294122695923;10;286.7568359375;280.82275390625;[  2  25  26  73  77 132 167 178 211 226];97;97;0;0;0
I;52;13.708984136581421;10;286.75634765625085;280.82275390625;[  2  25  26  77 132 167 178 184 211 226];97;97;0;0;0
I;53;13.939709186553955;10;286.7153320312511;280.82275390625;[  2  25  38  77  96 132 167 178 211 226];97;97;0;0;0
I;54;21.51203417778015;10;286.71142578125;280.82275390625;[  2  25  77  86  96 132 167 178 211 226];150;172;0;0;0
I;55;21.9030442237854;10;286.60693359375;280.82275390625;[  2  25  77  86  96 132 167 178 211 226];172;172;0;0;0
I;1;0.0047931671142578125;10;1000000.0;0;[0 1 2 3 4 5 6 7 8 9];1;1;0;0;0
I;2;0.01707291603088379;10;345.0;0;[  0   1   2   3  26  89  96 132 211 226];1;1;0;0;0
I;3;0.028334856033325195;10;332.0;0;[  2  25  26  86  96 132 167 211 219 226];1;1;0;0;0
I;4;0.0432429313659668;10;318.0;0;[  0   2  10  25  26  96 132 167 211 226];1;1;0;0;0
I;5;0.057121992111206055;10;318.0;0;[  2  25  26  77  96 132 167 178 211 226];1;1;0;0;0
I;6;0.07117605209350586;10;318.0;0;[  2  25  26  38  77  96 132 167 211 226];1;1;0;0;0
I;7;0.08556103706359863;10;318.0;0;[  2  25  26  38  96 132 167 178 211 226];1;1;0;0;0
I;8;0.10002899169921875;10;318.0;0;[  2  25  26  38  89 132 167 178 211 226];1;1;0;0;0
I;9;0.11563396453857422;10;318.0;0;[  2  25  26  38  89  96 132 167 178 226];1;1;0;0;0
I;10;0.1303119659423828;10;317.0;0;[  2  25  26  38  89  96 132 167 178 226];1;1;0;0;0
I;11;0.22791814804077148;10;317.0;242.0;[  0   2  25  26  96 132 167 178 211 226];2;2;0;0;0
I;12;0.2439250946044922;10;313.0;242.0;[  2  10  25  77  96 132 167 178 211 226];2;2;0;0;0
I;13;0.26110100746154785;10;295.75;242.0;[  2  25  77  96 132 167 178 184 211 226];2;2;0;0;0
I;14;0.2798349857330322;10;295.75;242.0;[  2  25  26  77  96 132 167 178 211 226];2;2;0;0;0
I;15;0.30119991302490234;10;294.75;242.0;[  2  10  25  26  96 132 167 178 211 226];2;2;0;0;0
I;16;0.32184815406799316;10;293.0;242.0;[  0   2  25  77  96 132 167 178 184 226];2;2;0;0;0
I;17;0.3435220718383789;10;293.0;242.0;[  2  25  38  77  96 132 167 178 184 226];2;2;0;0;0
I;18;0.3705458641052246;10;291.75;242.0;[  2  25  26  77  96 132 167 178 211 226];2;2;0;0;0
I;19;0.5403668880462646;10;291.75;260.0;[  2  25  26  77  96 132 167 178 211 226];4;4;0;0;0
I;20;0.8047261238098145;10;291.75;269.75;[  2  25  26  38  96 132 167 178 211 226];8;8;0;0;0
I;21;0.8395860195159912;10;291.75;269.75;[  2  25  38  89  96 132 167 178 211 226];8;8;0;0;0
I;22;0.8779690265655518;10;291.0625;269.75;[  2  25  26  77  96 132 167 178 211 226];8;8;0;0;0
I;23;1.5296368598937988;10;290.25;276.953125;[  2  25  77  96 132 167 178 184 211 226];14;15;0;0;0
I;24;1.5926430225372314;10;290.25;276.953125;[  2  25  26  38  89  96 132 167 178 226];15;15;0;0;0
I;25;1.6522040367126465;10;290.15625;276.953125;[  2  25  77  86  96 132 167 178 211 226];15;15;0;0;0
I;26;1.7125840187072754;10;290.0;276.953125;[  2  10  25  77  86  96 132 178 211 226];15;15;0;0;0
I;27;1.7664039134979248;10;289.75;276.953125;[  2  25  38  77  96 132 167 178 211 226];15;15;0;0;0
I;28;1.8323309421539307;10;288.5625;276.953125;[  2  25  77  89  96 132 167 178 211 226];15;15;0;0;0
I;29;3.1411237716674805;10;288.5625;276.953125;[  2  25  26  77  96 132 167 178 211 226];30;30;0;0;0
I;30;3.2466020584106445;10;288.5546875;276.953125;[  2  10  25  77  96 132 167 178 211 226];30;30;0;0;0
I;31;3.33670711517334;10;288.5546875;276.953125;[  2  25  38  77  96 132 167 178 211 226];30;30;0;0;0
I;32;3.4612770080566406;10;288.375;276.953125;[  2  25  77  86  96 132 167 178 211 226];30;30;0;0;0
I;33;3.5677330493927;10;288.25;276.953125;[  2  25  38  77  96 132 167 178 184 226];30;30;0;0;0
I;34;3.664781093597412;10;288.201171875;276.953125;[  2  25  73  77  96 132 167 178 211 226];30;30;0;0;0
I;35;3.7593448162078857;10;288.1875;276.953125;[  2  25  26  38  89  96 132 167 178 226];30;30;0;0;0
I;36;3.8526699542999268;10;288.05859375000097;276.953125;[  2  25  26  77  96 132 167 178 211 226];30;30;0;0;0
I;37;5.886214017868042;10;287.826171875;280.82275390625;[  2  25  77  96 132 167 178 184 211 226];42;51;0;0;0
I;38;6.014796018600464;10;287.826171875;280.82275390625;[  2  25  77  96 132 167 178 211 219 226];51;51;0;0;0
I;39;6.150350093841553;10;287.826171875;280.82275390625;[  2  25  77  86  96 132 167 178 211 226];51;51;0;0;0
I;40;6.282925128936768;10;287.70703125;280.82275390625;[  2  25  73  77  96 132 167 178 211 226];51;51;0;0;0
I;41;6.415205955505371;10;287.591796875;280.82275390625;[  2  25  38  77  96 132 167 178 211 226];51;51;0;0;0
I;42;6.553173065185547;10;287.4580078125;280.82275390625;[  2  25  38  77  96 132 167 178 211 226];51;51;0;0;0
I;43;10.613193035125732;10;287.3813476562508;280.82275390625;[  2  25  77  86  96 132 167 178 211 226];92;97;0;0;0
I;44;10.836670875549316;10;287.21484375;280.82275390625;[  2  25  26  38  89  96 132 167 178 226];97;97;0;0;0
I;45;11.072489976882935;10;287.1875;280.82275390625;[  2  25  38  89  96 132 167 178 211 226];97;97;0;0;0
I;46;11.305154085159302;10;287.1142578125;280.82275390625;[  2  25  26  38  77 132 167 178 211 226];97;97;0;0;0
I;47;11.533232927322388;10;287.1005859375;280.82275390625;[  2  25  71  77  96 132 167 178 211 226];97;97;0;0;0
I;48;11.752095937728882;10;287.05322265625085;280.82275390625;[  2  25  77  96 132 167 178 184 211 226];97;97;0;0;0
I;49;12.010848045349121;10;286.96240234375;280.82275390625;[  2  25  26  77  96 132 167 178 211 226];97;97;0;0;0
I;50;12.243010997772217;10;286.83447265625;280.82275390625;[  2  25  26  77  86 132 167 178 211 226];97;97;0;0;0
I;51;12.472876071929932;10;286.7568359375;280.82275390625;[  2  25  26  73  77 132 167 178 211 226];97;97;0;0;0
I;52;12.701212882995605;10;286.75634765625085;280.82275390625;[  2  25  26  77 132 167 178 184 211 226];97;97;0;0;0
I;53;12.920982122421265;10;286.7153320312511;280.82275390625;[  2  25  38  77  96 132 167 178 211 226];97;97;0;0;0
I;54;19.86774778366089;10;286.71142578125;280.82275390625;[  2  25  77  86  96 132 167 178 211 226];150;172;0;0;0
I;55;20.235718965530396;10;286.60693359375;280.82275390625;[  2  25  77  86  96 132 167 178 211 226];172;172;0;0;0
