1;0.381972074508667;10;246.0;0;[  0   1   2   3   4   5   6   7  74 199];1;1
2;0.7859351634979248;10;246.0;0.0;[  0   1   2  74 198 199 204 213 216 229];1;1
3;1.2251300811767578;10;246.0;0.0;[  0   1   2  74 198 199 204 213 216 229];2;2
4;1.72743821144104;10;246.0;123.0;[  2  71  74  81  88 199 216 248 249 250];2;3
5;2.126558303833008;10;246.0;123.0;[  2  71  74  81 102 112 198 199 246 248];3;3
6;2.5257420539855957;10;246.0;123.0;[  2  71  72  74  81 102 198 199 202 247];3;3
7;2.936774253845215;10;246.0;123.0;[  2  38  71  72  74  81 102 199 202 216];3;3
8;3.346522092819214;10;246.0;123.0;[  2  38  71  74  81  88 102 198 199 202];3;3
9;3.9661271572113037;10;241.875;0.0;[  2  70  71  72  74  88 102 112 198 199];6;6
10;4.3739330768585205;10;241.375;0.0;[  2  38  71  72  74  88 102 112 198 199];6;6
11;4.782718896865845;10;240.375;0.0;[  2  38  71  72  74  88 102 112 198 199];6;6
12;5.581926107406616;10;240.375;92.0625;[  2  38  71  72  74  88 102 112 199 216];8;10
13;6.362465143203735;10;240.375;226.25;[  2  38  71  72  74  88 102 112 199 216];2;11
14;7.172526121139526;10;240.375;232.921875;[  2  38  71  72  74  88 102 112 199 216];2;12
15;8.00794005393982;10;240.3603515625;236.55078125;[  2  38  71  72  74  88 102 112 199 216];2;13
15;8.373460054397583;10;240.3603515625;240.35546875;[  2  38  71  72  74  88 102 112 199 216];0;13
1;0.43172192573547363;10;246.0;0;[  0   1   2   3   4   5   6   7  74 199];1;1;0;0
2;0.8693192005157471;10;246.0;0.0;[  0   1   2  74 198 199 204 213 216 229];1;1;0;0
3;1.37614107131958;10;246.0;0.0;[  2  71  74  81  88 199 216 246 247 248];2;2;1;1
4;1.8195769786834717;10;246.0;0.0;[  2  71  74  81 102 112 198 199 246 250];2;2;1;1
5;2.2672040462493896;10;246.0;0.0;[  2  71  72  74  81 102 112 199 202 216];2;2;1;1
6;2.7169301509857178;10;246.0;0.0;[  2  38  71  72  74  81 102 198 199 202];2;2;1;1
7;3.1745619773864746;10;246.0;0.0;[  2  70  71  72  74  81 102 198 199 202];2;2;1;1
8;3.621035099029541;10;246.0;0.0;[  2  38  71  72  74  88 102 112 199 216];2;2;1;1
9;4.073044061660767;10;245.199375;0.0;[  2  38  71  72  74  88 102 199 202 216];2;2;1;1
10;4.679497957229614;10;240.359375;189.7275;[  2  38  71  72  74  88 102 112 199 216];2;3;2;2
10;4.777749061584473;10;240.359375;240.359375;[  2  38  71  72  74  88 102 112 199 216];0;3;2;2
1;0.37734508514404297;10;246.0;0;[  0   1   2   3   4   5   6   7  74 199];1;1;0;0
2;0.7781178951263428;10;246.0;0.0;[  0   1   2  74 198 199 204 213 216 229];1;1;0;0
3;1.2492809295654297;10;246.0;0.0;[  2  71  74  81  88 199 216 246 247 248];2;2;1;1
4;1.6485939025878906;10;246.0;0.0;[  2  71  74  81 102 112 198 199 246 250];2;2;1;1
5;2.0488739013671875;10;246.0;0.0;[  2  71  72  74  81 102 112 199 202 216];2;2;1;1
6;2.448370933532715;10;246.0;0.0;[  2  38  71  72  74  81 102 198 199 202];2;2;1;1
7;2.8619320392608643;10;246.0;0.0;[  2  70  71  72  74  81 102 198 199 202];2;2;1;1
8;3.2683188915252686;10;246.0;0.0;[  2  38  71  72  74  88 102 112 199 216];2;2;1;1
9;3.6809258460998535;10;245.199375;0.0;[  2  38  71  72  74  88 102 199 202 216];2;2;1;1
10;4.239039897918701;10;240.359375;189.7275;[  2  38  71  72  74  88 102 112 199 216];2;3;2;2
10;4.33127498626709;10;240.359375;240.359375;[  2  38  71  72  74  88 102 112 199 216];0;3;2;2
I;1;0.42830419540405273;10;246.0;0;[  0   1   2   3   4   5   6   7  74 199];1;1;0;0;0
I;2;0.8753588199615479;10;246.0;0.0;[  0   1   2  74 198 199 204 213 216 229];1;1;0;0;0
I;3;1.3858921527862549;10;246.0;0.0;[  2  71  74  81  88 199 216 246 247 248];2;2;1;1;0.0016069412231445312
I;4;1.8360638618469238;10;246.0;0.0;[  2  71  74  81 102 112 198 199 246 250];2;2;1;1;0.0016069412231445312
I;5;2.2835710048675537;10;246.0;0.0;[  2  71  72  74  81 102 112 199 202 216];2;2;1;1;0.0016069412231445312
I;6;2.733574867248535;10;246.0;0.0;[  2  38  71  72  74  81 102 198 199 202];2;2;1;1;0.0016069412231445312
I;7;3.1900699138641357;10;246.0;0.0;[  2  70  71  72  74  81 102 198 199 202];2;2;1;1;0.0016069412231445312
I;8;3.651370048522949;10;246.0;0.0;[  2  38  71  72  74  88 102 112 199 216];2;2;1;1;0.0016069412231445312
I;9;4.107388973236084;10;245.199375;0.0;[  2  38  71  72  74  88 102 199 202 216];2;2;1;1;0.0016069412231445312
I;10;4.720983028411865;10;240.359375;189.7275;[  2  38  71  72  74  88 102 112 199 216];2;3;2;2;0.0031638145446777344
C;10;4.816266059875488;10;240.359375;240.359375;[  2  38  71  72  74  88 102 112 199 216];0;3;2;2;0.0031638145446777344
