I;1;0.00494694709777832;10;1000000.0;0;[0 1 2 3 4 5 6 7 8 9];1;1;0;0;0
I;2;0.01353597640991211;10;321.0;0;[  0   1   2   3  33  82  86  99 108 117];1;1;0;0;0
I;3;0.0230410099029541;10;289.0;0;[  0   8  33  86  99 105 108 117 131 134];1;1;0;0;0
I;4;0.033477783203125;10;277.0;0;[  0  15  22  33  86  99 105 117 131 134];1;1;0;0;0
I;5;0.04550504684448242;10;264.0;0;[  0   1   8  22  33  86  87 105 117 131];1;1;0;0;0
I;6;0.05685091018676758;10;252.0;0;[  0  13  15  33  58  86  87 105 117 131];1;1;0;0;0
I;7;0.06628680229187012;10;225.0;0;[  0   8  22  58  86  87 105 117 131 132];1;1;0;0;0
I;8;0.07737398147583008;10;225.0;0;[  0   1   8  72  86  87 105 117 131 132];1;1;0;0;0
I;9;0.0869588851928711;10;225.0;0;[  0   1   8  13  33  87 105 117 132 134];1;1;0;0;0
I;10;0.09891414642333984;10;222.0;0;[  0   1   8  13  33  86  87 105 117 131];1;1;0;0;0
I;11;0.11012506484985352;10;217.0;0;[  0   8  13  15  86  87 105 117 132 134];1;1;0;0;0
I;12;0.18450689315795898;10;215.0;177.02941176470588;[  0   1   8  13  81  86 104 105 117 134];2;2;0;0;0
I;13;0.19928693771362305;10;215.0;177.02941176470588;[  0   1   8  13  33  86 104 105 117 131];2;2;0;0;0
I;14;0.2145857810974121;10;215.0;177.02941176470588;[  0   1   8  13  33  86  87 105 117 131];2;2;0;0;0
I;15;0.23075580596923828;10;214.0;177.02941176470588;[  0   1   8  13  33  57  86  87 105 117];2;2;0;0;0
I;16;0.2536599636077881;10;214.0;177.02941176470588;[  0   1   8  13  33  57 105 108 117 134];2;2;0;0;0
I;17;0.2761390209197998;10;213.0;177.02941176470588;[  0   8  13  33  57  86  87 105 117 131];2;2;0;0;0
I;18;0.2977437973022461;10;213.0;177.02941176470588;[  0   8  15  57  81  86  87 105 114 117];2;2;0;0;0
I;19;0.3166639804840088;10;213.0;177.02941176470588;[  0   8  15  57  72  86  87 105 117 131];2;2;0;0;0
I;20;0.34539794921875;10;212.02941176470588;177.02941176470588;[  0   8  13  15  86  87 105 117 132 134];2;2;0;0;0
I;21;0.48375988006591797;10;212.02941176470588;185.56341911764707;[  0   8  13  15  86  87 105 117 131 132];4;4;0;0;0
I;22;0.5126321315765381;10;210.91176470588235;185.56341911764707;[  0   8  13  15  33  86  87 105 117 132];4;4;0;0;0
I;23;0.5414609909057617;10;210.91176470588235;185.56341911764707;[  0   8  13  15  57  81  86  87 105 117];4;4;0;0;0
I;24;0.5758709907531738;10;210.91176470588235;185.56341911764707;[  0   8  15  30  33  57  86  87 105 117];4;4;0;0;0
I;25;0.608515739440918;10;210.91176470588235;185.56341911764707;[  0   1   8  30  57  72  86  87 105 117];4;4;0;0;0
I;26;0.6418581008911133;10;210.8823529411765;185.56341911764707;[  0   8  13  15  57  86  87 105 117 134];4;4;0;0;0
I;27;0.677448034286499;10;210.0;185.56341911764707;[  0  13  15  57  72  86  87 105 117 134];4;4;0;0;0
I;28;0.7252609729766846;10;209.6470588235294;185.56341911764707;[  0   8  13  22  86  87  99 105 108 131];4;4;0;0;0
I;29;0.7702851295471191;10;209.6470588235294;185.56341911764707;[  0   1   8  13  81  86  87 105 117 131];4;4;0;0;0
I;30;0.8166589736938477;10;209.6470588235294;185.56341911764707;[  0   8  13  15  87  99 105 117 131 134];4;4;0;0;0
I;31;0.8636307716369629;10;209.6470588235294;185.56341911764707;[  0   8  13  22  87  99 105 114 117 131];4;4;0;0;0
I;32;0.9302108287811279;10;209.64705882352973;185.56341911764707;[  0   8  13  15  33  86  87 105 117 131];4;4;0;0;0
I;33;0.9957849979400635;10;209.6470588235294;185.56341911764707;[  0   1   8  13  86  87 105 117 131 134];4;4;0;0;0
I;34;1.298839807510376;10;209.55882352941174;191.55572847036547;[  0   8  13  33  57  99 105 117 132 134];8;8;0;0;0
I;35;1.3737268447875977;10;209.55882352941174;191.55572847036547;[  0   8  13  57  86  87 105 117 132 134];8;8;0;0;0
I;36;1.461059808731079;10;209.55882355046765;191.55572847036547;[  0   8  13  33  86 105 117 131 132 134];8;8;0;0;0
I;37;1.5319159030914307;10;209.55882352941174;191.55572847036547;[  0   8  15  33  99 105 117 131 132 134];8;8;0;0;0
I;38;1.6266398429870605;10;209.5588235294118;191.55572847036547;[  0   3   8  15  72  86 105 117 132 134];8;8;0;0;0
I;39;1.7136080265045166;10;209.54319852941245;191.55572847036547;[  0   8  13  15  57  86  87 105 117 134];8;8;0;0;0
I;40;1.7858450412750244;10;209.02941176470588;191.55572847036547;[  0   8  13  15  33  57  99 105 117 134];8;8;0;0;0
I;41;1.8898630142211914;10;209.0294117647061;191.55572847036547;[  0   1   8  13  33  86 105 114 117 131];8;8;0;0;0
I;42;1.9637019634246826;10;208.97814171123065;191.55572847036547;[  0   8  13  15  57  86  87 105 117 134];8;8;0;0;0
I;43;2.442157030105591;10;208.42591911764708;194.8358530701261;[  0   1   8  33  86  87  99 105 132 134];14;14;0;0;0
I;44;2.532045841217041;10;208.42591911764708;194.8358530701261;[  0   1   8  72  86  87 105 117 132 134];14;14;0;0;0
I;45;2.624748945236206;10;208.41176470588232;194.8358530701261;[  0   1   8  72  87  99 105 117 131 134];14;14;0;0;0
I;46;2.726562023162842;10;208.41176470588235;194.8358530701261;[  0   8  13  86  87 105 114 117 131 134];14;14;0;0;0
I;47;2.8361988067626953;10;208.41176470588235;194.8358530701261;[  0   8  13  33  57  86 105 117 131 134];14;14;0;0;0
I;48;2.9493699073791504;10;208.41176470588235;194.8358530701261;[  0   8  13  57  86  87 105 117 131 134];14;14;0;0;0
I;49;3.062138795852661;10;208.41176470588232;194.8358530701261;[  0   8  15  33  57  86 105 117 131 134];14;14;0;0;0
I;50;3.1621389389038086;10;208.41176470588232;194.8358530701261;[  0   8  15  33  57  86  87  99 105 134];14;14;0;0;0
I;51;3.2725589275360107;10;208.41176470588232;194.8358530701261;[  0   8  15  33  57  86 105 114 117 134];14;14;0;0;0
I;52;3.3908438682556152;10;208.16046006163336;194.8358530701261;[  0   8  13  57  86 105 114 117 131 132];14;14;0;0;0
I;53;3.500253915786743;10;207.8446691176471;194.8358530701261;[  0   8  15  57  72  86  87 105 117 134];14;14;0;0;0
I;54;3.6323399543762207;10;207.1764705882353;194.8358530701261;[  0   8  13  15  57  86 105 114 117 134];14;14;0;0;0
I;55;3.7483139038085938;10;206.9129846256687;194.8358530701261;[  0   8  13  57  86  87 105 117 132 134];14;14;0;0;0
I;56;3.8711490631103516;10;206.87976884338494;194.8358530701261;[  0   8  13  57  86  87 105 114 117 131];14;14;0;0;0
I;57;4.0174720287323;10;206.8797688433847;194.8358530701261;[  0   8  13  33  57  86 105 114 117 131];14;14;0;0;0
I;58;4.1256749629974365;10;206.8317169068103;194.8358530701261;[  0   8  13  15  57  86 105 117 131 134];14;14;0;0;0
I;59;4.243056774139404;10;206.8317169068107;194.8358530701261;[  0   8  13  57  86 105 114 117 131 134];14;14;0;0;0
I;60;4.379946947097778;10;206.83007543018027;194.8358530701261;[  0   8  13  57  86  87  99 105 117 131];14;14;0;0;0
I;61;4.494342803955078;10;206.82261029411785;194.8358530701261;[  0   8  13  15  57  86  87 105 114 117];14;14;0;0;0
I;62;4.609277009963989;10;206.70680147058823;194.8358530701261;[  0   8  13  22  57  72  86  87 105 117];14;14;0;0;0
I;63;4.743367910385132;10;206.59100022603016;194.8358530701261;[  0   8  15  33  86  87 105 117 131 134];14;14;0;0;0
I;64;4.873348951339722;10;206.4619775832516;194.8358530701261;[  0   8  13  15  57  86  87 105 117 134];14;14;0;0;0
I;65;5.582834005355835;10;206.43658088235372;197.03792733914668;[  0   8  13  15  33  57  86  87 105 117];22;22;0;0;0
I;66;5.726779937744141;10;206.37775735294167;197.03792733914668;[  0   8  15  30  72  86  87 105 117 134];22;22;0;0;0
I;67;5.886645078659058;10;206.33815173796793;197.03792733914668;[  0   8  13  57  86  87  99 105 117 134];22;22;0;0;0
I;68;6.061575889587402;10;206.1189271651488;197.03792733914668;[  0   8  13  86  87  99 105 117 132 134];22;22;0;0;0
I;69;6.224992036819458;10;206.08711733324495;197.03792733914668;[  0   8  13  15  57  86  87 105 117 134];22;22;0;0;0
I;70;7.094828128814697;10;206.0241096817749;198.43005964108397;[  0   8  13  57  86  87 105 117 131 134];31;31;0;0;0
I;71;7.2498939037323;10;206.0;198.43005964108397;[  0   1   8  13  86  87  99 105 131 134];31;31;0;0;0
I;72;7.422701120376587;10;205.94495346396855;198.43005964108397;[  0   8  13  15  57  86  87 105 117 134];31;31;0;0;0
I;73;8.734508991241455;10;205.906623169504;199.91652423658113;[  0   8  13  57  86  87 105 117 131 134];46;46;0;0;0
I;74;8.910936832427979;10;205.89650735294168;199.91652423658113;[  0   1   8  13  86  87 105 114 117 131];46;46;0;0;0
I;75;9.101273775100708;10;205.8770766039733;199.91652423658113;[  0   8  13  15  57  86  87  99 105 131];46;46;0;0;0
I;76;9.27605676651001;10;205.81739002658264;199.91652423658113;[  0   8  13  57  86  87 105 117 132 134];46;46;0;0;0
I;77;9.470248937606812;10;205.68892370506717;199.91652423658113;[  0   8  15  33  57  86  87 105 117 131];46;46;0;0;0
I;78;9.657226085662842;10;205.68892370506717;199.91652423658113;[  0   8  15  57  72  86  87 105 117 131];46;46;0;0;0
I;79;9.824705123901367;10;205.55628342245993;199.91652423658113;[  0   8  13  15  33  57  86 105 114 117];46;46;0;0;0
I;80;10.005096912384033;10;205.50799364544773;199.91652423658113;[  0   1   8  13  86  87 105 117 132 134];46;46;0;0;0
I;81;10.177820920944214;10;205.45675471915678;199.91652423658113;[  0   8  13  57  86  87 105 117 131 134];46;46;0;0;0
I;82;11.595284938812256;10;205.430077813673;199.91652423658113;[  0   8  15  31  33  86  87  99 105 131];57;57;0;0;0
I;83;11.806259870529175;10;205.38995311493724;199.91652423658113;[  0   8  13  15  57  86  87 105 117 134];57;57;0;0;0
I;84;11.9947988986969;10;205.27821685472804;199.91652423658113;[  0   8  13  15  57  86  87 105 117 134];57;57;0;0;0
I;85;14.242804050445557;10;205.18442513368987;201.2877293397107;[  0   8  13  15  33  86 105 117 132 134];78;83;0;0;0
I;86;14.48150086402893;10;205.09494272639995;201.2877293397107;[  0   8  13  15  57  86  87 105 117 134];83;83;0;0;0
I;87;16.84660577774048;10;205.08554953020098;201.74439673698072;[  0   8  13  57  86  87 105 117 131 134];100;101;0;0;0
I;88;17.112651109695435;10;205.08170155299723;201.74439673698072;[  0   8  13  15  57  86  87 105 117 134];101;101;0;0;0
I;89;19.825337886810303;10;205.05882352941177;202.0893301148968;[  0  22  30  72  86  87 105 117 131 134];119;120;0;0;0
I;90;20.12993884086609;10;205.0308873445878;202.0893301148968;[  0   8  13  15  57  86  87 105 117 134];120;120;0;0;0
I;91;23.125076055526733;10;204.99261885862322;202.38820335615026;[  0   8  13  86  87  99 105 117 131 132];137;138;0;0;0
I;92;23.47835397720337;10;204.98509423567018;202.38820335615026;[  0   8  13  57  87  99 105 108 117 134];138;138;0;0;0
I;93;23.818514823913574;10;204.98509423567018;202.38820335615026;[  0   8  13  57  86  87  99 105 117 134];138;138;0;0;0
I;94;24.14359188079834;10;204.9802100462596;202.38820335615026;[  0   8  13  57  86  87 105 117 131 134];138;138;0;0;0
I;95;24.50159478187561;10;204.97982537645456;202.38820335615026;[  0   1   8  13  57  86  87 105 117 134];138;138;0;0;0
I;96;27.63936996459961;10;204.9686717477369;202.52156748104449;[  0   8  13  31  86  87 105 117 132 134];149;152;0;0;0
I;97;28.014039039611816;10;204.9686717477369;202.52156748104449;[  0   8  13  57  86  87 105 117 132 134];152;152;0;0;0
I;98;28.383652925491333;10;204.9659954322638;202.52156748104449;[  0   8  15  31  33  99 105 117 131 134];152;152;0;0;0
I;99;28.717172861099243;10;204.9642705002065;202.52156748104449;[  0   8  13  15  57  86  87 105 117 134];152;152;0;0;0
I;100;31.988779067993164;10;204.94983293346834;202.6213258907965;[  0   8  13  15  57  86  87 105 117 134];160;163;0;0;0
I;101;35.39702081680298;10;204.9443833679046;202.68311081749098;[  0   8  13  15  57  86  87 105 117 134];169;172;0;0;0
I;102;38.89885687828064;10;204.92967164291045;202.7600583663983;[  0   8  13  15  57  86  87 105 117 134];177;180;0;0;0
I;103;42.38837194442749;10;204.91932390722306;202.79798034325836;[  0   8  13  57  86  87 105 117 131 134];182;185;0;0;0
I;104;42.81090998649597;10;204.91660475686027;202.79798034325836;[  0   8  13  15  57  86  87 105 117 134];185;185;0;0;0
I;105;46.333844900131226;10;204.91647103747988;202.82441926750562;[  0   8  13  15  57  86  87 105 117 134];184;188;0;0;0
I;106;49.81672191619873;10;204.91135665041645;202.8397867225291;[  0   8  13  15  57  86  87 105 117 134];186;190;0;0;0
I;107;53.170559883117676;10;204.91135665041645;202.84075754054382;[  0   8  13  15  57  86  87 105 117 134];187;191;0;0;0
I;108;56.54508590698242;10;204.91135665041645;202.85083529345783;[  0   8  13  15  57  86  87 105 117 134];188;192;0;0;0
I;109;59.92266893386841;10;204.91135665041645;202.85677770741492;[  0   8  13  15  57  86  87 105 117 134];189;193;0;0;0
I;110;63.49334979057312;10;204.91011738379143;202.86069378995015;[  0   8  13  15  57  86  87 105 117 134];190;194;0;0;0
C;110;66.94813895225525;10;204.91011738379143;202.8697768221332;[  0   8  13  15  57  86  87 105 117 134];0;195;0;0;0
