1;0.3816382884979248;10;184.0;0;[  0   1   2   3   4   5   6  51 105 116];1;1;0;0
2;0.7903702259063721;10;184.0;0.0;[  0   1   2   3  10  51 105 116 134 225];1;1;0;0
3;1.2021009922027588;10;184.0;0.0;[  1  10  51 105 116 134 225 313 353 357];1;1;0;0
4;1.8487112522125244;10;184.0;0.0;[  1   5  10  51 105 116 353 354 356 357];2;2;0.1377730369567871;1
5;2.8045361042022705;10;184.0;0.0;[  1   5  50  51 105 116 124 134 355 358];4;4;0.3977062702178955;3
6;4.290732145309448;10;184.0;0.0;[  1  10  50  51 105 116 124 134 355 357];8;8;0.9258725643157959;7
7;6.697622060775757;10;184.0;21.25;[  1  10  50  51 105 116 124 134 355 357];14;15;1.9882845878601074;15
8;11.047287225723267;10;184.0;0.0;[  1  10  50  51 105 116 124 225 355 357];30;30;4.005835294723511;30
9;18.979214191436768;10;184.0;32.421875;[  1  10  50  51 105 116 124 225 355 357];50;55;8.048934936523438;60
10;33.21799612045288;10;184.0;40.078125;[  1  10  50  51 105 116 124 225 355 357];94;102;15.51386046409607;115
11;58.854849100112915;10;183.9921875;55.41796875;[  1  10  50  51  86 105 116 123 124 134];168;186;29.21897292137146;217
12;104.13434219360352;10;183.981689453125;75.099609375;[  1  10  29  50  51 105 116 124 134 231];282;327;54.09032392501831;403
13;181.3630473613739;10;184.0;95.917236328125;[  1   5  10  50  51 105 116 124 225 288];446;550;97.90940499305725;730
14;287.4597370624542;10;183.99612426757812;157.47705078125;[  1   5  10  50  51 105 116 123 134 288];274;687;169.8271484375;1280
15;443.5107510089874;10;183.99664306640625;122.83633422851562;[  1   5  10  29  50  51 105 116 124 225];814;1094;261.2986915111542;1967
16;445.8120892047882;10;183.98773193359375;122.83633422851562;[  1   5  10  50  51 105 116 124 154 225];1094;1094;261.2986915111542;1967
17;675.9230542182922;10;183.98877716064453;153.95664978027344;[  1   5  10  50  51 105 116 123 134 288];878;1533;407.362544298172;3061
18;1023.1496183872223;10;183.98388671875;146.28287506103516;[  1   5  10  29  50  51 105 116 134 288];1684;2375;612.8567416667938;4594
19;1531.5182189941406;10;183.98382759094238;159.99652099609375;[  1   5  10  50  51 105 116 124 134 288];1900;3325;932.8519780635834;6969
20;2170.2369091510773;10;183.98026704788208;178.6942901611328;[  1   5  10  50  51 105 116 124 134 288];1180;3915;1377.9644875526428;10294
21;2930.904978990555;10;183.982275724411;180.36501359939575;[  1   5  10  29  50  51 105 116 124 134];1450;4640;1903.477198600769;14209
22;2940.2201731204987;10;183.9770586490631;180.36501359939575;[  1   5  10  50  51 105 116 124 134 288];4640;4640;1903.477198600769;14209
