1;0.3894169330596924;10;356.0;0;[  0   3 138 143 162 167 173 219 229 293];1;1
2;0.8027441501617432;10;301.0;0.0;[  3 145 162 167 173 219 229 231 244 273];1;1
3;1.2215549945831299;10;253.0;0.0;[138 143 162 167 197 218 219 244 273 293];1;1
4;1.6932311058044434;10;253.0;0.0;[138 143 162 167 197 218 219 244 273 293];2;2
5;2.248289108276367;10;253.0;0.0;[138 143 162 167 197 218 219 244 273 293];4;4
6;2.9677319526672363;10;253.0;0.0;[138 143 162 167 197 218 219 244 273 293];8;8
7;4.004887104034424;10;253.0;0.0;[138 143 162 167 197 218 219 244 273 293];16;16
8;5.690216064453125;10;253.0;0.0;[138 143 162 167 197 218 219 244 273 293];32;32
9;8.66868805885315;10;253.0;0.0;[138 143 162 167 197 218 219 244 273 293];64;64
10;14.235668897628784;10;253.0;0.0;[138 143 162 167 197 218 219 244 273 293];128;128
11;24.978834867477417;10;253.0;0.0;[138 143 162 167 197 218 219 244 273 293];256;256
12;45.79321217536926;10;253.0;0.0;[138 143 162 167 197 218 219 244 273 293];512;512
13;87.19457197189331;10;253.0;0.0;[138 143 162 167 197 218 219 244 273 293];1024;1024
14;169.5887532234192;10;253.0;0.0;[138 143 162 167 197 218 219 244 273 293];2048;2048
15;336.29883217811584;10;253.0;0.0;[138 143 162 167 197 218 219 244 273 293];4096;4096
16;683.788036108017;10;253.0;0.0;[138 143 162 167 197 218 219 244 273 293];8192;8192
17;1425.1991801261902;10;253.0;0.0;[138 143 162 167 197 218 219 244 273 293];16384;16384
18;3072.920490026474;10;253.0;0.0;[138 143 162 167 197 218 219 244 273 293];32768;32768
I;1;0.376666784286499;10;356.0;0;[  0   3 138 143 162 167 173 219 229 293];1;1
I;2;0.7857286930084229;10;301.0;0.0;[  3 145 162 167 173 219 229 231 244 273];1;1
I;3;1.1977219581604004;10;253.0;0.0;[138 143 162 167 197 218 219 244 273 293];1;1
I;4;1.66068696975708;10;253.0;0.0;[138 143 162 167 197 218 219 244 273 293];2;2
I;5;2.2004008293151855;10;253.0;0.0;[138 143 162 167 197 218 219 244 273 293];4;4
I;6;2.9138898849487305;10;253.0;0.0;[138 143 162 167 197 218 219 244 273 293];8;8
I;7;3.9286720752716064;10;253.0;0.0;[138 143 162 167 197 218 219 244 273 293];16;16
I;8;5.596229791641235;10;253.0;0.0;[138 143 162 167 197 218 219 244 273 293];32;32
I;9;8.549600839614868;10;253.0;0.0;[138 143 162 167 197 218 219 244 273 293];64;64
I;10;14.087864875793457;10;253.0;0.0;[138 143 162 167 197 218 219 244 273 293];128;128
I;11;24.89947772026062;10;253.0;0.0;[138 143 162 167 197 218 219 244 273 293];256;256
I;12;46.14913082122803;10;253.0;0.0;[138 143 162 167 197 218 219 244 273 293];512;512
I;13;88.34870791435242;10;253.0;0.0;[138 143 162 167 197 218 219 244 273 293];1024;1024
I;14;172.36379384994507;10;253.0;0.0;[138 143 162 167 197 218 219 244 273 293];2048;2048
I;15;342.4528160095215;10;253.0;0.0;[138 143 162 167 197 218 219 244 273 293];4096;4096
I;16;696.3896589279175;10;253.0;0.0;[138 143 162 167 197 218 219 244 273 293];8192;8192
I;17;1451.701025724411;10;253.0;0.0;[138 143 162 167 197 218 219 244 273 293];16384;16384
I;18;3132.9356486797333;10;253.0;0.0;[138 143 162 167 197 218 219 244 273 293];32768;32768
