I;1;0.004766941070556641;10;1000000.0;0;[0 1 2 3 4 5 6 7 8 9];1;1;0;0;0
I;2;0.012340068817138672;10;310.0;0;[ 0  1  2  3  4  5 21 23 45 66];1;1;0;0;0
I;3;0.021625757217407227;10;310.0;0;[ 0  1  3 21 23 27 37 45 65 66];1;1;0;0;0
I;4;0.03125572204589844;10;301.0;0;[ 0  3 13 21 23 27 37 45 53 66];1;1;0;0;0
I;5;0.04110908508300781;10;294.0;0;[ 3 13 23 27 37 45 53 66 67 77];1;1;0;0;0
I;6;0.050783634185791016;10;281.0;0;[ 0  3 13 21 27 45 53 66 70 77];1;1;0;0;0
I;7;0.06298589706420898;10;275.0;0;[ 0  3 13 21 27 45 53 65 66 77];1;1;0;0;0
I;8;0.1273050308227539;10;274.0;236.625;[ 0  3 13 45 53 65 66 67 70 77];2;2;0;0;0
I;9;0.13882684707641602;10;270.71875;236.625;[ 0  2  3 21 45 53 65 66 67 77];2;2;0;0;0
I;10;0.1504347324371338;10;269.0;236.625;[ 0  3 21 27 45 53 65 66 67 77];2;2;0;0;0
I;11;0.16252875328063965;10;269.0;236.625;[ 0  3 21 28 45 53 65 66 68 77];2;2;0;0;0
I;12;0.17518091201782227;10;269.0;236.625;[ 0  3 21 45 53 65 66 67 68 77];2;2;0;0;0
I;13;0.2936427593231201;10;267.3437500000004;246.6590909090909;[ 0  3 13 45 53 65 66 67 68 77];4;4;0;0;0
I;14;0.3088228702545166;10;266.78125;246.6590909090909;[ 0  3 13 21 45 53 65 66 70 77];4;4;0;0;0
I;15;0.32515573501586914;10;266.0568181818187;246.6590909090909;[ 0  3 13 21 45 53 65 66 67 77];4;4;0;0;0
I;16;0.34238290786743164;10;263.96875;246.6590909090909;[ 0  3 21 23 45 53 65 66 67 77];4;4;0;0;0
I;17;0.3585348129272461;10;263.71875;246.6590909090909;[ 0  3 13 27 45 53 65 66 70 77];4;4;0;0;0
I;18;0.3745279312133789;10;263.7187500000004;246.6590909090909;[ 0  3 13 23 45 53 65 66 67 77];4;4;0;0;0
I;19;0.39330387115478516;10;262.75;246.6590909090909;[ 0  3 21 45 53 65 66 67 77 86];4;4;0;0;0
I;20;0.41120171546936035;10;262.62500000000045;246.6590909090909;[ 0  3 21 23 45 53 65 66 67 77];4;4;0;0;0
I;21;0.6003117561340332;10;262.44318181818187;256.7826086956522;[ 0  3 21 45 53 65 66 67 68 77];6;7;0;0;0
I;22;0.6243679523468018;10;262.3636363636364;256.7826086956522;[ 0  3 13 21 45 53 65 66 67 77];7;7;0;0;0
I;23;0.6483538150787354;10;261.13389328063244;256.7826086956522;[ 0  3 21 45 53 65 66 67 68 77];7;7;0;0;0
I;24;0.8090240955352783;10;260.88692788807043;256.7826086956522;[ 0  3 21 45 53 65 66 67 68 77];8;8;0;0;0
I;25;0.9863617420196533;10;260.87104743083;256.7826086956522;[ 0  3 21 23 45 53 65 66 67 77];9;9;0;0;0
I;26;1.2739858627319336;10;260.62183345310814;257.50363816025873;[ 0  3 21 23 45 53 65 66 67 77];12;12;0;0;0
C;26;1.503546953201294;10;260.62183345310814;258.1148490837226;[ 0  3 21 23 45 53 65 66 67 77];0;13;0;0;0
