I;1;0.004685163497924805;10;1000000.0;0;[0 1 2 3 4 5 6 7 8 9];1;1;0;0;0
I;2;0.012662172317504883;10;326.0;0;[  0   1   2   3   4   5  31  43  97 109];1;1;0;0;0
I;3;0.021300077438354492;10;326.0;0;[  1  31  32  43  46  60  71  97 103 109];1;1;0;0;0
I;4;0.030173063278198242;10;313.0;0;[  1  31  32  43  45  53  60  71  97 103];1;1;0;0;0
I;5;0.03954625129699707;10;300.0;0;[  1  31  32  43  46  53  65  71  97 103];1;1;0;0;0
I;6;0.0490109920501709;10;291.0;0;[  1  31  32  53  60  65  71  97 103 109];1;1;0;0;0
I;7;0.10657000541687012;10;291.0;209.25;[  1  31  32  53  60  65  71  97 103 109];2;2;0;0;0
I;8;0.22279810905456543;10;287.0;218.75;[  1  22  31  32  46  60  71  89  97 103];4;4;0;0;0
I;9;0.2366189956665039;10;283.0;218.75;[  1  22  31  32  43  60  71  97 103 109];4;4;0;0;0
I;10;0.25174808502197266;10;276.125;218.75;[  1  31  32  34  60  65  71  97 103 109];4;4;0;0;0
I;11;0.26659607887268066;10;272.625;218.75;[  1  31  32  53  60  65  71  97 103 109];4;4;0;0;0
I;12;0.4920010566711426;10;269.8125;225.125;[  1  22  31  32  34  46  60  71  97 103];8;8;0;0;0
I;13;0.5123741626739502;10;269.5625;225.125;[  1  31  32  34  60  65  71  89  97 103];8;8;0;0;0
I;14;0.5336289405822754;10;268.4375;225.125;[  1  31  32  34  53  60  71  97 103 109];8;8;0;0;0
I;15;0.5539760589599609;10;266.9375;225.125;[  1  31  32  34  53  60  65  71  97 103];8;8;0;0;0
I;16;0.5755631923675537;10;265.625;225.125;[  1  31  32  34  53  60  65  71  97 103];8;8;0;0;0
I;17;1.0476889610290527;10;264.875;232.65625;[  1  32  34  43  53  60  71  97 103 109];16;16;0;0;0
I;18;1.0835609436035156;10;263.453125;232.65625;[  1  32  43  45  53  60  65  71  97 103];16;16;0;0;0
I;19;1.1211490631103516;10;263.015625;232.65625;[  1  31  32  45  46  53  60  71  97 103];16;16;0;0;0
I;20;1.1591622829437256;10;263.0;232.65625;[  1  31  32  34  45  53  60  71  97 103];16;16;0;0;0
I;21;1.1982190608978271;10;262.890625;232.65625;[  1  31  32  45  53  60  71  97 103 109];16;16;0;0;0
I;22;1.2393889427185059;10;262.828125;232.65625;[  1  31  32  34  46  53  60  71  97 103];16;16;0;0;0
I;23;2.0275161266326904;10;262.828125;236.515625;[  1  31  32  45  46  53  60  71  97 103];30;30;0;0;0
I;24;2.0896263122558594;10;262.265625;236.515625;[  1  31  32  34  45  60  71  97 103 109];30;30;0;0;0
I;25;2.153071165084839;10;262.265625;236.515625;[  1  31  32  43  45  53  60  71 103 109];30;30;0;0;0
I;26;2.2179970741271973;10;262.2109375;236.515625;[  1  31  32  45  53  60  65  71  97 103];30;30;0;0;0
I;27;3.6309189796447754;10;262.1875;241.146484375;[  1  22  31  32  34  46  60  71  97 103];55;55;0;0;0
I;28;3.728585958480835;10;261.875;241.146484375;[  1  22  31  32  34  45  60  71  97 103];55;55;0;0;0
I;29;3.8279192447662354;10;261.6484375;241.146484375;[  1  31  32  45  53  60  71  97 103 109];55;55;0;0;0
I;30;3.946485996246338;10;261.375;241.146484375;[  1  22  32  43  45  60  71  97 103 109];55;55;0;0;0
I;31;4.04903507232666;10;261.3710937500002;241.146484375;[  1  31  32  34  45  60  65  71  97 103];55;55;0;0;0
I;32;4.1465840339660645;10;261.3125;241.146484375;[  1  22  32  43  45  60  65  71  97 103];55;55;0;0;0
I;33;4.243301153182983;10;261.0;241.146484375;[  1  32  34  45  53  60  71  97 103 109];55;55;0;0;0
I;34;4.338932037353516;10;260.986328125;241.146484375;[  1  31  32  34  45  46  60  71  97 103];55;55;0;0;0
I;35;6.648380994796753;10;260.92578125;244.1162109375;[  1  22  31  32  45  60  65  71  97 103];93;93;0;0;0
I;36;6.792636156082153;10;260.8828125;244.1162109375;[  1  31  32  34  60  65  71  89  97 103];93;93;0;0;0
I;37;6.945127010345459;10;260.76171875;244.1162109375;[  1  31  32  34  45  60  71  97 103 109];93;93;0;0;0
I;38;7.09784197807312;10;260.22265625;244.1162109375;[  1  22  31  32  34  60  71  97 103 109];93;93;0;0;0
I;39;7.251219034194946;10;260.10156250000034;244.1162109375;[  1  31  32  34  45  60  71  97 103 109];93;93;0;0;0
I;40;12.091537952423096;10;259.986328125;249.58740234375;[  1  31  32  45  53  60  65  71  97 103];180;182;0;0;0
I;41;12.391396284103394;10;259.80078125;249.58740234375;[  0   1  31  32  45  60  71  97 103 109];182;182;0;0;0
I;42;12.663072109222412;10;259.3955078125;249.58740234375;[  1  22  31  32  45  60  65  71  97 103];182;182;0;0;0
I;43;12.94029712677002;10;259.3427734375008;249.58740234375;[  1  22  31  32  45  60  71  97 103 109];182;182;0;0;0
I;44;13.218507051467896;10;259.3427734375008;249.58740234375;[  1  31  32  34  45  60  71  97 103 109];182;182;0;0;0
I;45;19.261743307113647;10;259.2871093750008;251.176025390625;[  1  22  31  32  45  60  71  97 103 109];267;267;0;0;0
I;46;19.6532621383667;10;259.030517578125;251.176025390625;[  1  31  32  45  53  60  71  97 103 109];267;267;0;0;0
I;47;20.075539112091064;10;259.0283203125;251.176025390625;[  1  31  32  34  45  60  65  71  97 103];267;267;0;0;0
I;48;20.47310709953308;10;258.9868164062508;251.176025390625;[  1  22  31  32  45  60  71  97 103 109];267;267;0;0;0
I;49;30.074944019317627;10;258.809814453125;253.516357421875;[  1  31  32  34  45  60  71  97 103 109];404;409;0;0;0
I;50;30.69686198234558;10;258.7025146484378;253.516357421875;[  1  31  32  45  53  60  71  97 103 109];409;409;0;0;0
I;51;31.308691024780273;10;258.5849609375;253.516357421875;[  1  22  31  32  45  46  60  71  97 103];409;409;0;0;0
I;52;31.93869709968567;10;258.582763671875;253.516357421875;[  1  31  32  45  60  65  71  97 103 109];409;409;0;0;0
I;53;32.56125497817993;10;258.5556640625;253.516357421875;[  1  31  32  45  46  53  60  71  97 103];409;409;0;0;0
I;54;33.15771007537842;10;258.4897460937508;253.516357421875;[  1  22  31  32  45  60  71  97 103 109];409;409;0;0;0
I;55;42.74500823020935;10;258.466796875;254.248046875;[  1  31  32  45  60  65  71  89  97 103];493;493;0;0;0
I;56;43.47642230987549;10;258.3837890625;254.248046875;[  1  31  32  34  45  60  71  97 103 109];493;493;0;0;0
I;57;44.225900173187256;10;258.36328125;254.248046875;[  0   1  32  34  45  60  71  97 103 109];493;493;0;0;0
I;58;44.941179275512695;10;258.35009765625;254.248046875;[  1  22  31  32  45  60  71  97 103 109];493;493;0;0;0
I;59;56.14828109741211;10;258.3455810546875;254.71389770507812;[  1  31  32  45  53  60  71  97 103 109];582;582;0;0;0
I;60;57.00277614593506;10;258.251953125;254.71389770507812;[  1  31  32  43  45  60  65  71  97 103];582;582;0;0;0
I;61;57.874890089035034;10;258.2412109375;254.71389770507812;[  1  31  32  34  45  60  71  97 103 109];582;582;0;0;0
I;62;58.74443817138672;10;258.21072387695386;254.71389770507812;[  1  22  31  32  45  53  60  71  97 103];582;582;0;0;0
I;63;59.62933611869812;10;258.20730590820386;254.71389770507812;[  1  22  31  32  45  60  71  97 103 109];582;582;0;0;0
I;64;71.3744592666626;10;258.1456604003906;254.98944091796875;[  1  22  31  32  45  60  71  97 103 109];652;652;0;0;0
I;65;83.50755715370178;10;258.13922119140625;255.207275390625;[  1  31  32  45  53  60  71  97 103 109];703;704;0;0;0
I;66;84.53573417663574;10;258.1378173828125;255.207275390625;[  1  31  32  34  45  60  71  97 103 109];704;704;0;0;0
I;67;85.57900714874268;10;258.1229858398445;255.207275390625;[  1  22  31  32  45  60  71  97 103 109];704;704;0;0;0
I;68;97.86470103263855;10;258.09405517578125;255.304443359375;[  1  22  31  32  45  60  71  97 103 109];737;738;0;0;0
I;69;110.33992910385132;10;258.0775146484375;255.36099243164062;[  1  22  31  32  45  60  71  97 103 109];761;762;0;0;0
I;70;122.91866111755371;10;258.0671081542969;255.4038848876953;[  1  22  31  32  45  60  71  97 103 109];778;779;0;0;0
I;71;135.50980830192566;10;258.061767578125;255.4286651611328;[  1  31  32  45  53  60  71  97 103 109];788;790;0;0;0
I;72;136.66180419921875;10;258.061279296875;255.4286651611328;[  1  31  32  34  45  60  65  71  97 103];790;790;0;0;0
I;73;137.82801222801208;10;258.05194091796875;255.4286651611328;[  1  22  31  32  45  60  71  97 103 109];790;790;0;0;0
I;74;150.41122794151306;10;258.0468292236328;255.4368438720703;[  1  22  31  32  45  60  71  97 103 109];794;796;0;0;0
I;75;162.96754002571106;10;258.0452117919922;255.44309997558594;[  1  22  31  32  45  60  71  97 103 109];798;800;0;0;0
I;76;175.5964071750641;10;258.04359436035156;255.45191955566406;[  1  22  31  32  45  60  71  97 103 109];801;803;0;0;0
I;77;188.18572115898132;10;258.04359436035156;255.45704650878906;[  1  22  31  32  45  60  71  97 103 109];803;805;0;0;0
I;78;200.8512442111969;10;258.04359436035156;255.46070861816406;[  1  22  31  32  45  60  71  97 103 109];804;806;0;0;0
I;79;213.50543117523193;10;258.04359436035156;255.46107482910156;[  1  22  31  32  45  60  71  97 103 109];805;807;0;0;0
C;79;226.09026098251343;10;258.04359436035156;255.46376037597656;[  1  22  31  32  45  60  71  97 103 109];0;808;0;0;0
