1;0.40986180305480957;10;313.0;0;[  0   1   2   3   4   5  14  41  91 116];1;1
2;0.8250718116760254;10;313.0;0.0;[  0   1   2   3  14  28  39  41  91 116];1;1
3;1.276865005493164;10;313.0;0.0;[  0   1   2   3  14  28  39  41  91 116];2;2
4;1.754080057144165;10;313.0;149.0;[  0   1  14  20  28  38  39  41  91 116];2;3
4;1.8192129135131836;10;313.0;313.0;[  0   1  14  20  28  38  39  41  91 116];0;3
1;0.4241611957550049;10;313.0;0;[  0   1   2   3   4   5  14  41  91 116];1;1;0;0
2;0.846332311630249;10;313.0;0.0;[  0   1   2   3  14  28  39  41  91 116];1;1;0;0
3;1.3092901706695557;10;313.0;0.0;[  0   1  14  20  28  38  39  41  91 116];2;2;1;1
3;1.3464770317077637;10;313.0;313.0;[  0   1  14  20  28  38  39  41  91 116];0;2;1;1
1;0.3934321403503418;10;313.0;0;[  0   1   2   3   4   5  14  41  91 116];1;1;0;0
2;0.8085289001464844;10;313.0;0.0;[  0   1   2   3  14  28  39  41  91 116];1;1;0;0
3;1.2540149688720703;10;313.0;0.0;[  0   1  14  20  28  38  39  41  91 116];2;2;1;1
3;1.2910559177398682;10;313.0;313.0;[  0   1  14  20  28  38  39  41  91 116];0;2;1;1
I;1;0.39646005630493164;10;313.0;0;[  0   1   2   3   4   5  14  41  91 116];1;1;0;0;0
I;2;0.8208520412445068;10;313.0;0.0;[  0   1   2   3  14  28  39  41  91 116];1;1;0;0;0
I;3;1.2869539260864258;10;313.0;0.0;[  0   1  14  20  28  38  39  41  91 116];2;2;1;1;0.0013577938079833984
C;3;1.326390027999878;10;313.0;313.0;[  0   1  14  20  28  38  39  41  91 116];0;2;1;1;0.0013577938079833984
