1;0.3744969367980957;10;285.0;0;[  0   1   2   3   4  10  25  54  78 105];1;1
2;0.7690639495849609;10;261.0;0.0;[  0   2  25  36  54  78 105 121 142 151];1;1
3;1.1730618476867676;10;250.0;0.0;[  0   3  25  36  41 105 121 142 151 227];1;1
4;1.5770628452301025;10;249.0;0.0;[  0   3   5  25  36  41  78 105 142 151];1;1
5;1.9883718490600586;10;248.0;0.0;[  3   5  25  36  41  78 105 142 151 153];1;1
6;2.39217209815979;10;233.0;0.0;[  0   2   5  36  41  78 105 137 151 153];1;1
7;2.8053817749023438;10;233.0;0.0;[  0   5  25  41  99 105 137 142 151 153];1;1
8;3.20832896232605;10;233.0;0.0;[  0   5  25  36  41 105 137 142 151 167];1;1
9;3.7211477756500244;10;231.0;0.0;[  0   5  25  36  41 105 137 151 167 195];2;2
10;4.123323917388916;10;231.0;0.0;[  0   5  20  25  36  41 105 137 151 167];2;2
11;4.7951250076293945;10;223.375;0.0;[  0   5  20  25  36  41 105 137 151 167];4;4
12;5.632957935333252;10;222.0;57.375;[  0   5  20  25  36  41 105 137 151 167];6;7
13;6.664473056793213;10;221.828125;112.6875;[  0   5  20  25  36  41 105 137 151 167];8;11
14;7.9011759757995605;10;221.6953125;152.609375;[  0   5  20  25  36  41 105 137 151 167];10;16
15;9.404987812042236;10;221.673828125;179.8125;[  0   5  20  25  36  41 105 137 151 167];12;22
16;11.075569868087769;10;221.6474609375;200.015625;[  0   5  20  25  36  41 105 137 151 167];12;28
17;12.901334047317505;10;221.630615234375;210.384765625;[  0   5  20  25  36  41 105 137 151 167];12;34
18;14.874284029006958;10;221.6263427734375;216.43408203125;[  0   5  20  25  36  41 105 137 151 167];10;39
19;16.861175060272217;10;221.62310791015625;218.986572265625;[  0   5  20  25  36  41 105 137 151 167];8;43
20;18.73253297805786;10;221.62188720703125;220.28607177734375;[  0   5  20  25  36  41 105 137 151 167];4;45
21;20.621866941452026;10;221.62158203125;220.620361328125;[  0   5  20  25  36  41 105 137 151 167];2;46
21;21.797688007354736;10;221.62158203125;220.73208618164062;[  0   5  20  25  36  41 105 137 151 167];0;46
1;0.39420485496520996;10;285.0;0;[  0   1   2   3   4  10  25  54  78 105];1;1
2;0.8049929141998291;10;261.0;0.0;[  0   2  25  36  54  78 105 121 142 151];1;1
3;1.2218501567840576;10;250.0;0.0;[  0   3  25  36  41 105 121 142 151 227];1;1
4;1.641225814819336;10;249.0;0.0;[  0   3   5  25  36  41  78 105 142 151];1;1
5;2.0573229789733887;10;248.0;0.0;[  3   5  25  36  41  78 105 142 151 153];1;1
6;2.4753310680389404;10;233.0;0.0;[  0   2   5  36  41  78 105 137 151 153];1;1
7;2.89320707321167;10;233.0;0.0;[  0   5  25  41  99 105 137 142 151 153];1;1
8;3.3096559047698975;10;233.0;0.0;[  0   5  25  36  41 105 137 142 151 167];1;1
9;3.8369569778442383;10;231.0;0.0;[  0   5  25  36  41 105 137 151 167 195];2;2
10;4.2552430629730225;10;231.0;0.0;[  0   5  20  25  36  41 105 137 151 167];2;2
11;4.94287109375;10;223.375;0.0;[  0   5  20  25  36  41 105 137 151 167];4;4
12;5.7874250411987305;10;222.0;57.375;[  0   5  20  25  36  41 105 137 151 167];6;7
13;6.835159063339233;10;221.828125;112.6875;[  0   5  20  25  36  41 105 137 151 167];8;11
14;8.099090814590454;10;221.6953125;152.609375;[  0   5  20  25  36  41 105 137 151 167];10;16
15;9.624146223068237;10;221.673828125;179.8125;[  0   5  20  25  36  41 105 137 151 167];12;22
16;11.311248064041138;10;221.6474609375;200.015625;[  0   5  20  25  36  41 105 137 151 167];12;28
17;13.159931182861328;10;221.630615234375;210.384765625;[  0   5  20  25  36  41 105 137 151 167];12;34
18;15.167443990707397;10;221.6263427734375;216.43408203125;[  0   5  20  25  36  41 105 137 151 167];10;39
19;17.17895197868347;10;221.62310791015625;218.986572265625;[  0   5  20  25  36  41 105 137 151 167];8;43
20;19.07187509536743;10;221.62188720703125;220.28607177734375;[  0   5  20  25  36  41 105 137 151 167];4;45
21;20.98436403274536;10;221.62158203125;220.620361328125;[  0   5  20  25  36  41 105 137 151 167];2;46
-1;;22.159122228622437;10;221.62158203125;220.73208618164062;[  0   5  20  25  36  41 105 137 151 167];0;46
