1;0.38573575019836426;10;215.0;0;[ 0  1  2  3  4  5  6  7 18 30];1;1
2;0.7825827598571777;10;215.0;0.0;[  0   1   2   3   4   5   6  18  30 121];1;1
3;1.2180588245391846;10;215.0;0.0;[  0   1   2   3  18  30  36  42  47 121];2;2
4;1.8072776794433594;10;215.0;107.5;[  0   2   3  18  30  36  42  46  47 121];4;6
4;1.9052917957305908;10;215.0;215.0;[  0   2   3  18  30  36  42  46  47 121];0;6
I;1;0.40441203117370605;10;215.0;0;[ 0  1  2  3  4  5  6  7 18 30];1;1
I;2;0.8009738922119141;10;215.0;0.0;[  0   1   2   3   4   5   6  18  30 121];1;1
I;3;1.2375068664550781;10;215.0;0.0;[  0   1   2   3  18  30  36  42  47 121];2;2
I;4;1.8290090560913086;10;215.0;107.5;[  0   2   3  18  30  36  42  46  47 121];4;6
C;4;1.936340093612671;10;215.0;215.0;[  0   2   3  18  30  36  42  46  47 121];0;6
