I;1;0.005777120590209961;10;1000000.0;0;[0 1 2 3 4 5 6 7 8 9];1;1;0;0;0
I;2;0.018996238708496094;10;259.0;0;[  0   1   2   3   4   5   6  18  51 116];1;1;0;0;0
I;3;0.03232908248901367;10;241.0;0;[  0   1   2   3   4  18  51 101 116 168];1;1;0;0;0
I;4;0.045503854751586914;10;241.0;0;[  0   1  18  43  51  67 101 116 166 168];1;1;0;0;0
I;5;0.058770179748535156;10;241.0;0;[  0   1  18  51  67 101 116 167 168 263];1;1;0;0;0
I;6;0.31508398056030273;10;241.0;189.375;[  0   1  18  43  51 101 116 167 168 169];1;4;0;0;0.002689838409423828
I;7;0.33545684814453125;10;241.0;189.375;[  0   1  18  51  67 101 109 116 168 169];4;4;0;0;0.002689838409423828
I;8;0.75006103515625;10;240.0;194.5625;[  0   1   7  51  67  99 116 167 168 169];4;8;0;0;0.006146907806396484
I;9;0.7785921096801758;10;239.25;194.5625;[  0   1   7  50  51  67 116 127 167 168];8;8;0;0;0.006146907806396484
I;10;0.8080220222473145;10;239.25;194.5625;[  0   1   7  18  51  67 109 116 127 168];8;8;0;0;0.006146907806396484
I;11;0.9593760967254639;10;238.31640625;195.375;[  0   1   7  18  51  67 109 116 127 168];8;9;0;0;0.006979942321777344
I;12;1.6083779335021973;10;238.14453125;204.15625;[  0   1   7  18  51  67 109 116 168 169];8;15;0;0;0.011895895004272461
I;13;1.650787115097046;10;237.94140625;204.15625;[  0   1   7  18  51  67 109 116 168 169];15;15;0;0;0.011895895004272461
I;14;2.9497928619384766;10;237.02734375;207.84375;[  0   1   7  18  51  67 109 116 168 169];15;27;0;0;0.021680116653442383
I;15;3.1009950637817383;10;236.83984375;208.15625;[  0   1   7  18  51  67 109 116 168 169];15;28;0;0;0.02249908447265625
I;16;3.429291009902954;10;236.73046875;208.40625;[  0   1   7  18  51  67 109 116 168 169];15;31;0;0;0.024914979934692383
I;17;4.063099145889282;10;236.4296875;209.484375;[  0   1   7  18  51  67 109 116 168 169];15;39;0;0;0.030900955200195312
I;18;4.193819046020508;10;236.33203125;209.828125;[  0   1   7  18  51  67 109 116 148 168];15;40;0;0;0.03159189224243164
I;19;4.309051036834717;10;236.1328125;209.828125;[  0   1   7  18  51  67 109 116 168 169];40;40;0;0;0.03159189224243164
I;20;4.852479934692383;10;235.984375;210.2578125;[  0   1   7  18  51  67 109 116 168 169];40;44;0;0;0.03502655029296875
I;21;5.059615135192871;10;235.890625;210.4296875;[  0   1   7  18  51  67 109 116 168 169];40;45;0;0;0.03585028648376465
I;22;5.370041131973267;10;235.796875;210.546875;[  0   1   7  18  51  67 109 116 168 169];40;47;0;0;0.037476301193237305
I;23;5.669309139251709;10;235.609375;210.71875;[  0   1   7  18  51  67 109 116 168 169];40;49;0;0;0.03909754753112793
I;24;5.880591154098511;10;235.515625;210.875;[  0   1   7  18  51  67 109 116 168 169];40;50;0;0;0.039971351623535156
I;25;6.5835161209106445;10;235.4609375;211.1875;[  0   1   7  18  51  67 109 116 168 169];40;56;0;0;0.044999122619628906
I;26;6.915694952011108;10;235.40625;211.421875;[  0   1   7  18  51  67 109 116 168 169];40;58;0;0;0.04663419723510742
I;27;7.651764154434204;10;235.021484375;211.9609375;[  0   1   7  18  51  67 109 116 168 169];40;64;0;0;0.051660776138305664
I;28;7.962836265563965;10;234.982421875;212.046875;[  0   1   7  18  51  67 109 116 168 169];40;66;0;0;0.053290605545043945
I;29;8.179758071899414;10;234.94140625;212.21875;[  0   1  17  18  51  67 109 116 168 169];40;67;0;0;0.05411863327026367
I;30;8.327208042144775;10;234.833984375;212.21875;[  0   1   7  18  51  67 109 116 168 169];67;67;0;0;0.05411863327026367
I;31;9.278944969177246;10;234.48046875;212.65625;[  0   1   7  18  51  67 109 116 168 169];67;74;0;0;0.05986666679382324
I;32;9.745651245117188;10;234.33984375;212.875;[  0   1   7  18  51  67 109 116 168 169];67;77;0;0;0.062338829040527344
I;33;10.136447191238403;10;234.272705078125;212.9609375;[  0   1   7  18  51  67 109 116 168 169];67;79;0;0;0.06403994560241699
I;34;10.407031059265137;10;234.255126953125;212.97265625;[  0   1   7  18  51  67 109 116 168 169];67;80;0;0;0.06485104560852051
I;35;10.882565021514893;10;234.161376953125;213.06640625;[  0   1   7  18  51  67 109 116 168 169];67;83;0;0;0.06729912757873535
I;36;11.266250133514404;10;234.114501953125;213.20361328125;[  0   1   7  18  51  67 109 116 168 169];67;85;0;0;0.06894230842590332
I;37;11.796682119369507;10;234.048095703125;213.33642578125;[  0   1   7  18  51  67 109 116 168 169];67;88;0;0;0.07137084007263184
I;38;13.102420091629028;10;233.993408203125;213.72705078125;[  0   1   7  18  51  67 109 116 168 169];67;100;0;0;0.0814516544342041
I;39;14.602783203125;10;233.564697265625;214.29345703125;[  0   1   7  18  51  67 109 116 168 169];67;112;0;0;0.091400146484375
I;40;14.982141017913818;10;233.545166015625;214.33642578125;[  0   1   7  18  51  67 109 116 168 169];67;114;0;0;0.09304094314575195
I;41;15.266807079315186;10;233.470947265625;214.42236328125;[  0   1   7  18  51  67 109 116 168 169];67;115;0;0;0.0938568115234375
I;42;16.51382327079773;10;233.390625;214.7779541015625;[  0   1  51  67  99 109 116 166 168 169];67;124;0;0;0.10115885734558105
I;43;16.795029163360596;10;233.337890625;214.7779541015625;[  0   1  18  51  67 109 116 127 166 168];124;124;0;0;0.10115885734558105
I;44;17.05465602874756;10;233.28405761718827;214.7779541015625;[  0   1   7  18  51  67 109 116 168 169];124;124;0;0;0.10115885734558105
I;45;17.7281551361084;10;233.1903076171875;214.9107666015625;[  0   1   7  18  51  67 109 116 168 169];124;128;0;0;0.10442996025085449
I;46;18.34925413131714;10;233.16259765625;214.9420166015625;[  0   1   7  18  51  67 109 116 168 169];124;131;0;0;0.1068868637084961
I;47;18.984413146972656;10;233.11572265625;214.9888916015625;[  0   1   7  18  51  67 109 116 168 169];124;134;0;0;0.10941338539123535
I;48;19.377689123153687;10;233.04150390625;215.0748291015625;[  0   1   7  18  51  67 109 116 168 169];124;135;0;0;0.11021804809570312
I;49;20.164847135543823;10;233.0;215.2017822265625;[  0   1   7  51  67  99 109 116 127 168];124;139;0;0;0.11351704597473145
I;50;20.524445056915283;10;232.9747314453132;215.2017822265625;[  0   1   7  18  51  67 109 116 168 169];139;139;0;0;0.11351704597473145
I;51;25.381044149398804;10;232.6968994140625;216.1363525390625;[  0   1   7  18  51  67 109 116 168 169];139;178;0;0;0.14729881286621094
I;52;26.685919284820557;10;232.64453125;216.3492431640625;[  0   1  17  18  43  51  67 109 116 168];139;187;0;0;0.15477776527404785
I;53;27.085443019866943;10;232.5406494140625;216.3492431640625;[  0   1   7  18  51  67 109 116 168 169];187;187;0;0;0.15477776527404785
I;54;27.617637157440186;10;232.5035400390625;216.3922119140625;[  0   1   7  18  51  67 109 116 168 169];187;188;0;0;0.15559601783752441
I;55;28.950392961502075;10;232.3570556640625;216.6070556640625;[  0   1   7  18  51  67 109 116 168 169];187;196;0;0;0.16212153434753418
I;56;31.336570024490356;10;232.15069580078125;216.983154296875;[  0   1   7  18  51  67 109 116 168 169];187;213;0;0;0.1761786937713623
I;57;32.270735025405884;10;232.10382080078125;217.074951171875;[  0   1   7  18  51  67 109 116 168 169];187;218;0;0;0.18027329444885254
I;58;32.90408205986023;10;232.09503173828125;217.080810546875;[  0   1   7  18  51  67 109 116 168 169];187;220;0;0;0.18192124366760254
I;59;33.609824895858765;10;232.08331298828125;217.093505859375;[  0   1   7  18  51  67 109 116 168 169];187;222;0;0;0.18355059623718262
I;60;34.24798607826233;10;232.00909423828125;217.179443359375;[  0   1   7  18  51  67 109 116 168 169];187;224;0;0;0.18520450592041016
I;61;35.54109191894531;10;231.9542236328125;217.281005859375;[  0   1   7  18  51  67 109 116 168 169];187;231;0;0;0.1910254955291748
I;62;44.29785895347595;10;231.66876220703125;218.23992919921875;[  0   1   7  18  51  67 109 116 168 169];187;307;0;0;0.25447940826416016
I;63;45.662440061569214;10;231.56329345703125;218.34063720703125;[  0   1   7  18  51  67 109 116 168 169];187;316;0;0;0.26186275482177734
I;64;47.644798040390015;10;231.45709228515625;218.54119873046875;[  0   1   7  18  51  67 109 116 168 169];187;329;0;0;0.2727854251861572
I;65;49.04189205169678;10;231.41146850585938;218.61395263671875;[  0   1   7  18  51  67 109 116 168 169];187;336;0;0;0.2785181999206543
I;66;50.69845509529114;10;231.30804443359375;218.784912109375;[  0   1   7  18  51  67 109 116 148 168];187;346;0;0;0.28653550148010254
I;67;51.39195728302002;10;231.28753662109375;218.784912109375;[  0   1   7  18  51  67 109 116 168 169];346;346;0;0;0.28653550148010254
I;68;53.84507894515991;10;231.19671630859375;219.031005859375;[  0   1   7  18  51  67 109 116 168 169];346;360;0;0;0.29839634895324707
I;69;55.93176221847534;10;231.17913818359375;219.132080078125;[  0   1   7  18  51  67 109 116 168 169];346;370;0;0;0.3080427646636963
I;70;57.168396949768066;10;231.17474365234375;219.147216796875;[  0   1   7  18  51  67 109 116 168 169];346;373;0;0;0.3106858730316162
I;71;58.3433620929718;10;231.13763427734375;219.191162109375;[  0   1   7  18  51  67 109 116 168 169];346;376;0;0;0.31339359283447266
I;72;59.47712707519531;10;231.125732421875;219.212646484375;[  0   1   7  18  51  67 109 116 168 169];346;379;0;0;0.3159923553466797
I;73;64.41116213798523;10;231.00955200195312;219.52175903320312;[  0   1   7  18  51  67 109 116 168 169];346;414;0;0;0.34526681900024414
I;74;71.0611162185669;10;230.94985961914062;219.84469604492188;[  0   1   7  18  51  67 109 116 168 169];346;470;0;0;0.3916044235229492
I;75;72.4973201751709;10;230.94546508789062;219.88973999023438;[  0   1   7  18  51  67 109 116 168 169];346;476;0;0;0.39654064178466797
I;76;77.5106840133667;10;230.882080078125;220.15383911132812;[  0   1   7  18  51  67 109 116 168 169];346;510;0;0;0.42615318298339844
I;77;79.59695601463318;10;230.821533203125;220.21493530273438;[  0   1   7  18  51  67 109 116 168 169];346;521;0;0;0.43546319007873535
I;78;81.91881012916565;10;230.77783203125;220.2930908203125;[  0   1   7  18  51  67 109 116 168 169];346;532;0;0;0.4446542263031006
I;79;84.23523807525635;10;230.741943359375;220.374755859375;[  0   1   7  18  51  67 109 116 168 169];346;542;0;0;0.45286107063293457
I;80;85.45296907424927;10;230.714111328125;220.402099609375;[  0   1   7  18  51  67 109 116 168 169];346;545;0;0;0.45554423332214355
I;81;86.5951771736145;10;230.71261596679688;220.412353515625;[  0   1   7  18  51  67 109 116 168 169];346;546;0;0;0.4566774368286133
I;82;89.95939922332764;10;230.670166015625;220.5045166015625;[  0   1   7  18  51  67 109 116 168 169];346;560;0;0;0.4706435203552246
I;83;95.50716710090637;10;230.55331420898438;220.7452392578125;[  0   1   7  18  51  67 109 116 168 169];346;592;0;0;0.49918389320373535
I;84;99.31080508232117;10;230.54354858398438;220.85604858398438;[  0   1   7  18  51  67 109 116 168 169];346;613;0;0;0.5176143646240234
I;85;101.17362403869629;10;230.54049682617188;220.88021850585938;[  0   1   7  18  51  67 109 116 168 169];346;619;0;0;0.5228664875030518
I;86;102.98182606697083;10;230.52194213867188;220.92562866210938;[  0   1   7  18  51  67 109 116 168 169];346;625;0;0;0.5280487537384033
I;87;104.65707421302795;10;230.5159912109375;220.94174194335938;[  0   1   7  18  51  67 109 116 168 169];346;629;0;0;0.5315070152282715
I;88;110.16366720199585;10;230.4833526611328;221.0721435546875;[  0   1   7  18  51  67 109 116 168 169];346;657;0;0;0.5565903186798096
I;89;124.29634404182434;10;230.41278076171875;221.42930603027344;[  0   1   7  18  51  67 109 116 168 169];346;751;0;0;0.64650559425354
I;90;136.63176321983337;10;230.34891510009766;221.6877670288086;[  0   1   7  18  51  67 109 116 168 169];346;820;0;0;0.7177004814147949
I;91;140.75836205482483;10;230.31937408447266;221.72052764892578;[  0   1   7  18  51  67 109 116 168 169];346;832;0;0;0.7339832782745361
I;92;143.26131391525269;10;230.31375885009766;221.72565460205078;[  0   1   7  18  51  67 109 116 168 169];346;834;0;0;0.7366483211517334
I;93;145.28383994102478;10;230.31127166748047;221.72689056396484;[  0   1   7  18  51  67 109 116 168 169];346;835;0;0;0.7380564212799072
I;94;150.63597202301025;10;230.28221893310547;221.77913665771484;[  0   1   7  18  51  67 109 116 168 169];346;849;0;0;0.7585153579711914
I;95;157.80419301986694;10;230.25249481201172;221.85894012451172;[  0   1   7  18  51  67 109 116 168 169];346;866;0;0;0.785797119140625
I;96;160.11495995521545;10;230.25157928466797;221.85967254638672;[  0   1   7  18  51  67 109 116 168 169];346;867;0;0;0.7872409820556641
I;97;163.29377913475037;10;230.22838592529297;221.87926483154297;[  0   1   7  18  51  67 109 116 168 169];346;872;0;0;0.7954270839691162
I;98;165.91338896751404;10;230.22492218017578;221.88439178466797;[  0   1   7  18  51  67 109 116 168 169];346;873;0;0;0.797065019607544
I;99;172.22366213798523;10;230.2014389038086;221.92504119873047;[  0   1   7  18  51  67 109 116 168 169];346;887;0;0;0.8219101428985596
I;100;181.66886591911316;10;230.1884765625;222.05634307861328;[  0   1   7  51  67  99 109 116 168 169];346;918;0;0;0.869490385055542
I;101;185.20440793037415;10;230.1354522705078;222.05634307861328;[  0   1   7  18  51  67 109 116 168 169];918;918;0;0;0.869490385055542
I;102;204.50936913490295;10;230.0750503540039;222.30799865722656;[  0   1   7  18  51  67 109 116 168 169];918;992;0;0;0.9683821201324463
I;103;217.7817051410675;10;230.05852508544922;222.4226531982422;[  0   1   7  18  51  67 109 116 168 169];918;1028;0;0;1.0184581279754639
I;104;225.54378414154053;10;230.04979705810547;222.45953369140625;[  0   1   7  18  51  67 109 116 168 169];918;1045;0;0;1.0426912307739258
I;105;236.7368049621582;10;230.03060150146484;222.5648956298828;[  0   1   7  18  51  67 109 116 168 169];918;1083;0;0;1.0855741500854492
I;106;239.76276206970215;10;230.02962493896484;222.5670928955078;[  0   1   7  18  51  67 109 116 168 169];918;1084;0;0;1.0866191387176514
I;107;246.63255214691162;10;230.01295471191406;222.63510131835938;[  0   1   7  18  51  67 109 116 168 169];918;1106;0;0;1.1132605075836182
I;108;249.79397797584534;10;230.01221466064453;222.63583374023438;[  0   1   7  18  51  67 109 116 168 169];918;1107;0;0;1.1143527030944824
I;109;269.2664520740509;10;229.97846221923828;222.85655975341797;[  0   1   7  18  51  67 109 116 168 169];918;1217;0;0;1.2268803119659424
I;110;277.6290590763092;10;229.96430587768555;222.9068946838379;[  0   1   7  18  51  67 109 116 168 169];918;1246;0;0;1.2554473876953125
I;111;291.98338508605957;10;229.92939376831055;223.05774307250977;[  0   1   7  18  51  67 109 116 168 169];918;1324;0;0;1.3336451053619385
I;112;296.76913714408875;10;229.91337966918945;223.07938766479492;[  0   1   7  18  51  67 109 116 168 169];918;1338;0;0;1.3461439609527588
I;113;300.53877329826355;10;229.90776443481445;223.08445358276367;[  0   1   7  18  51  67 109 116 168 169];918;1342;0;0;1.35020112991333
I;114;305.32208609580994;10;229.90625;223.1077766418457;[  0   1   7  51  67 109 116 127 166 168];918;1354;0;0;1.361759901046753
I;115;308.4762980937958;10;229.89799880981445;223.1077766418457;[  0   1   7  18  51  67 109 116 168 169];1354;1354;0;0;1.361759901046753
I;116;315.1093010902405;10;229.8965950012207;223.12279891967773;[  0   1   7  18  51  67 109 116 168 169];1354;1364;0;0;1.371720314025879
I;117;319.3409571647644;10;229.8919563293457;223.12621688842773;[  0   1   7  18  51  67 109 116 168 169];1354;1366;0;0;1.3737311363220215
I;118;327.63303995132446;10;229.87007522583008;223.18918991088867;[  0   1   7  18  51  67 109 116 168 169];1354;1392;0;0;1.3997008800506592
I;119;333.0125012397766;10;229.8526954650879;223.2081413269043;[  0   1   7  18  51  67 109 116 168 169];1354;1401;0;0;1.4086081981658936
I;120;341.1147539615631;10;229.83428573608398;223.24690628051758;[  0   1   7  18  51  67 109 116 168 169];1354;1426;0;0;1.4334197044372559
I;121;349.43563318252563;10;229.8159294128418;223.30694198608398;[  0   1   7  18  51  67 109 116 168 169];1354;1455;0;0;1.4604156017303467
I;122;356.1151041984558;10;229.79244995117188;223.34698104858398;[  0   1   7  18  51  67 109 116 168 169];1354;1477;0;0;1.4800052642822266
I;123;370.67917704582214;10;229.75955963134766;223.4558219909668;[  0   1   7  18  51  67 109 116 168 169];1354;1537;0;0;1.5383405685424805
I;124;375.979474067688;10;229.7536277770996;223.4663848876953;[  0   1   7  18  51  67 109 116 168 169];1354;1546;0;0;1.547365427017212
I;125;386.93711614608765;10;229.74594497680664;223.52755737304688;[  0   1   7  18  51  67 109 116 168 169];1354;1593;0;0;1.5943043231964111
I;126;392.7394242286682;10;229.74179458618164;223.5393524169922;[  0   1   7  18  51  67 109 116 168 169];1354;1603;0;0;1.6036663055419922
I;127;406.7025361061096;10;229.7335319519043;223.62769317626953;[  0   1   7  18  51  67 109 116 168 169];1354;1656;0;0;1.6597900390625
I;128;411.38151812553406;10;229.73197555541992;223.63391876220703;[  0   1   7  18  51  67 109 116 168 169];1354;1663;0;0;1.6664180755615234
I;129;418.78802609443665;10;229.72587203979492;223.6648178100586;[  0   1   7  18  51  67 109 116 168 169];1354;1689;0;0;1.6913275718688965
I;130;422.8201241493225;10;229.72500610351562;223.66555404663086;[  0   1   7  18  51  67 109 116 168 169];1354;1690;0;0;1.69230055809021
I;131;432.92259407043457;10;229.71652603149414;223.71755981445312;[  0   1   7  18  51  67 109 116 168 169];1354;1723;0;0;1.724289894104004
I;132;442.6735589504242;10;229.7099838256836;223.74310684204102;[  0   1   7  18  51  67 109 116 168 169];1354;1751;0;0;1.7516050338745117
I;133;446.95234394073486;10;229.7090072631836;223.74530410766602;[  0   1   7  18  51  67 109 116 168 169];1354;1753;0;0;1.7535769939422607
I;134;452.3113090991974;10;229.7083854675293;223.75185775756836;[  0   1   7  18  51  67 109 116 168 169];1354;1756;0;0;1.756497859954834
I;135;461.3895709514618;10;229.70072174072266;223.8056297302246;[  0   1   7  18  51  67 109 116 168 169];1354;1783;0;0;1.7875711917877197
I;136;466.27449584007263;10;229.7003517150879;223.8059959411621;[  0   1   7  18  51  67 109 116 168 169];1354;1784;0;0;1.788722038269043
I;137;473.1127519607544;10;229.6993637084961;223.81316757202148;[  0   1   7  18  51  67 109 116 168 169];1354;1791;0;0;1.7962775230407715
I;138;486.2754421234131;10;229.6896743774414;223.8571891784668;[  0   1   7  18  51  67 109 116 168 169];1354;1849;0;0;1.8610961437225342
I;139;496.06772899627686;10;229.68859481811523;223.88656616210938;[  0   1   7  18  51  67 109 116 168 169];1354;1880;0;0;1.8920645713806152
I;140;511.696270942688;10;229.67556381225586;223.98048400878906;[  0   1   7  18  51  67 109 116 168 169];1354;1949;0;0;1.9667606353759766
I;141;516.8058431148529;10;229.6733055114746;223.98794555664062;[  0   1   7  18  51  67 109 116 168 169];1354;1957;0;0;1.974616289138794
I;142;550.355241060257;10;229.6361961364746;224.1349220275879;[  0   1   7  18  51  67 109 116 168 169];1354;2117;0;0;2.138995885848999
I;143;561.2639541625977;10;229.6259765625;224.1546287536621;[  0   1   7  17  51  67 109 116 168 169];1354;2142;0;0;2.1662919521331787
I;144;567.2135150432587;10;229.6241302490242;224.1546287536621;[  0   1   7  18  51  67 109 116 168 169];2142;2142;0;0;2.1662919521331787
I;145;582.7940111160278;10;229.61523818969727;224.1711196899414;[  0   1   7  18  51  67 109 116 168 169];2142;2159;0;0;2.1852848529815674
I;146;593.8335220813751;10;229.61193084716797;224.18992233276367;[  0   1   7  18  51  67 109 116 168 169];2142;2182;0;0;2.2106306552886963
I;147;600.6278948783875;10;229.60961151123047;224.19163131713867;[  0   1   7  18  51  67 109 116 168 169];2142;2184;0;0;2.2127206325531006
I;148;617.1159021854401;10;229.59871673583984;224.25148391723633;[  0   1   7  18  51  67 109 116 168 169];2142;2231;0;0;2.264431953430176
I;149;625.2354521751404;10;229.5920524597168;224.2601089477539;[  0   1   7  18  51  67 109 116 168 169];2142;2240;0;0;2.2736616134643555
I;150;632.1443500518799;10;229.5911865234375;224.26114654541016;[  0   1   7  18  51  67 109 116 168 169];2142;2241;0;0;2.274989366531372
I;151;645.952507019043;10;229.57843017578125;224.28977966308594;[  0   1   7  18  51  67 109 116 168 169];2142;2276;0;0;2.3128066062927246
I;152;661.5157880783081;10;229.56702423095703;224.33940505981445;[  0   1   7  18  51  67 109 116 168 169];2142;2327;0;0;2.3627641201019287
I;153;673.8143210411072;10;229.55725288391113;224.3674201965332;[  0   1   7  18  51  67 109 116 168 169];2142;2358;0;0;2.3966572284698486
I;154;698.8571000099182;10;229.52895164489746;224.46240615844727;[  0   1   7  18  51  67 109 116 168 169];2142;2459;0;0;2.500894546508789
I;155;707.8107471466064;10;229.52447891235352;224.46973609924316;[  0   1   7  18  51  67 109 116 168 169];2142;2471;0;0;2.5138635635375977
I;156;729.7164540290833;10;229.51648902893066;224.52193069458008;[  0   1   7  18  51  67 109 116 168 169];2142;2549;0;0;2.5999245643615723
I;157;755.2017929553986;10;229.5105323791504;224.59411811828613;[  0   1   7  18  51  67 109 116 168 169];2142;2634;0;0;2.694675922393799
I;158;763.5894100666046;10;229.509765625;224.5990161895752;[  0   1  17  18  51  67 109 116 127 168];2142;2646;0;0;2.7080917358398438
I;159;771.0633230209351;10;229.5090217590332;224.5990161895752;[  0   1   7  18  51  67 116 167 168 169];2646;2646;0;0;2.7080917358398438
I;160;792.6333479881287;10;229.50679397583008;224.6049976348877;[  0   1   7  18  51  67 116 167 168 169];2646;2652;0;0;2.714866876602173
I;161;806.4154951572418;10;229.50383377075195;224.63043022155762;[  0   1   7  18  51  67 116 167 168 169];2646;2687;0;0;2.757352352142334
I;162;815.3288900852203;10;229.5034008026123;224.63082885742188;[  0   1   7  18  51  67 116 167 168 169];2646;2689;0;0;2.759376287460327
I;163;825.3329381942749;10;229.5024814605713;224.63812446594238;[  0   1   7  18  51  67 116 167 168 169];2646;2699;0;0;2.770073175430298
I;164;842.8512511253357;10;229.4964256286621;224.68106842041016;[  0   1   7  18  51  67 116 167 168 169];2646;2747;0;0;2.8259592056274414
I;165;852.9127810001373;10;229.49486541748047;224.6833953857422;[  0   1   7  18  51  67 116 167 168 169];2646;2752;0;0;2.8313310146331787
I;166;871.5921981334686;10;229.48608589172363;224.71126174926758;[  0   1   7  18  51  67 116 167 168 169];2646;2802;0;0;2.88075852394104
I;167;880.913850069046;10;229.48513984680176;224.71330642700195;[  0   1   7  18  51  67 116 167 168 169];2646;2806;0;0;2.8851699829101562
I;168;900.9272081851959;10;229.47916221618652;224.77068710327148;[  0   1   7  18  51  67 116 167 168 169];2646;2868;0;0;2.950704336166382
I;169;914.7726719379425;10;229.47817993164062;224.78518104553223;[  0   1   7  18  51  67 116 167 168 169];2646;2888;0;0;2.970763921737671
I;170;934.3268849849701;10;229.46432495117188;224.83527183532715;[  0   1   7  18  51  67 116 167 168 169];2646;2963;0;0;3.0552172660827637
I;171;954.7658131122589;10;229.46174812316895;224.8790454864502;[  0   1   7  18  51  67 116 167 168 169];2646;3020;0;0;3.1170849800109863
I;172;979.3528470993042;10;229.45303916931152;224.94961547851562;[  0   1   7  18  51  67 116 167 168 169];2646;3116;0;0;3.2188425064086914
I;173;989.2413971424103;10;229.4510555267334;224.95490264892578;[  0   1   7  18  51  67 116 167 168 169];2646;3128;0;0;3.231872320175171
I;174;1019.8841781616211;10;229.44045066833496;225.0009479522705;[  0   1   7  18  51  67 116 167 168 169];2646;3212;0;0;3.327995538711548
I;175;1033.0997800827026;10;229.43818283081055;225.01510429382324;[  0   1   7  18  51  67 116 167 168 169];2646;3231;0;0;3.3473567962646484
I;176;1063.4515948295593;10;229.42002296447754;225.08280754089355;[  0   1   7  18  51  67 116 167 168 169];2646;3371;0;0;3.4978203773498535
I;177;1079.466341972351;10;229.41510772705078;225.09803199768066;[  0   1   7  18  51  67 116 167 168 169];2646;3403;0;0;3.5340769290924072
I;178;1091.6770520210266;10;229.4119415283203;225.10219764709473;[  0   1   7  18  51  67 116 167 168 169];2646;3411;0;0;3.5429043769836426
I;179;1105.5370259284973;10;229.40557289123535;225.11427307128906;[  0   1   7  18  51  67 116 167 168 169];2646;3435;0;0;3.5705108642578125
I;180;1126.1586079597473;10;229.40251541137695;225.13471031188965;[  0   1   7  18  51  67 116 167 168 169];2646;3482;0;0;3.623741865158081
I;181;1137.340392112732;10;229.40173149108887;225.13638496398926;[  0   1   7  18  51  67 116 167 168 169];2646;3485;0;0;3.6271300315856934
I;182;1166.8461401462555;10;229.391996383667;225.1948184967041;[  0   1   7  18  51  67 116 167 168 169];2646;3576;0;0;3.7229225635528564
I;183;1182.735876083374;10;229.38444232940674;225.2126750946045;[  0   1   7  18  51  67 116 167 168 169];2646;3616;0;0;3.769470453262329
I;184;1212.9495069980621;10;229.37646389007568;225.2658519744873;[  0   1   7  18  51  67 116 167 168 169];2646;3720;0;0;3.880763292312622
I;185;1231.9432790279388;10;229.36991214752197;225.29333305358887;[  0   1   7  18  51  67 116 167 168 169];2646;3769;0;0;3.938730239868164
I;186;1276.15194106102;10;229.35114669799805;225.36929607391357;[  0   1   7  18  51  67 116 167 168 169];2646;3933;0;0;4.114471912384033
I;187;1288.1967589855194;10;229.34867095947266;225.37288284301758;[  0   1   7  18  51  67 116 167 168 169];2646;3945;0;0;4.128780126571655
I;188;1317.0796041488647;10;229.34406661987305;225.4141445159912;[  0   1   7  18  51  67 116 167 168 169];2646;4040;0;0;4.235118627548218
I;189;1341.2283041477203;10;229.34081172943115;225.4370994567871;[  0   1   7  18  51  67 116 167 168 169];2646;4108;0;0;4.311640977859497
I;190;1369.5332782268524;10;229.33753299713135;225.48258781433105;[  0   1   7  18  51  67 116 167 168 169];2646;4193;0;0;4.410163640975952
I;191;1381.6050391197205;10;229.3361291885376;225.48846244812012;[  0   1   7  18  51  67 116 167 168 169];2646;4212;0;0;4.431939125061035
I;192;1400.4662110805511;10;229.33245182037354;225.50946044921875;[  0   1   7  18  51  67 116 167 168 169];2646;4267;0;0;4.4910383224487305
I;193;1411.3718931674957;10;229.3320140838623;225.50967502593994;[  0   1   7  18  51  67 116 167 168 169];2646;4270;0;0;4.494081497192383
I;194;1424.315414905548;10;229.33116912841797;225.51843357086182;[  0   1   7  18  51  67 116 167 168 169];2646;4292;0;0;4.516568183898926
I;195;1451.0227160453796;10;229.32744884490967;225.5518093109131;[  0   1   7  18  51  67 116 167 168 169];2646;4372;0;0;4.613657474517822
I;196;1461.8883249759674;10;229.32666873931885;225.5529727935791;[  0   1   7  18  51  67 116 167 168 169];2646;4377;0;0;4.6186299324035645
I;197;1492.4864990711212;10;229.31847476959229;225.57732582092285;[  0   1   7  18  51  67 116 167 168 169];2646;4457;0;0;4.706912279129028
I;198;1502.0109300613403;10;229.3177728652954;225.57882118225098;[  0   1   7  18  51  67 116 167 168 169];2646;4463;0;0;4.713075876235962
I;199;1535.4685389995575;10;229.31215572357178;225.6282730102539;[  0   1   7  18  51  67 116 167 168 169];2646;4579;0;0;4.837588548660278
I;200;1553.8817620277405;10;229.31136798858643;225.63840198516846;[  0   1   7  18  51  67 116 167 168 169];2646;4612;0;0;4.874577283859253
I;201;1564.3377709388733;10;229.3111515045166;225.63930225372314;[  0   1   7  18  51  67 116 167 168 169];2646;4617;0;0;4.879847288131714
I;202;1587.05597615242;10;229.30675315856934;225.66053295135498;[  0   1   7  18  51  67 116 167 168 169];2646;4690;0;0;4.964226484298706
I;203;1615.2364189624786;10;229.30427646636963;225.6788272857666;[  0   1   7  18  51  67 116 167 168 169];2646;4756;0;0;5.0363852977752686
I;204;1678.2950630187988;10;229.29913425445557;225.73132228851318;[  0   1   7  18  51  67 116 167 168 169];2646;4901;0;0;5.311549425125122
I;205;1702.2559509277344;10;229.29808139801025;225.73429775238037;[  0   1   7  18  51  67 116 167 168 169];2646;4914;0;0;5.340253829956055
I;206;1744.4364640712738;10;229.29143619537354;225.75935220718384;[  0   1   7  18  51  67 116 167 168 169];2646;5018;0;0;5.450596332550049
I;207;1760.1053421497345;10;229.29043006896973;225.76560068130493;[  0   1   7  18  51  67 116 167 168 169];2646;5039;0;0;5.475067615509033
I;208;1800.2313439846039;10;229.27909660339355;225.80766248703003;[  0   1   7  18  51  67 116 167 168 169];2646;5208;0;0;5.636180877685547
I;209;1819.0070838928223;10;229.27773571014404;225.81528520584106;[  0   1   7  18  51  67 116 167 168 169];2646;5243;0;0;5.671811580657959
I;210;1869.0844671726227;10;229.2631893157959;225.86236810684204;[  0   1   7  18  51  67 116 167 168 169];2646;5438;0;0;5.860451698303223
I;211;1886.2432601451874;10;229.26253938674927;225.864737033844;[  0   1   7  18  51  67 116 167 168 169];2646;5447;0;0;5.869356632232666
I;212;1905.2046329975128;10;229.2618327140808;225.87104845046997;[  0   1   7  18  51  67 116 167 168 169];2646;5474;0;0;5.898341655731201
I;213;1932.564325094223;10;229.2580485343933;225.90912866592407;[  0   1   7  18  51  67 116 167 168 169];2646;5592;0;0;6.021609306335449
I;214;1948.8547129631042;10;229.2552752494812;225.91794633865356;[  0   1   7  18  51  67 116 167 168 169];2646;5635;0;0;6.067824125289917
I;215;1983.7031269073486;10;229.25071048736572;225.95996570587158;[  0   1   7  18  51  67 116 167 168 169];2646;5804;0;0;6.244172811508179
I;216;1992.992465019226;10;229.25071048736572;225.96015644073486;[  0   1   7  18  51  67 116 167 168 169];2646;5805;0;0;6.2450947761535645
I;217;2003.4272842407227;10;229.25004959106445;225.96156215667725;[  0   1   7  18  51  67 116 167 168 169];2646;5810;0;0;6.249730110168457
I;218;2020.0343630313873;10;229.24758529663086;225.97312831878662;[  0   1   7  18  51  67 116 167 168 169];2646;5858;0;0;6.295293569564819
I;219;2079.3109862804413;10;229.2305154800415;226.0336184501648;[  0   1   7  18  51  67 116 167 168 169];2646;6127;0;0;6.551515817642212
I;220;2195.503830909729;10;229.22174263000488;226.11392259597778;[  0   1   7  18  51  67 116 167 168 169];2646;6507;0;0;7.092243432998657
I;221;2207.4587540626526;10;229.22036933898926;226.1159110069275;[  0   1   7  18  51  67 116 167 168 169];2646;6520;0;0;7.106996297836304
I;222;2228.5494911670685;10;229.21895027160645;226.1277928352356;[  0   1   7  18  51  67 116 167 168 169];2646;6588;0;0;7.179404973983765
I;223;2244.3300020694733;10;229.2185730934143;226.12827348709106;[  0   1   7  18  51  67 116 167 168 169];2646;6594;0;0;7.184638261795044
I;224;2258.0368599891663;10;229.21769618988037;226.1352243423462;[  0   1   7  18  51  67 116 167 168 169];2646;6635;0;0;7.223047494888306
I;225;2268.6385271549225;10;229.2172155380249;226.13633823394775;[  0   1   7  18  51  67 116 167 168 169];2646;6643;0;0;7.230323076248169
I;226;2285.4637229442596;10;229.21709203720093;226.1393542289734;[  0   1   7  18  51  67 116 167 168 169];2646;6664;0;0;7.250891208648682
I;227;2308.4418931007385;10;229.21493291854858;226.16341018676758;[  0   1   7  18  51  67 116 167 168 169];2646;6777;0;0;7.355017185211182
I;228;2321.935110092163;10;229.21469688415527;226.163818359375;[  0   1   7  18  51  67 116 167 168 169];2646;6781;0;0;7.358680725097656
I;229;2336.785748243332;10;229.21436834335327;226.16400527954102;[  0   1   7  18  51  67 116 167 168 169];2646;6785;0;0;7.362581014633179
I;230;2353.666897058487;10;229.20986318588257;226.17264938354492;[  0   1   7  18  51  67 116 167 168 169];2646;6834;0;0;7.413714408874512
I;231;2371.180431127548;10;229.20959663391113;226.17364263534546;[  0   1   7  18  51  67 116 167 168 169];2646;6844;0;0;7.425079584121704
I;232;2398.998349905014;10;229.2069673538208;226.18224382400513;[  0   1   7  18  51  67 116 167 168 169];2646;6910;0;0;7.49014687538147
I;233;2457.562463283539;10;229.20024061203003;226.2293815612793;[  0   1   7  18  51  67 116 167 168 169];2646;7187;0;0;7.742440462112427
I;234;2468.5889041423798;10;229.2000241279602;226.2302975654602;[  0   1   7  18  51  67 116 167 168 169];2646;7196;0;0;7.750558614730835
I;235;2492.3054072856903;10;229.1970658302307;226.24759149551392;[  0   1   7  18  51  67 116 167 168 169];2646;7301;0;0;7.8553056716918945
I;236;2503.5009031295776;10;229.1970658302307;226.24805688858032;[  0   1   7  18  51  67 116 167 168 169];2646;7305;0;0;7.859232664108276
I;237;2528.3680369853973;10;229.19496774673462;226.25587797164917;[  0   1   7  18  51  67 116 167 168 169];2646;7377;0;0;7.935226202011108
I;238;2576.434287071228;10;229.19034433364868;226.30515480041504;[  0   1   7  18  51  67 116 167 168 169];2646;7641;0;0;8.175772666931152
I;239;2623.424248933792;10;229.18573665618896;226.32585859298706;[  0   1   7  18  51  67 116 167 168 169];2646;7815;0;0;8.332247257232666
I;240;2643.546890258789;10;229.18502044677734;226.32822608947754;[  0   1   7  18  51  67 116 167 168 169];2646;7835;0;0;8.353710412979126
I;241;2695.632626056671;10;229.17718172073364;226.36042881011963;[  0   1   7  18  51  67 116 167 168 169];2646;8083;0;0;8.577847242355347
I;242;2725.0673360824585;10;229.17617273330688;226.36651515960693;[  0   1   7  18  51  67 116 167 168 169];2646;8137;0;0;8.635723352432251
I;243;2749.4883439540863;10;229.17460203170776;226.37500762939453;[  0   1   7  18  51  67 116 167 168 169];2646;8215;0;0;8.720637798309326
I;244;2802.8742220401764;10;229.1669020652771;226.40450286865234;[  0   1   7  18  51  67 116 167 168 169];2646;8438;0;0;8.922893762588501
I;245;2836.8035831451416;10;229.1657750606537;226.41156578063965;[  0   1   7  18  51  67 116 167 168 169];2646;8497;0;0;8.978685140609741
I;246;2872.940509080887;10;229.1635320186615;226.44182682037354;[  0   1   7  18  51  67 116 167 168 169];2646;8688;0;0;9.165050268173218
I;247;2898.310446023941;10;229.16156005859375;226.44836449623108;[  0   1   7  18  51  67 116 167 168 169];2646;8758;0;0;9.234457969665527
I;248;2949.5131680965424;10;229.157808303833;226.48303151130676;[  0   1   7  18  51  67 116 167 168 169];2646;9041;0;0;9.495575666427612
I;249;2961.7559089660645;10;229.157808303833;226.48311948776245;[  0   1   7  18  51  67 116 167 168 169];2646;9042;0;0;9.496692657470703
I;250;2975.1071610450745;10;229.157808303833;226.48331022262573;[  0   1   7  18  51  67 116 167 168 169];2646;9044;0;0;9.498912572860718
I;251;2988.209249973297;10;229.15731930732727;226.48382139205933;[  0   1   7  18  51  67 116 167 168 169];2646;9048;0;0;9.503077268600464
I;252;3018.6584010124207;10;229.1536316871643;226.49352097511292;[  0   1   7  18  51  67 116 167 168 169];2646;9142;0;0;9.590790748596191
I;253;3073.1490421295166;10;229.1463499069214;226.52714085578918;[  0   1   7  18  51  67 116 167 168 169];2646;9422;0;0;9.849315404891968
I;254;3111.2203991413116;10;229.14435148239136;226.53531503677368;[  0   1   7  18  51  67 116 167 168 169];2646;9534;0;0;9.96381163597107
I;255;3162.6281871795654;10;229.14252853393555;226.55832433700562;[  0   1   7  18  51  67 116 167 168 169];2646;9740;0;0;10.146668910980225
I;256;3218.5397160053253;10;229.14042162895203;226.5717785358429;[  0   1   7  18  51  67 116 167 168 169];2646;9903;0;0;10.294718980789185
I;257;3234.4495191574097;10;229.13983988761902;226.5743944644928;[  0   1   7  18  51  67 116 167 168 169];2646;9938;0;0;10.33249282836914
I;258;3270.7888622283936;10;229.13805985450745;226.5960614681244;[  0   1   7  18  51  67 116 167 168 169];2646;10102;0;0;10.487590074539185
I;259;3289.2637832164764;10;229.13805985450745;226.59644770622253;[  0   1   7  18  51  67 116 167 168 169];2646;10105;0;0;10.490692853927612
I;260;3304.7935490608215;10;229.13745403289795;226.59994292259216;[  0   1   7  18  51  67 116 167 168 169];2646;10143;0;0;10.524611234664917
I;261;3324.0515360832214;10;229.13697123527527;226.6007719039917;[  0   1   7  18  51  67 116 167 168 169];2646;10155;0;0;10.535043001174927
I;262;3351.262465953827;10;229.1360957622528;226.60958194732666;[  0   1   7  18  51  67 116 167 168 169];2646;10255;0;0;10.635510683059692
I;263;3372.960522174835;10;229.13597965240479;226.609797000885;[  0   1   7  18  51  67 116 167 168 169];2646;10261;0;0;10.641599893569946
I;264;3391.449120283127;10;229.13490271568298;226.61552333831787;[  0   1   7  18  51  67 116 167 168 169];2646;10332;0;0;10.708162307739258
I;265;3408.950485944748;10;229.13465094566345;226.61637592315674;[  0   1   7  18  51  67 116 167 168 169];2646;10343;0;0;10.71920657157898
I;266;3429.9180920124054;10;229.13465094566345;226.61857533454895;[  0   1   7  18  51  67 116 167 168 169];2646;10376;0;0;10.749552965164185
I;267;3458.6806371212006;10;229.1332244873047;226.63691878318787;[  0   1   7  18  51  67 116 167 168 169];2646;10559;0;0;10.913875341415405
I;268;3472.412892103195;10;229.1332244873047;226.6374809741974;[  0   1   7  18  51  67 116 167 168 169];2646;10567;0;0;10.921833753585815
I;269;3487.926157951355;10;229.13298845291138;226.63787698745728;[  0   1   7  18  51  67 116 167 168 169];2646;10574;0;0;10.927771091461182
I;270;3553.486969947815;10;229.1262767314911;226.65334033966064;[  0   1   7  18  51  67 116 167 168 169];2646;10779;0;0;11.104737520217896
I;271;3569.165589094162;10;229.12580370903015;226.65534687042236;[  0   1   7  18  51  67 116 167 168 169];2646;10806;0;0;11.132068395614624
I;272;3582.7187628746033;10;229.12580370903015;226.65536308288574;[  0   1   7  18  51  67 116 167 168 169];2646;10807;0;0;11.133054256439209
