1;0.41316890716552734;10;88.0;0;[0 1 2 3 4 5 6 7 8 9];1;1
2;0.8917579650878906;10;88.0;0.0;[0 1 2 3 4 5 6 7 8 9];2;2
3;1.4178800582885742;10;88.0;44.0;[0 1 2 3 4 5 6 7 8 9];2;3
4;1.990644931793213;10;88.0;66.0;[0 1 2 3 4 5 6 7 8 9];2;4
5;2.582031011581421;10;88.0;77.0;[0 1 2 3 4 5 6 7 8 9];2;5
6;3.2401809692382812;10;88.0;82.5;[  0   1   2   3   4   5   6   7 210 351];2;6
6;3.490895986557007;10;88.0;88.0;[  0   1   2   3   4   5   6   7 210 351];0;6
1;0.4057040214538574;10;88.0;0;[0 1 2 3 4 5 6 7 8 9];1;1;0;0
2;0.8932008743286133;10;88.0;0.0;[0 1 2 3 4 5 6 7 8 9];2;2;1;0
3;1.4250099658966064;10;88.0;44.0;[0 1 2 3 4 5 6 7 8 9];2;3;2;0
4;1.9807629585266113;10;88.0;66.0;[0 1 2 3 4 5 6 7 8 9];2;4;3;0
5;2.604473829269409;10;88.0;77.0;[  0   1   2   3   4   5   6   7 210 351];2;5;4;1
5;2.8156638145446777;10;88.0;88.0;[  0   1   2   3   4   5   6   7 210 351];0;5;4;1
1;0.3926210403442383;10;88.0;0;[0 1 2 3 4 5 6 7 8 9];1;1;0;0
2;0.8607149124145508;10;88.0;0.0;[0 1 2 3 4 5 6 7 8 9];2;2;1;0
3;1.3783600330352783;10;88.0;44.0;[0 1 2 3 4 5 6 7 8 9];2;3;2;0
4;1.9251790046691895;10;88.0;66.0;[0 1 2 3 4 5 6 7 8 9];2;4;3;0
5;2.5374979972839355;10;88.0;77.0;[  0   1   2   3   4   5   6   7 210 351];2;5;4;1
5;2.7437291145324707;10;88.0;88.0;[  0   1   2   3   4   5   6   7 210 351];0;5;4;1
I;1;0.40189099311828613;10;88.0;0;[0 1 2 3 4 5 6 7 8 9];1;1;0;0;0
I;2;0.8753480911254883;10;88.0;0.0;[0 1 2 3 4 5 6 7 8 9];2;2;1;0;0.002026081085205078
I;3;1.4004497528076172;10;88.0;44.0;[0 1 2 3 4 5 6 7 8 9];2;3;2;0;0.003941059112548828
I;4;1.9564979076385498;10;88.0;66.0;[0 1 2 3 4 5 6 7 8 9];2;4;3;0;0.0058901309967041016
I;5;2.5814499855041504;10;88.0;77.0;[  0   1   2   3   4   5   6   7 210 351];2;5;4;1;0.007856130599975586
C;5;2.7919299602508545;10;88.0;88.0;[  0   1   2   3   4   5   6   7 210 351];0;5;4;1;0.007856130599975586
