I;1;0.00463414192199707;10;1000000.0;0;[0 1 2 3 4 5 6 7 8 9];1;1;0;0;0
I;2;0.012346029281616211;10;326.0;0;[  0   1   2   3   4   5  31  43  97 109];1;1;0;0;0
I;3;0.02048206329345703;10;326.0;0;[  1  31  32  43  46  60  71  97 103 109];1;1;0;0;0
I;4;0.029269933700561523;10;313.0;0;[  1  31  32  43  45  53  60  71  97 103];1;1;0;0;0
I;5;0.038224220275878906;10;300.0;0;[  1  31  32  43  46  53  65  71  97 103];1;1;0;0;0
I;6;0.047718048095703125;10;291.0;0;[  1  31  32  53  60  65  71  97 103 109];1;1;0;0;0
I;7;0.10081315040588379;10;291.0;209.25;[  1  31  32  53  60  65  71  97 103 109];2;2;0;0;0
I;8;0.1825721263885498;10;287.0;218.75;[  1  22  31  32  46  60  71  89  97 103];4;4;0;0;0
I;9;0.19567513465881348;10;283.0;218.75;[  1  22  31  32  43  60  71  97 103 109];4;4;0;0;0
I;10;0.21030497550964355;10;276.125;218.75;[  1  31  32  34  60  65  71  97 103 109];4;4;0;0;0
I;11;0.22408294677734375;10;272.625;218.75;[  1  31  32  53  60  65  71  97 103 109];4;4;0;0;0
I;12;0.4341459274291992;10;269.8125;225.125;[  1  22  31  32  34  46  60  71  97 103];8;8;0;0;0
I;13;0.4548008441925049;10;269.5625;225.125;[  1  31  32  34  60  65  71  89  97 103];8;8;0;0;0
I;14;0.47498297691345215;10;268.4375;225.125;[  1  31  32  34  53  60  71  97 103 109];8;8;0;0;0
I;15;0.4943420886993408;10;266.9375;225.125;[  1  31  32  34  53  60  65  71  97 103];8;8;0;0;0
I;16;0.5145010948181152;10;265.625;225.125;[  1  31  32  34  53  60  65  71  97 103];8;8;0;0;0
I;17;0.9519140720367432;10;264.875;232.65625;[  1  32  34  43  53  60  71  97 103 109];16;16;0;0;0
I;18;0.9873900413513184;10;263.453125;232.65625;[  1  32  43  45  53  60  65  71  97 103];16;16;0;0;0
I;19;1.0234570503234863;10;263.015625;232.65625;[  1  31  32  45  46  53  60  71  97 103];16;16;0;0;0
I;20;1.0592927932739258;10;263.0;232.65625;[  1  31  32  34  45  53  60  71  97 103];16;16;0;0;0
I;21;1.0958631038665771;10;262.890625;232.65625;[  1  31  32  45  53  60  71  97 103 109];16;16;0;0;0
I;22;1.134922981262207;10;262.828125;232.65625;[  1  31  32  34  46  53  60  71  97 103];16;16;0;0;0
I;23;1.9551479816436768;10;262.828125;237.0625;[  1  31  32  45  46  53  60  71  97 103];32;32;0;0;0
I;24;2.017177104949951;10;262.265625;237.0625;[  1  31  32  34  45  60  71  97 103 109];32;32;0;0;0
I;25;2.082289218902588;10;262.265625;237.0625;[  1  31  32  43  45  53  60  71 103 109];32;32;0;0;0
I;26;2.1471879482269287;10;262.2109375;237.0625;[  1  31  32  45  53  60  65  71  97 103];32;32;0;0;0
I;27;3.7861509323120117;10;262.1875;241.951171875;[  0   1  31  32  34  60  65  71  97 103];64;64;0;0;0
I;28;3.908308982849121;10;261.8750000000002;241.951171875;[  0   1  32  34  43  45  60  71  97 103];64;64;0;0;0
I;29;4.0182719230651855;10;261.6484375000006;241.951171875;[  1  31  32  45  53  60  71  97 103 109];64;64;0;0;0
I;30;4.126043796539307;10;261.375;241.951171875;[  0   1  31  32  45  60  71  97 103 109];64;64;0;0;0
I;31;4.232580184936523;10;261.03515625;241.951171875;[  1  22  31  32  45  60  65  71  97 103];64;64;0;0;0
I;32;4.348077058792114;10;261.0;241.951171875;[  0   1  32  34  45  60  71  97 103 109];64;64;0;0;0
I;33;4.45581316947937;10;260.91796875;241.951171875;[  1  31  32  34  45  60  65  71  97 103];64;64;0;0;0
I;34;4.560588121414185;10;260.8828125;241.951171875;[  1  31  32  34  60  65  71  89  97 103];64;64;0;0;0
I;35;4.670676946640015;10;260.76171875;241.951171875;[  1  31  32  34  45  60  71  97 103 109];64;64;0;0;0
I;36;4.77865195274353;10;260.548828125;241.951171875;[  1  31  32  34  45  60  71  97 103 109];64;64;0;0;0
I;37;7.95672607421875;10;260.533203125;247.9951171875;[  1  31  32  34  45  60  65  71  97 103];120;124;0;0;0
I;38;8.14432692527771;10;260.22265625;247.9951171875;[  1  22  32  34  43  60  71  97 103 109];124;124;0;0;0
I;39;8.358885049819946;10;259.9794921875;247.9951171875;[  1  31  32  34  45  60  71  97 103 109];124;124;0;0;0
I;40;13.984026193618774;10;259.93359375;250.6513671875;[  1  22  31  32  45  60  65  71  97 103];208;228;0;0;0
I;41;14.310790777206421;10;259.8388671875;250.6513671875;[  1  31  32  45  53  60  65  71  97 103];228;228;0;0;0
I;42;14.669901132583618;10;259.8007812500005;250.6513671875;[  0   1  32  43  45  60  71  97 103 109];228;228;0;0;0
I;43;14.998718976974487;10;259.80078125000045;250.6513671875;[  1  22  31  32  45  60  71  97 103 109];228;228;0;0;0
I;44;15.329493999481201;10;259.2416992187508;250.6513671875;[  1  31  32  45  53  60  71  97 103 109];228;228;0;0;0
I;45;15.683110237121582;10;259.138671875;250.6513671875;[  1  22  31  32  45  60  71  97 103 109];228;228;0;0;0
I;46;25.339926958084106;10;259.11669921875;253.733642578125;[  1  31  32  34  45  60  71  97 103 109];342;399;0;0;0
I;47;25.92277717590332;10;259.0419921875008;253.733642578125;[  1  31  32  45  60  65  71  97 103 109];399;399;0;0;0
I;48;26.491364002227783;10;258.9208984375;253.733642578125;[  1  31  32  45  60  65  71  89  97 103];399;399;0;0;0
I;49;27.080480098724365;10;258.9150390625;253.733642578125;[  1  31  32  45  53  60  71  97 103 109];399;399;0;0;0
I;50;27.67348003387451;10;258.633544921875;253.733642578125;[  1  22  31  32  45  60  71  97 103 109];399;399;0;0;0
I;51;42.834256172180176;10;258.5007324218758;255.1016845703125;[  1  31  32  34  45  60  71  97 103 109];504;651;0;0;0
I;52;43.76762914657593;10;258.47216796875;255.1016845703125;[  1  22  31  32  45  60  65  71  97 103];651;651;0;0;0
I;53;44.70412588119507;10;258.47094726562557;255.1016845703125;[  1  31  32  45  53  60  71  97 103 109];651;651;0;0;0
I;54;45.637284994125366;10;258.4501953125;255.1016845703125;[  1  31  32  43  45  46  60  71  97 103];651;651;0;0;0
I;55;46.57601618766785;10;258.43359375;255.1016845703125;[  1  32  34  45  53  60  71  97 103 109];651;651;0;0;0
I;56;47.511168003082275;10;258.4111328125;255.1016845703125;[  1  31  32  45  46  53  60  71  97 103];651;651;0;0;0
I;57;48.44977402687073;10;258.2210693359375;255.1016845703125;[  1  22  31  32  45  60  71  97 103 109];651;651;0;0;0
C;57;70.97422480583191;10;258.2210693359375;255.952880859375;[  1  22  31  32  45  60  71  97 103 109];0;998;0;0;0
