1;0.4105968475341797;10;196.0;0;[  0   1   2   3   4   5  80  86  90 128];1;1
2;0.849646806716919;10;196.0;0.0;[  0   1   2  80  86  90  91  95 105 128];1;1
3;1.267758846282959;10;196.0;0.0;[  2  14  19  80  86  90  91  95 128 129];1;1
4;1.6972880363464355;10;196.0;0.0;[  1   2  14  19  80  86  90  91  95 128];1;1
5;2.151505947113037;10;196.0;0.0;[  1   2  14  19  80  86  90  91  95 128];2;2
6;2.6742119789123535;10;195.25;0.0;[  2  14  19  70  80  86  90  91  95 128];4;4
7;3.119123935699463;10;195.25;0.0;[  1   2  14  19  80  86  90  91  95 128];4;4
8;3.7752010822296143;10;193.625;0.0;[  1   2  14  19  80  86  90  91  95 128];8;8
9;4.612121105194092;10;193.359375;24.375;[  1   2  14  19  80  86  90  91  95 128];14;15
10;5.638305187225342;10;193.296875;84.625;[  1   2  14  19  80  86  90  91  95 128];18;24
11;6.881428956985474;10;193.19140625;126.296875;[  1   2  14  19  80  86  90  91  95 128];22;35
12;8.366374969482422;10;193.166015625;156.1953125;[  1   2  14  19  80  86  90  91  95 128];24;47
13;10.223098039627075;10;193.1328125;168.091796875;[  1   2  14  19  80  86  90  91  95 128];32;63
14;12.493355989456177;10;193.11279296875;177.7685546875;[  1   2  14  19  80  86  90  91  95 128];38;82
15;15.249146938323975;10;193.1046142578125;184.072265625;[  1   2  14  19  80  86  90  91  95 128];42;103
16;18.340771198272705;10;193.09942626953125;187.6104736328125;[  1   2  14  19  80  86  90  91  95 128];46;126
17;21.848201990127563;10;193.095947265625;189.75341796875;[  1   2  14  19  80  86  90  91  95 128];46;149
18;25.496263027191162;10;193.09510040283203;191.06497192382812;[  1   2  14  19  80  86  90  91  95 128];36;167
18;28.787796020507812;10;193.09510040283203;191.60672760009766;[  1   2  14  19  80  86  90  91  95 128];0;180
