1;0.37160801887512207;10;273.0;0;[  0   1   2   3   4   5  21  25 107 146];1;1
2;0.7679429054260254;10;273.0;0.0;[  0   1  10  21  23  25 107 146 183 198];1;1
3;1.1746690273284912;10;221.0;0.0;[  0  21  23  26  44 107 152 183 213 217];1;1
4;1.571479082107544;10;221.0;0.0;[  0  21  23  26  28  44 107 152 183 215];1;1
5;1.9783108234405518;10;221.0;0.0;[  0  21  23  26  44  49  53 107 152 183];1;1
6;2.393126964569092;10;221.0;0.0;[  0  10  21  26  28  44  49 107 152 183];1;1
7;2.855755090713501;10;221.0;0.0;[  0  10  21  26  28  44  49 107 152 183];2;2
8;3.4220938682556152;10;221.0;0.0;[  0  10  21  26  28  44  49 107 152 183];4;4
9;4.097059011459351;10;221.0;52.625;[  0  10  21  25  26  28  44  49 152 183];6;7
10;4.899686813354492;10;221.0;106.84375;[  0  10  21  26  28  44  49 107 152 183];8;11
11;5.864073991775513;10;221.0;148.4375;[  0  10  21  25  26  28  44  49 152 183];10;16
12;7.010667085647583;10;220.984375;176.41015625;[  0  21  23  26  28  44  49 107 152 183];12;22
13;8.318801879882812;10;220.9765625;198.142578125;[  0  21  23  26  28  44  49 107 152 183];12;28
14;9.704837799072266;10;220.97265625;210.4541015625;[  0  10  21  25  26  28  44  49 152 183];10;33
15;11.510348081588745;10;220.970703125;206.47265625;[  0  21  23  26  28  44  49 107 152 183];18;42
16;13.19482707977295;10;220.9697265625;217.669189453125;[  0  21  23  26  28  44  49 107 152 183];8;46
17;14.925210952758789;10;220.96923828125;218.8043212890625;[  0  21  23  26  28  44  49 107 152 183];6;49
18;16.714794874191284;10;220.96875;219.2574462890625;[  0  21  23  26  28  44  49 107 152 183];4;51
18;17.95453381538391;10;220.96875;219.48583984375;[  0  21  23  26  28  44  49 107 152 183];0;51
