1;0.3899829387664795;10;446.0;0;[ 0  1  2  3  4  5  6  7 28 55];1;1
2;0.7958009243011475;10;446.0;0.0;[ 0  2 25 28 46 50 55 71 79 98];1;1
3;1.1963088512420654;10;446.0;0.0;[  0   1  28  46  55 114 115 116 117 118];1;1
4;1.5944139957427979;10;446.0;0.0;[  0   1  28  55  57  98 114 115 117 118];1;1
5;1.9932479858398438;10;446.0;0.0;[  0   1   2  28  46  55  57 117 118 119];1;1
6;2.452158212661743;10;446.0;0.0;[  0   1   2  28  46  55  57 117 118 119];2;2
7;2.944633960723877;10;446.0;0.0;[  0   1   2  28  46  55  57 114 118 119];4;4
8;3.3401970863342285;10;446.0;0.0;[  0   1   2  28  46  55  57  98 113 118];4;4
9;3.9113268852233887;10;446.0;94.625;[  0   2  28  43  46  55  57  83 115 123];6;7
10;4.346739768981934;10;446.0;94.625;[  0   1   2  28  43  46  55  57 114 123];7;7
11;5.077472925186157;10;446.0;141.9375;[  0   1   3  27  28  46  55  72  83 117];10;12
12;5.5509421825408936;10;446.0;141.9375;[  0   1   2   3  27  28  46  55  83 117];12;12
13;6.744072914123535;10;446.0;0.0;[  0   2   3  28  55  57  71  75 103 117];24;24
14;7.295776844024658;10;446.0;0.0;[  0   1   2   3   4  28  55  57  98 103];24;24
15;7.740774154663086;10;446.0;0.0;[  0   1   3  28  46  55  57  98 103 117];24;24
16;9.800046920776367;10;445.896484375;29.921875;[  0   1   3  25  28  43  55  98 100 103];44;46
17;12.835036039352417;10;445.8359375;157.24609375;[  0   1   2   3  28  43  55  83  98 117];64;78
18;16.54881715774536;10;445.69140625;311.09912109375;[  0   1   3  28  33  43  55  98 100 117];66;111
19;22.409173011779785;10;445.584228515625;283.9306640625;[  0   1   3  28  33  43  55  98 100 117];120;171
20;31.137447118759155;10;445.3783264160156;335.08380126953125;[  0   1   3  28  33  43  55  98 100 117];174;258
21;44.01959204673767;10;445.27637481689453;361.35223388671875;[  0   1   3  28  33  43  55  98 100 117];260;388
22;62.86379098892212;10;445.24129486083984;387.66507720947266;[  0   1   2   3  28  43  55  98 100 117];370;573
23;64.18054795265198;10;445.23841094970703;387.66507720947266;[  0   1   2   3  28  43  55  98 100 117];573;573
24;88.97118902206421;10;445.2049808502197;412.93251037597656;[  0   1   2   3  28  43  55  98 100 117];438;792
25;123.84324502944946;10;445.1905174255371;423.02749252319336;[  0   1   3  28  33  43  55  98 100 117];606;1095
26;126.09105086326599;10;445.1903438568115;423.02749252319336;[  0   1   2   3  28  43  55  57  98 117];1095;1095
27;175.59227514266968;10;445.1817774772644;429.9971923828125;[  0   1   3  28  33  43  55  98 100 117];836;1513
28;178.90164184570312;10;445.1806640625;429.9971923828125;[  0   1   2   3  28  43  55  57  98 117];1513;1513
29;251.93482208251953;10;445.1773862838745;434.67617559432983;[  0   1   3  28  33  43  55  98 100 117];1160;2093
30;257.9124939441681;10;445.1769082546234;434.67617559432983;[  0   1   3  28  33  43  55  98 100 117];2093;2093
31;350.62999391555786;10;445.17442631721497;424.67604398727417;[  0   1   2   3  28  43  55  98 100 117];1270;2728
32;357.80202889442444;10;445.17432045936584;424.67604398727417;[  0   1   2   3  28  43  55  57  98 117];2728;2728
33;493.0053780078888;10;445.1719089150429;439.0754898786545;[  0   1   2   3  28  43  55  57  98 117];1906;3681
33;661.1457250118256;10;445.1719089150429;441.39550894498825;[  0   1   2   3  28  43  55  57  98 117];0;4866
1;0.3798220157623291;10;446.0;0;[ 0  1  2  3  4  5  6  7 28 55];1;1;0;0
2;0.7861437797546387;10;446.0;0.0;[ 0  2 25 28 46 50 55 71 79 98];1;1;0;0
3;1.1862280368804932;10;446.0;0.0;[  0   1  28  46  55 114 115 116 117 118];1;1;0;0
4;1.5799310207366943;10;446.0;0.0;[  0   1  28  55  57  98 114 115 117 118];1;1;0;0
5;1.972815990447998;10;446.0;0.0;[  0   1   2  28  46  55  57 117 118 119];1;1;0;0
6;2.4298319816589355;10;446.0;0.0;[  0   3  28  46  55  57 116 117 118 119];2;2;1;1
7;2.832468032836914;10;446.0;0.0;[  0   1   2   3  28  46  55  72  83 103];2;2;1;1
8;3.3760998249053955;10;446.0;0.0;[  0   2   3  27  28  46  55  57  71 117];4;4;3;3
9;4.064536809921265;10;445.99999999999994;0.0;[  0   3  28  43  46  55  71  72  83 117];8;8;7;5
10;4.519093036651611;10;445.99999999999994;0.0;[  0   3  28  43  46  55  57  71  72 117];8;8;7;5
11;5.548458099365234;10;445.9999999999999;0.0;[  0   1   2   3  28  43  55  83  98 103];16;16;15;13
12;5.988656997680664;10;445.71135496183194;0.0;[  0   2   3  28  43  55  71  72  83 117];16;16;15;13
13;7.651146173477173;10;445.6173099615407;0.0;[ 0  1  2  3 28 33 43 55 71 83];32;32;31;28
14;8.15438199043274;10;445.59032321399377;0.0;[ 0  1  2  3 28 33 43 55 57 98];32;32;31;28
15;8.660431861877441;10;445.5285594880835;0.0;[  0   1   3  28  33  43  55  98 100 117];32;32;31;28
16;11.452309846878052;10;445.3655501902124;154.41252490203073;[  0   1   2   3  28  43  55  57  98 117];54;59;58;47
17;15.361364126205444;10;445.2658461969731;286.1372223294582;[  0   1   2   3  28  43  55  98 100 117];68;93;92;65
18;21.756842136383057;10;445.2443573193381;336.6827685908081;[  0   1   2   3  28  43  55  98 100 117];116;151;150;89
19;31.125890970230103;10;445.2359723458794;368.3523380135183;[  0   1   2   3  28  43  55  57  98 117];166;234;233;119
20;45.81810998916626;10;445.2253968286545;386.2055039558456;[  0   1   3  28  33  43  55  98 100 117];264;366;365;167
21;47.190860986709595;10;445.2209633188595;386.2055039558456;[  0   1   2   3  28  43  55  98 100 117];366;366;365;167
22;69.62133383750916;10;445.20421251468315;401.545389061723;[  0   1   2   3  28  43  55  57  98 117];396;564;563;254
23;103.85309600830078;10;445.1909436566761;413.70971129126036;[  0   1   3  28  33  43  55  98 100 117];586;857;856;365
24;106.92839312553406;10;445.19036046936094;413.70971129126036;[  0   1   2   3  28  43  55  98 100 117];857;857;856;365
25;157.30979990959167;10;445.1828688432785;423.33892936638836;[  0   1   3  28  33  43  55  98 100 117];790;1252;1251;563
26;161.35086703300476;10;445.18285328543703;423.33892936638836;[  0   1   3  28  33  43  55  98 100 117];1252;1252;1251;563
27;220.4574580192566;10;445.1759855052458;277.22833322177723;[  0   1   2   3  28  43  55  98 100 117];778;1641;1640;776
28;317.08785796165466;10;445.16972707439186;431.496639873571;[  0   1   2   3  28  43  55  98 100 117];1348;2315;2314;1091
29;451.0072638988495;10;445.1674140113275;435.76735004053;[  0   1   2   3  28  43  55  98 100 117];1662;3146;3145;1501
30;616.3907239437103;10;445.16594507380455;438.3518735780739;[  0   1   2   3  28  43  55  98 100 117];1902;4097;4096;1958
31;826.7028408050537;10;445.1648412164651;440.32436996556305;[  0   1   2   3  28  43  55  98 100 117];2156;5175;5174;2457
31;1047.2132849693298;10;445.1648412164651;441.91313798503313;[  0   1   2   3  28  43  55  98 100 117];0;6292;6291;3036
