1;0.3927640914916992;10;204.0;0;[ 0  1  2  3  4  5  6  7  8 42];1;1
2;0.810034990310669;10;204.0;0.0;[ 0  1  2  9 15 40 42 59 75 84];1;1
3;1.2475521564483643;10;204.0;0.0;[ 0  1  2  9 15 40 42 59 75 84];2;2
4;1.726656198501587;10;204.0;0.0;[  2   9  15  37  40  42  59  75  84 126];4;4
5;2.1585209369659424;10;204.0;0.0;[  1   2   9  27  37  40  42  59  75 125];4;4
6;2.5936570167541504;10;204.0;0.0;[  1   2   9  15  27  37  42  59  75 125];4;4
7;3.198742151260376;10;203.5625;0.0;[ 0  1  2  9 15 27 35 42 59 75];8;8
8;3.9574549198150635;10;202.734375;20.625;[ 0  1  2  9 10 15 27 42 59 75];14;15
9;5.099606037139893;10;201.48046875;32.90625;[ 1  2  9 10 15 27 37 42 59 75];26;28
10;6.641278028488159;10;200.9169921875;71.63671875;[ 1  2  9 10 15 27 37 42 59 75];38;47
11;8.954326152801514;10;200.56494140625;96.0771484375;[ 1  2  9 15 27 37 42 59 75 84];60;77
12;12.423088073730469;10;200.448486328125;117.0234375;[ 1  2  9 15 27 37 42 59 75 84];94;124
13;17.432876110076904;10;200.36480712890625;140.904052734375;[ 1  2  9 15 27 37 42 59 75 84];130;189
14;25.223936080932617;10;200.30300903320312;151.6229248046875;[ 1  2  9 15 27 37 42 59 75 84];210;294
15;37.773690938949585;10;200.25775146484375;159.01705932617188;[ 1  2  9 15 27 37 42 59 75 84];352;470
16;57.93441104888916;10;200.2262954711914;165.7249755859375;[ 1  2  9 15 27 37 42 59 75 84];584;762
17;91.27656197547913;10;200.2049217224121;171.4952392578125;[ 1  2  9 15 27 37 42 59 75 84];966;1245
18;146.65674090385437;10;200.18806743621826;176.67949676513672;[ 1  2  9 15 27 37 42 59 75 84];1574;2032
19;238.8653919696808;10;200.1757345199585;181.61949157714844;[ 1  2  9 15 27 37 42 59 75 84];2472;3268
20;394.64934396743774;10;200.16791892051697;185.64691305160522;[ 1  2  9 15 27 37 42 59 75 84];3846;5191
21;648.2054858207703;10;200.16248786449432;189.1055896282196;[ 1  2  9 15 27 37 42 59 75 84];5814;8098
22;1055.0470869541168;10;200.15861994028091;192.0342360138893;[ 1  2  9 15 27 37 42 59 75 84];8460;12328
23;1700.5637011528015;10;200.15576910972595;194.35991171002388;[ 1  2  9 15 27 37 42 59 75 84];11896;18276
24;2728.9406249523163;10;200.15404168516397;196.01937647163868;[ 1  2  9 15 27 37 42 59 75 84];16606;26579
1;0.37914299964904785;10;204.0;0;[ 0  1  2  3  4  5  6  7  8 42];1;1;0;0
2;0.7799830436706543;10;204.0;0.0;[ 0  1  2  9 15 40 42 59 75 84];1;1;0;0
3;1.2021992206573486;10;204.0;0.0;[ 0  1  2  9 15 40 42 59 75 84];2;2;1;0
4;1.674746036529541;10;204.0;0.0;[  2   9  15  37  40  42  59  75  84 128];4;4;3;1
5;2.099914073944092;10;204.0;0.0;[  1   2   9  27  37  40  42  59  75 126];4;4;3;1
6;2.522469997406006;10;204.0;0.0;[  1   2   9  15  27  37  42  59  75 126];4;4;3;1
7;3.136141061782837;10;202.83056478405317;0.0;[ 0  1  2  9 10 15 27 37 42 75];8;8;7;3
8;3.5551161766052246;10;202.83056478405317;0.0;[ 0  1  2  9 15 27 37 42 75 84];8;8;7;3
9;4.383798122406006;10;202.2723421926911;0.0;[ 1  2  9 10 15 27 37 42 59 75];16;16;15;8
10;5.528348922729492;10;201.86799885558125;69.94019933554817;[ 1  2  9 10 15 27 37 42 59 75];24;28;27;16
11;7.403181791305542;10;201.05488036815757;69.94019933554817;[ 1  2  9 10 15 27 37 42 59 75];48;52;51;33
12;10.45929503440857;10;200.66690867112288;93.03156280141465;[ 1  2  9 10 15 27 37 42 59 75];84;94;93;55
I;1;0.4000728130340576;10;204.0;0;[ 0  1  2  3  4  5  6  7  8 42];1;1;0;0;0
I;2;0.82275390625;10;204.0;0.0;[ 0  1  2  9 15 40 42 59 75 84];1;1;0;0;0
I;3;1.2638189792633057;10;204.0;0.0;[ 0  1  2  9 15 40 42 59 75 84];2;2;1;0;0.00133514404296875
I;4;1.755803108215332;10;204.0;0.0;[  2   9  15  37  40  42  59  75  84 128];4;4;3;1;0.003979206085205078
I;5;2.1960010528564453;10;204.0;0.0;[  1   2   9  27  37  40  42  59  75 126];4;4;3;1;0.003979206085205078
I;6;2.6398119926452637;10;204.0;0.0;[  1   2   9  15  27  37  42  59  75 126];4;4;3;1;0.003979206085205078
I;7;3.2752339839935303;10;202.83056478405317;0.0;[ 0  1  2  9 10 15 27 37 42 75];8;8;7;3;0.00928950309753418
I;8;3.710364818572998;10;202.83056478405317;0.0;[ 0  1  2  9 15 27 37 42 75 84];8;8;7;3;0.00928950309753418
I;9;4.585626125335693;10;202.2723421926911;0.0;[ 1  2  9 10 15 27 37 42 59 75];16;16;15;8;0.019570112228393555
I;10;5.763431787490845;10;201.86799885558125;69.94019933554817;[ 1  2  9 10 15 27 37 42 59 75];24;28;27;16;0.03582453727722168
I;11;7.683071851730347;10;201.05381517839072;69.94019933554817;[ 1  2  9 10 15 27 37 42 59 75];48;52;51;33;0.0680389404296875
I;12;10.825865030288696;10;200.6653075784299;93.03156280141465;[ 1  2  9 10 15 27 37 42 59 75];84;94;93;55;0.12429428100585938
I;13;16.50952911376953;10;200.3072208841816;101.7628465072263;[ 1  2  9 15 27 37 42 59 75 84];164;176;175;99;0.23305153846740723
I;14;25.897890090942383;10;200.26238268351568;135.05342923012046;[ 1  2  9 15 27 37 42 59 75 84];258;305;304;148;0.40303587913513184
I;15;41.913241147994995;10;200.23238022273026;147.4507523128119;[ 1  2  9 15 27 37 42 59 75 84];452;531;530;237;0.6967422962188721
I;16;67.2559859752655;10;200.2187526222115;160.3077294886181;[ 1  2  9 15 27 37 42 59 75 84];694;878;877;372;1.1413843631744385
I;17;108.19631886482239;10;200.20307986510463;166.12103822337986;[ 1  2  9 15 27 37 42 59 75 84];1102;1429;1428;597;1.8492188453674316
I;18;172.67170786857605;10;200.19149963238294;171.72563708041716;[ 1  2  9 15 27 37 42 59 75 84];1664;2261;2260;941;2.9258627891540527
I;19;272.1463830471039;10;200.18108919174765;176.51591554657222;[ 1  2  9 15 27 37 42 59 75 84];2404;3463;3462;1423;4.490143537521362
I;20;427.2285051345825;10;200.17352568859363;180.80997599134568;[ 1  2  9 15 27 37 42 59 75 84];3464;5195;5194;2118;6.778762102127075
I;21;659.6014358997345;10;200.13698713240274;185.0392455367884;[ 1  2  9 10 15 27 37 42 59 75];4868;7629;7628;3027;9.990536212921143
I;22;674.5965509414673;10;200.13216958384893;185.0392455367884;[ 1  2  9 10 15 27 37 42 59 75];7629;7629;7628;3027;9.990536212921143
I;23;1171.2952618598938;10;200.16694460368035;142.76930740903913;[ 1  2  9 15 27 37 42 59 75 84];10720;12989;12988;6170;17.258456707000732
I;24;1192.6011559963226;10;200.16694380810227;142.76930740903913;[ 1  2  9 15 27 37 42 59 75 84];12989;12989;12988;6170;17.258456707000732
I;25;1821.1512179374695;10;200.16264444942018;188.8732138860151;[ 1  2  9 15 27 37 42 59 75 84];11034;18506;18505;8279;24.642752170562744
I;26;2816.828033924103;10;200.1599843916578;191.21833272364097;[ 1  2  9 15 27 37 42 59 75 84];15426;26219;26218;11088;34.968321084976196
