I;1;0.006107807159423828;10;1000000.0;0;[0 1 2 3 4 5 6 7 8 9];1;1;0;0;0
I;2;0.018435001373291016;10;389.0;0;[  0   1   2   3   4  30  49  78  84 223];1;1;0;0;0
I;3;0.030061960220336914;10;369.0;0;[  0   3  28  30  49  84 122 210 216 223];1;1;0;0;0
I;4;0.046202898025512695;10;343.0;0;[  0   2   3  28  30  84 102 210 216 223];1;1;0;0;0
I;5;0.06117892265319824;10;339.0;0;[  0   3  22  28  30  84 102 176 210 223];1;1;0;0;0
I;6;0.07669591903686523;10;339.0;0;[  0   2   3  22  28  30  84 176 210 223];1;1;0;0;0
I;7;0.17712187767028809;10;339.0;271.0;[  0   2   3  22  28  30  84 176 210 223];2;2;0;0;0.0008988380432128906
I;8;0.32480573654174805;10;333.0;277.75;[  0   2   3  22  28  30  84 122 210 223];4;4;0;0;0.0025756359100341797
I;9;0.3479909896850586;10;333.0;277.75;[  0   2   3  22  28  49  84 210 216 223];4;4;0;0;0.0025756359100341797
I;10;0.3730959892272949;10;333.0;277.75;[  0   2   3  22  28  30  84 210 216 223];4;4;0;0;0.0025756359100341797
I;11;0.3971688747406006;10;330.625;277.75;[  0   2   3  22  28  30  84 176 210 223];4;4;0;0;0.0025756359100341797
I;12;0.7915897369384766;10;326.1685012344755;284.6685012344755;[  0   2   3  22  28  30  84 176 210 223];8;8;2;2;0.010811805725097656
I;13;1.349642038345337;10;325.9269368172976;288.80452500748163;[  0   2   3  22  28  30  84 176 210 223];16;16;2;2;0.017096281051635742
I;14;2.4141719341278076;10;325.0;293.622365049379;[  0   2   3  28  71  84 176 210 213 223];32;32;2;2;0.029657602310180664
I;15;2.5012097358703613;10;324.3293267432298;293.622365049379;[  0   2   3  28  84 176 193 210 216 223];32;32;2;2;0.029657602310180664
I;16;2.58551287651062;10;324.3209425968876;293.622365049379;[  0   2   3  22  28  84 176 210 216 223];32;32;2;2;0.029657602310180664
I;17;2.671278715133667;10;324.0354748054766;293.622365049379;[  0   2   3  22  28  84 176 210 216 223];32;32;2;2;0.029657602310180664
I;18;5.695953845977783;10;323.8038423051037;299.8129564987655;[  0   2   3  28  30  84 102 176 210 223];64;64;2;2;0.05572843551635742
I;19;5.839667797088623;10;323.8038423051025;299.8129564987655;[  0   2   3  22  28  30  84 176 210 223];64;64;2;2;0.05572843551635742
I;20;5.988314867019653;10;323.0;299.8129564987655;[  0   2   3  28  84 122 176 210 216 223];64;64;2;2;0.05572843551635742
I;21;6.134472846984863;10;322.250387088743;299.8129564987655;[  0   2   3  22  28  84 176 210 216 223];64;64;2;2;0.05572843551635742
I;22;12.123836755752563;10;322.0;302.5246416117847;[  0   2   3  22  28  30  84 210 216 223];128;128;4;4;0.11199402809143066
I;23;12.419841051101685;10;321.9176497561444;302.5246416117847;[  0   2   3  22  28  30  84 176 210 223];128;128;4;4;0.11199402809143066
I;24;12.70009708404541;10;321.86042944785277;302.5246416117847;[  0   2   3  28  84  91 122 176 210 223];128;128;4;4;0.11199402809143066
I;25;12.982042789459229;10;321.51819565502024;302.5246416117847;[  0   2   3  28  84 122 176 210 216 223];128;128;4;4;0.11199402809143066
I;26;13.257948875427246;10;321.23204349059125;302.5246416117847;[  0   3  22  28  84 105 176 210 216 223];128;128;4;4;0.11199402809143066
I;27;13.554290771484375;10;321.23204349059245;302.5246416117847;[  0   2   3  22  28  84 176 210 216 223];128;128;4;4;0.11199402809143066
I;28;25.389014959335327;10;321.10371684100517;305.08079531374665;[  0   2   3  22  28  49  84 176 210 223];252;254;4;4;0.21504831314086914
I;29;25.90059995651245;10;321.10371684100517;305.08079531374665;[  0   2   3  22  28  30  84 176 210 223];254;254;4;4;0.21504831314086914
I;30;26.458237886428833;10;320.92020990533433;305.08079531374665;[  0   2   3  28  36  84 122 176 210 223];254;254;4;4;0.21504831314086914
I;31;26.978575706481934;10;320.5071535813226;305.08079531374665;[  0   2   3  28  84 122 176 210 216 223];254;254;4;4;0.21504831314086914
I;32;27.537441968917847;10;320.2121256900099;305.08079531374665;[  0   2   3  22  28  30  84 176 210 223];254;254;4;4;0.21504831314086914
I;33;46.69899892807007;10;320.05883194579127;309.3618317684659;[  0   2   3  28  71  84 176 210 216 223];370;439;4;4;0.36553168296813965
I;34;47.583791732788086;10;320.0588319457915;309.3618317684659;[  0   2   3  22  28  84 176 210 216 223];439;439;4;4;0.36553168296813965
I;35;48.491214752197266;10;319.50923923284876;309.3618317684659;[  0   2   3  22  28  84 176 210 216 223];439;439;4;4;0.36553168296813965
I;36;86.81272482872009;10;319.5090143250163;309.3618317684659;[  0   2   3  28  84 122 176 210 216 223];806;842;7;5;0.6967129707336426
I;37;88.50803780555725;10;319.32699481302643;309.3618317684659;[  0   2   3  22  28  30  84 176 210 223];842;842;7;5;0.6967129707336426
I;38;90.19789290428162;10;318.9197934116586;309.3618317684659;[  0   2   3  22  28  30  84 176 210 223];842;842;7;5;0.6967129707336426
I;39;147.26893782615662;10;318.7023010737048;313.29417463318657;[  0   2   3  22  28  84 176 210 216 223];1030;1357;7;5;1.1142206192016602
I;40;150.00158882141113;10;318.6097040720103;313.29417463318657;[  0   2   3  22  28  30  84 176 210 223];1357;1357;7;5;1.1142206192016602
I;41;240.31297397613525;10;318.3398562933111;314.6146484515736;[  0   2   3  22  28  30  84 176 210 223];1602;2158;7;5;1.7633538246154785
C;41;367.22096490859985;10;318.3398562933111;315.49595583340584;[  0   2   3  22  28  30  84 176 210 223];0;3411;8;6;2.779604196548462
