1;0.3903639316558838;10;399.0;0;[  0   1   2   5  38 115 223 241 244 299];1;1
2;0.806492805480957;10;351.0;0.0;[  5  38 115 223 241 244 248 291 299 308];1;1
3;1.2232677936553955;10;351.0;0.0;[  3   5 115 214 223 241 248 291 299 308];1;1
4;1.6441609859466553;10;345.0;0.0;[  5  38 115 214 241 248 291 299 308 348];1;1
5;2.0757486820220947;10;343.0;0.0;[  5  38  50 115 214 241 248 291 299 308];1;1
6;2.493872880935669;10;341.0;0.0;[  5  38  50 115 214 241 259 291 299 308];1;1
7;3.0433237552642822;10;333.75;0.0;[  5  38  50 115 202 214 241 291 299 308];2;2
8;4.272397756576538;10;323.1875;0.0;[  5  37  38 115 202 206 214 291 299 308];8;8
9;5.712788820266724;10;319.6328125;40.5;[  5  37  38 115 202 206 214 291 299 308];14;15
10;7.7530670166015625;10;316.791015625;117.9921875;[  5  37  48 115 206 214 223 291 299 308];20;25
11;11.382575750350952;10;316.34912109375;31.734375;[  5  37  38 115 202 206 214 291 299 308];44;47
12;15.352012634277344;10;316.038330078125;231.388671875;[  5  37  38 115 206 214 291 299 308 323];32;63
13;21.900671005249023;10;315.8553466796875;206.2606201171875;[  5  37  38 115 206 214 291 299 308 323];68;97
14;30.13209581375122;10;315.7604522705078;261.8412170410156;[  5  37  38 115 206 214 291 299 308 323];72;133
15;40.91512084007263;10;315.7174987792969;280.117431640625;[  5  37  38 115 206 214 291 299 308 323];90;178
16;54.48669075965881;10;315.7003479003906;293.6550750732422;[  5  37  38 115 202 206 214 291 299 308];108;232
17;69.33801078796387;10;315.6904487609863;291.847900390625;[  5  37  38 115 206 214 291 299 308 323];94;279
18;89.11844563484192;10;315.67807960510254;303.3278388977051;[  5  37  38 115 206 214 291 299 308 323];146;352
19;113.14022088050842;10;315.6739721298218;308.6404266357422;[  5  37  38 115 206 214 291 299 308 323];160;432
20;141.7414858341217;10;315.6719009876251;311.4556405544281;[  5  37  38 115 206 214 291 299 308 323];180;522
20;172.59921789169312;10;315.6719009876251;313.0334703922272;[  5  37  38 115 206 214 291 299 308 323];0;616
I;1;0.38235902786254883;10;399.0;0;[  0   1   2   5  38 115 223 241 244 299];1;1
I;2;0.7945377826690674;10;351.0;0.0;[  5  38 115 223 241 244 248 291 299 308];1;1
I;3;1.2152290344238281;10;351.0;0.0;[  3   5 115 214 223 241 248 291 299 308];1;1
I;4;1.6325631141662598;10;345.0;0.0;[  5  38 115 214 241 248 291 299 308 348];1;1
I;5;2.039383888244629;10;343.0;0.0;[  5  38  50 115 214 241 248 291 299 308];1;1
I;6;2.4469988346099854;10;341.0;0.0;[  5  38  50 115 214 241 259 291 299 308];1;1
I;7;3.0022499561309814;10;333.75;0.0;[  5  38  50 115 202 214 241 291 299 308];2;2
I;8;4.2395339012146;10;323.1875;0.0;[  5  37  38 115 202 206 214 291 299 308];8;8
I;9;5.694985866546631;10;319.6328125;40.5;[  5  37  38 115 202 206 214 291 299 308];14;15
I;10;7.784332036972046;10;316.791015625;117.9921875;[  5  37  48 115 206 214 223 291 299 308];20;25
I;11;10.503422975540161;10;316.71826171875;193.1875;[  5  37  38 115 202 206 214 291 299 308];24;37
I;12;14.04392385482788;10;316.425048828125;240.927734375;[  5  37  38 115 206 214 291 299 308 323];28;51
I;13;18.470652103424072;10;316.3621826171875;263.435302734375;[  5  37  38 115 206 214 291 299 308 323];34;68
I;14;24.11132574081421;10;316.3039093017578;281.028564453125;[  5  37  38 115 206 214 291 299 308 323];42;89
I;15;31.206451892852783;10;316.2832946777344;292.962890625;[  5  37  38 115 206 214 291 299 308 323];52;115
I;16;39.6708710193634;10;316.2700843811035;303.01475524902344;[  5  37  38 115 206 214 291 299 308 323];56;143
I;17;48.927226066589355;10;316.26266288757324;309.2935256958008;[  5  37  38 115 206 214 291 299 308 323];50;168
I;18;58.97437500953674;10;316.2608642578125;311.8890495300293;[  5  37  38 115 202 206 214 291 299 308];44;190
I;19;77.08314204216003;10;316.2518901824951;299.01470947265625;[  5  37  38 115 206 214 291 299 308 323];68;254
I;20;91.07843089103699;10;316.2509870529175;312.9631757736206;[  5  37  38 115 206 214 291 299 308 323];50;279
C;20;104.61320281028748;10;316.2509870529175;313.42936515808105;[  5  37  38 115 206 214 291 299 308 323];0;298
