I;1;0.005648136138916016;10;1000000.0;0;[0 1 2 3 4 5 6 7 8 9];1;1;0;0;0
I;2;0.017620325088500977;10;356.0;0;[  0   1   2   3   4  62  81 164 192 237];1;1;0;0;0
I;3;0.028777122497558594;10;244.0;0;[  1  62  64  81  94  95 164 192 223 237];1;1;0;0;0
I;4;0.04114818572998047;10;237.0;0;[  1   2  64  94  95 106 164 223 227 237];1;1;0;0;0
I;5;0.05363917350769043;10;237.0;0;[  1   2  64  94  95  96 106 164 223 237];1;1;0;0;0
I;6;0.06714797019958496;10;237.0;0;[  1   2  94  95  96 106 163 192 223 237];1;1;0;0;0
I;7;0.080963134765625;10;237.0;0;[  1   2  81  94  95  96 106 110 164 223];1;1;0;0;0
I;8;0.09513020515441895;10;235.0;0;[  1   2  62  81  94  95  96 106 110 237];1;1;0;0;0
I;9;0.10825109481811523;10;231.0;0;[  1   2  62  94  95  96 106 110 229 237];1;1;0;0;0
I;10;0.20865511894226074;10;230.0;204.25;[  1   2   7  81  94  95  96 106 110 237];2;2;0;0;0.0009059906005859375
I;11;0.22435307502746582;10;226.0;204.25;[  1   2  62  94  95  96 106 110 223 237];2;2;0;0;0.0009059906005859375
I;12;0.24273109436035156;10;225.25;204.25;[  1   2  62  94  95  96 106 110 229 237];2;2;0;0;0.0009059906005859375
I;13;0.4346621036529541;10;225.0;205.75;[  1   2  81  84  94  95  96 106 229 237];4;4;0;0;0.002666950225830078
I;14;0.4573979377746582;10;225.0;205.75;[  1   2   7  63  81  94  95  96 106 237];4;4;0;0;0.002666950225830078
I;15;0.4801290035247803;10;224.75;205.75;[  1   2  81  94  95  96 106 110 229 237];4;4;0;0;0.002666950225830078
I;16;0.5049490928649902;10;224.0;205.75;[  1   2   7  81  94  95 106 153 223 237];4;4;0;0;0.002666950225830078
I;17;0.5285720825195312;10;224.0;205.75;[  1   2  63  81  94  95  96 106 110 237];4;4;0;0;0.002666950225830078
I;18;0.5524120330810547;10;223.75;205.75;[  1   2  65  94  95  96 106 164 223 237];4;4;0;0;0.002666950225830078
I;19;0.5771551132202148;10;223.75;205.75;[  1   2  65  81  94  95  96 106 223 237];4;4;0;0;0.002666950225830078
I;20;0.5989201068878174;10;223.25;205.75;[  1   2  65  81  94  95  96 106 223 237];4;4;0;0;0.002666950225830078
I;21;0.9779231548309326;10;223.25;211.1875;[  1   2  65  81  94  95  96 106 223 237];8;8;0;0;0.006040811538696289
I;22;1.4885191917419434;10;223.0;213.34375;[  1   2  65  81  94  95  96 106 223 237];16;16;0;0;0.012508153915405273
I;23;2.43687105178833;10;223.0;215.5;[  1   2  63  64  94 106 153 164 223 237];30;31;0;0;0.02450847625732422
I;24;2.5174331665039062;10;222.875;215.5;[  1   2  64  81  94  96 106 110 223 237];31;31;0;0;0.02450847625732422
I;25;2.5988452434539795;10;222.875;215.5;[  1   2  81  94  95  96 106 110 223 237];31;31;0;0;0.02450847625732422
I;26;2.6753499507904053;10;222.625;215.5;[  1   2  62  94  95  96 106 110 229 237];31;31;0;0;0.02450847625732422
I;27;2.756782054901123;10;222.6250000000004;215.5;[  1   2  63  94  95  96 106 164 223 237];31;31;0;0;0.02450847625732422
I;28;2.8399453163146973;10;222.62500000000043;215.5;[  1   2  62  63  94  95  96 106 223 237];31;31;0;0;0.02450847625732422
I;29;2.944892168045044;10;222.375;215.5;[  1   2  81  94  95  96 106 110 229 237];31;31;0;0;0.02450847625732422
I;30;3.027967929840088;10;222.125;215.5;[  1   2  81  94  95  96 106 116 223 237];31;31;0;0;0.02450847625732422
I;31;3.1106579303741455;10;222.0546875000006;215.5;[  1   2  63  81  94  95 106 153 223 237];31;31;0;0;0.02450847625732422
I;32;3.1942150592803955;10;221.99218750000048;215.5;[  1   2  65  81  94  95  96 106 223 237];31;31;0;0;0.02450847625732422
I;33;5.681571006774902;10;221.625;217.5993240243512;[  1   2  81  94  95  96 110 223 229 237];52;57;26;24;0.10326623916625977
I;34;5.826757192611694;10;221.4765625;217.5993240243512;[  1   2  65  81  94  95  96 106 116 237];57;57;26;24;0.10326623916625977
I;35;5.974203109741211;10;221.17388669693096;217.5993240243512;[  1   2  62  65  94  95  96 106 223 237];57;57;26;24;0.10326623916625977
I;36;9.702935934066772;10;221.1328125000007;218.2375797597921;[  1   2  62  94  95  96 106 110 229 237];68;91;60;47;0.20234298706054688
I;37;9.902328968048096;10;221.0404974689693;218.2375797597921;[  1   2  62  65  94  95  96 106 223 237];91;91;60;47;0.20234298706054688
C;37;15.41547417640686;10;221.0404974689693;218.85927083844484;[  1   2  62  65  94  95  96 106 223 237];0;139;108;74;0.3546020984649658
I;1;0.005799055099487305;10;1000000.0;0;[0 1 2 3 4 5 6 7 8 9];1;1;0;0;0
I;2;0.01795196533203125;10;356.0;0;[  0   1   2   3   4  62  81 164 192 237];1;1;0;0;0
I;3;0.02927708625793457;10;244.0;0;[  1  62  64  81  94  95 164 192 223 237];1;1;0;0;0
I;4;0.04125499725341797;10;237.0;0;[  1   2  64  94  95 106 164 223 227 237];1;1;0;0;0
I;5;0.05350518226623535;10;237.0;0;[  1   2  64  94  95  96 106 164 223 237];1;1;0;0;0
I;6;0.06665897369384766;10;237.0;0;[  1   2  94  95  96 106 163 192 223 237];1;1;0;0;0
I;7;0.0804738998413086;10;237.0;0;[  1   2  81  94  95  96 106 110 164 223];1;1;0;0;0
I;8;0.09388303756713867;10;235.0;0;[  1   2  62  81  94  95  96 106 110 237];1;1;0;0;0
I;9;0.10680890083312988;10;231.0;0;[  1   2  62  94  95  96 106 110 229 237];1;1;0;0;0
I;10;0.20848703384399414;10;230.0;204.25;[  1   2   7  81  94  95  96 106 110 237];2;2;0;0;0.0009329319000244141
I;11;0.22433996200561523;10;226.0;204.25;[  1   2  62  94  95  96 106 110 223 237];2;2;0;0;0.0009329319000244141
I;12;0.24213886260986328;10;225.25;204.25;[  1   2  62  94  95  96 106 110 229 237];2;2;0;0;0.0009329319000244141
I;13;0.43567800521850586;10;225.0;205.75;[  1   2  81  84  94  95  96 106 229 237];4;4;0;0;0.0028519630432128906
I;14;0.4581871032714844;10;225.0;205.75;[  1   2   7  63  81  94  95  96 106 237];4;4;0;0;0.0028519630432128906
I;15;0.48171496391296387;10;224.75;205.75;[  1   2  81  94  95  96 106 110 229 237];4;4;0;0;0.0028519630432128906
I;16;0.5055840015411377;10;224.0;205.75;[  1   2   7  81  94  95 106 153 223 237];4;4;0;0;0.0028519630432128906
I;17;0.5310230255126953;10;224.0;205.75;[  1   2  63  81  94  95  96 106 110 237];4;4;0;0;0.0028519630432128906
I;18;0.5545370578765869;10;223.75;205.75;[  1   2  65  94  95  96 106 164 223 237];4;4;0;0;0.0028519630432128906
I;19;0.5789239406585693;10;223.75;205.75;[  1   2  65  81  94  95  96 106 223 237];4;4;0;0;0.0028519630432128906
I;20;0.6012089252471924;10;223.25;205.75;[  1   2  65  81  94  95  96 106 223 237];4;4;0;0;0.0028519630432128906
I;21;0.9812507629394531;10;223.25;211.1875;[  1   2  65  81  94  95  96 106 223 237];8;8;0;0;0.0062181949615478516
I;22;1.4942779541015625;10;223.0;213.34375;[  1   2  65  81  94  95  96 106 223 237];16;16;0;0;0.012705087661743164
I;23;2.449328899383545;10;223.0;215.5;[  1   2  63  64  94 106 153 164 223 237];30;31;0;0;0.02506422996520996
I;24;2.529409170150757;10;222.875;215.5;[  1   2  64  81  94  96 106 110 223 237];31;31;0;0;0.02506422996520996
I;25;2.610290050506592;10;222.875;215.5;[  1   2  81  94  95  96 106 110 223 237];31;31;0;0;0.02506422996520996
I;26;2.6862359046936035;10;222.625;215.5;[  1   2  62  94  95  96 106 110 229 237];31;31;0;0;0.02506422996520996
I;27;2.768083095550537;10;222.6250000000004;215.5;[  1   2  63  94  95  96 106 164 223 237];31;31;0;0;0.02506422996520996
I;28;2.852155923843384;10;222.62500000000043;215.5;[  1   2  62  63  94  95  96 106 223 237];31;31;0;0;0.02506422996520996
I;29;2.9526150226593018;10;222.375;215.5;[  1   2  81  94  95  96 106 110 229 237];31;31;0;0;0.02506422996520996
I;30;3.0349960327148438;10;222.125;215.5;[  1   2  81  94  95  96 106 116 223 237];31;31;0;0;0.02506422996520996
I;31;3.118245840072632;10;222.0546875000006;215.5;[  1   2  63  81  94  95 106 153 223 237];31;31;0;0;0.02506422996520996
I;32;3.202457904815674;10;221.99218750000048;215.5;[  1   2  65  81  94  95  96 106 223 237];31;31;0;0;0.02506422996520996
I;33;5.650504112243652;10;221.625;217.21875;[  1   2  81  94  95  96 110 223 229 237];52;57;0;0;0.04685258865356445
I;34;5.797922849655151;10;221.4765625000004;217.21875;[  1   2  62  65  94  95  96 106 182 237];57;57;0;0;0.04685258865356445
I;35;5.957575082778931;10;221.388671875;217.21875;[  1   2  62  65  94  95  96 106 223 237];57;57;0;0;0.04685258865356445
I;36;10.201668977737427;10;221.1328125;218.39563607070855;[  1   2   7  62  94  95  96 106 110 237];86;100;2;2;0.08804917335510254
I;37;10.420527935028076;10;221.06880265336983;218.39563607070855;[  1   2  62  65  94  95  96 106 223 237];100;100;2;2;0.08804917335510254
C;37;16.91470193862915;10;221.06880265336983;219.05261849258355;[  1   2  62  65  94  95  96 106 223 237];0;161;2;2;0.13873934745788574
