1;0.3768911361694336;10;228.0;0;[  0   1   2   3   4   8 145 193 196 205];1;1
2;0.7673749923706055;10;228.0;0.0;[  0   8  93 107 120 142 145 193 196 205];1;1
3;1.1711008548736572;10;228.0;0.0;[  0   8  75  93 107 120 145 193 196 205];1;1
4;1.5746290683746338;10;225.0;0.0;[  8  75  76  93 120 142 145 193 196 205];1;1
5;1.9774909019470215;10;217.0;0.0;[  0   8  49  93 120 145 159 193 205 226];1;1
6;2.3796908855438232;10;217.0;0.0;[  0   8  75  76 120 142 145 159 193 205];1;1
7;2.782770872116089;10;217.0;0.0;[  0   8  49  93 120 142 145 193 205 226];1;1
8;3.2660741806030273;10;217.0;0.0;[  0   8  49  93 120 142 145 193 205 226];2;2
9;3.8860819339752197;10;214.0625;0.0;[  0   8  49  93 120 142 145 159 193 205];4;4
10;4.687999963760376;10;213.28125;0.0;[  8  75  76  93 120 142 145 184 193 205];8;8
11;5.122542142868042;10;212.25;0.0;[  2   8  75  76 120 142 145 159 193 205];8;8
12;6.36051607131958;10;210.96875;0.0;[  8  75  76  93 120 142 145 159 193 205];16;16
13;8.362509965896606;10;210.21875;12.5625;[  8  75  76  93 120 142 145 159 193 205];30;31
14;11.654002904891968;10;209.77734375;38.15625;[  8  75  76  93 120 142 145 159 193 205];52;57
15;16.85498809814453;10;209.4580078125;76.90625;[  8  75  76  93 120 142 145 159 193 205];80;97
16;24.89373517036438;10;209.345703125;109.578125;[  8  75  76  93 120 142 145 159 193 205];120;157
17;36.346153020858765;10;209.25244140625;140.6591796875;[  8  75  76  93 120 142 145 159 193 205];164;239
18;52.50024390220642;10;209.206298828125;163.6207275390625;[  8  75  76  93 120 142 145 159 193 205];216;347
19;74.71959710121155;10;209.17823028564453;179.92974853515625;[  8  75  76  93 120 142 145 159 193 205];274;484
20;103.41303396224976;10;209.16690826416016;190.61282348632812;[  8  75  76  93 120 142 145 159 193 205];342;655
21;139.85658311843872;10;209.15862464904785;197.81257247924805;[  8  75  76  93 120 142 145 159 193 205];406;858
22;186.90711498260498;10;209.15435123443604;201.82531356811523;[  8  75  76  93 120 142 145 159 193 205];502;1109
23;247.97526502609253;10;209.1517744064331;204.12837600708008;[  8  75  76  93 120 142 145 159 193 205];648;1433
24;332.3592441082001;10;209.14993906021118;205.37676286697388;[  8  75  76  93 120 142 145 159 193 205];910;1888
25;449.29049587249756;10;209.1488560438156;206.28822350502014;[  8  75  76  93 120 142 145 159 193 205];1252;2514
26;615.1844079494476;10;209.14807051420212;206.85337853431702;[  8  75  76  93 120 142 145 159 193 205];1798;3413
27;855.5029528141022;10;209.14759030938148;207.2897406220436;[  8  75  76  93 120 142 145 159 193 205];2504;4665
28;1180.1059260368347;10;209.14729526638985;207.6269688308239;[  8  75  76  93 120 142 145 159 193 205];3322;6326
29;1629.7863140106201;10;209.14707680046558;207.86195668578148;[  8  75  76  93 120 142 145 159 193 205];4298;8475
30;2201.8244998455048;10;209.14694326929748;208.05273501202464;[  8  75  76  93 120 142 145 159 193 205];4764;10857
31;2801.90780210495;10;209.1468827771023;208.1944379657507;[  8  75  76  93 120 142 145 159 193 205];3884;12799
32;3399.4250869750977;10;209.1468601343222;208.25806817226112;[  8  75  76  93 120 142 145 159 193 205];2774;14186
1;0.40943384170532227;10;228.0;0;[  0   1   2   3   4   8 145 193 196 205];1;1
2;0.8287396430969238;10;228.0;0.0;[  0   8  93 107 120 142 145 193 196 205];1;1
3;1.263692855834961;10;228.0;0.0;[  0   8  75  93 107 120 145 193 196 205];1;1
4;1.6974568367004395;10;225.0;0.0;[  8  75  76  93 120 142 145 193 196 205];1;1
5;2.132337808609009;10;217.0;0.0;[  0   8  49  93 120 145 159 193 205 226];1;1
6;2.5665767192840576;10;217.0;0.0;[  0   8  75  76 120 142 145 159 193 205];1;1
7;3.0056498050689697;10;217.0;0.0;[  0   8  49  93 120 142 145 193 205 226];1;1
8;3.525108814239502;10;217.0;0.0;[  0   8  49  93 120 142 145 193 205 226];2;2
9;4.185281038284302;10;214.0625;0.0;[  0   8  49  93 120 142 145 159 193 205];4;4
10;5.040496826171875;10;213.28125;0.0;[  8  75  76  93 120 142 145 184 193 205];8;8
11;5.50998592376709;10;212.25;0.0;[  2   8  75  76 120 142 145 159 193 205];8;8
12;6.830117702484131;10;210.96875;0.0;[  8  75  76  93 120 142 145 159 193 205];16;16
13;8.94640588760376;10;210.21875;12.5625;[  8  75  76  93 120 142 145 159 193 205];30;31
14;12.398597717285156;10;209.77734375;38.15625;[  8  75  76  93 120 142 145 159 193 205];52;57
15;17.857836961746216;10;209.4580078125;76.90625;[  8  75  76  93 120 142 145 159 193 205];80;97
16;26.26791501045227;10;209.345703125;109.578125;[  8  75  76  93 120 142 145 159 193 205];120;157
17;38.28935194015503;10;209.25244140625;140.6591796875;[  8  75  76  93 120 142 145 159 193 205];164;239
18;55.12498688697815;10;209.206298828125;163.6207275390625;[  8  75  76  93 120 142 145 159 193 205];216;347
19;78.15826392173767;10;209.17823028564453;179.92974853515625;[  8  75  76  93 120 142 145 159 193 205];274;484
20;107.81856989860535;10;209.16690826416016;190.61282348632812;[  8  75  76  93 120 142 145 159 193 205];342;655
21;145.5519998073578;10;209.15862464904785;197.81257247924805;[  8  75  76  93 120 142 145 159 193 205];406;858
22;193.9491319656372;10;209.15435123443604;201.82531356811523;[  8  75  76  93 120 142 145 159 193 205];502;1109
23;256.6393918991089;10;209.1517744064331;204.12837600708008;[  8  75  76  93 120 142 145 159 193 205];648;1433
24;343.0557768344879;10;209.14993906021118;205.37676286697388;[  8  75  76  93 120 142 145 159 193 205];910;1888
25;462.85817074775696;10;209.1488560438156;206.28822350502014;[  8  75  76  93 120 142 145 159 193 205];1252;2514
26;632.6865298748016;10;209.14807051420212;206.85337853431702;[  8  75  76  93 120 142 145 159 193 205];1798;3413
27;877.879273891449;10;209.14759030938148;207.2897406220436;[  8  75  76  93 120 142 145 159 193 205];2504;4665
28;1209.2284059524536;10;209.14729526638985;207.6269688308239;[  8  75  76  93 120 142 145 159 193 205];3322;6326
29;1667.0384719371796;10;209.14707680046558;207.86195668578148;[  8  75  76  93 120 142 145 159 193 205];4298;8475
30;2247.276850938797;10;209.14694326929748;208.05273501202464;[  8  75  76  93 120 142 145 159 193 205];4764;10857
31;2863.179540872574;10;209.1468827771023;208.1944379657507;[  8  75  76  93 120 142 145 159 193 205];3884;12799
32;3472.683184862137;10;209.1468601343222;208.25806817226112;[  8  75  76  93 120 142 145 159 193 205];2774;14186
