I;1;0.39214324951171875;10;250.0;0;[  0   1   2   3   4   7  72  89 254 397];1;10;0;0
I;2;0.805103063583374;10;189.0;0;[  0   1   2   3   7  72  89 254 264 397];1;10;0;0
I;3;1.221756935119629;10;189.0;0;[  0   7  72  89 180 254 260 264 397 413];1;10;0;0
I;4;1.653320074081421;10;189.0;0;[  5   7  72 180 264 397 417 418 420 421];1;10;0;0
I;5;2.070502996444702;10;189.0;0;[  5   7  72 180 254 264 397 413 419 420];1;10;0;0
I;6;2.496752977371216;10;189.0;0;[  7  72 180 205 254 264 397 413 419 420];1;10;0;0
I;7;3.170279026031494;10;189.0;169.84154929577463;[  0   7  72 180 205 254 264 397 413 419];2;21;1;0.003907918930053711
I;8;3.5928759574890137;10;189.0;169.84154929577463;[  7  72 180 205 254 264 327 397 413 418];2;21;1;0.003907918930053711
I;9;4.531583070755005;10;189.0;174.62900920373727;[  7  89 180 205 248 254 260 264 397 426];4;43;2;0.011353015899658203
I;10;6.067270040512085;10;189.0;184.48417938184662;[  0   7  72  89 187 260 264 292 397 413];8;87;6;0.026857852935791016
C;10;7.85420298576355;10;189.0;187.9998288341158;[  0   7  72  89 187 260 264 292 397 413];0;14;1413;10;0.04954957962036133
