I;1;0.004914045333862305;10;1000000.0;0;[0 1 2 3 4 5 6 7 8 9];1;1;0;0;0
I;2;0.01793980598449707;10;348.0;0;[  0   1   2   3   4  36 154 160 175 185];1;1;0;0;0
I;3;0.029481887817382812;10;293.0;0;[  2  36  50  53  60  84 154 160 175 185];1;1;0;0;0
I;4;0.04283905029296875;10;293.0;0;[  0   2  36  50  53  60  84 110 154 185];1;1;0;0;0
I;5;0.05702805519104004;10;286.0;0;[  0   2  36  50  60  84 110 154 160 175];1;1;0;0;0
I;6;0.0704801082611084;10;285.0;0;[  0   2  36  50  60  80  84 110 154 160];1;1;0;0;0
I;7;0.08722710609436035;10;278.0;0;[  2  36  50  60  80  84 110 154 160 185];1;1;0;0;0
I;8;0.10183382034301758;10;278.0;0;[  2  36  50  60  80  84  88 110 154 185];1;1;0;0;0
I;9;0.11876916885375977;10;277.0;0;[  2  36  50  60  80  84  88 110 154 185];1;1;0;0;0
I;10;0.21067595481872559;10;277.0;241.5;[  2  36  50  60  80  84  88 110 154 185];2;2;0;0;0.0009222030639648438
I;11;0.3984191417694092;10;276.0;247.5;[ 36  50  60  80  84  88 110 154 160 185];4;4;0;0;0.002649068832397461
I;12;0.41863203048706055;10;275.4375;247.5;[ 36  50  60  80  84  86  88 110 154 185];4;4;0;0;0.002649068832397461
I;13;0.7241032123565674;10;275.4375;248.3125;[ 36  50  60  80  84  86  88 110 154 185];7;7;0;0;0.005510807037353516
I;14;1.2994699478149414;10;275.0;253.15625;[  2  36  50  60  80  84 110 154 160 185];13;13;0;0;0.01059579849243164
I;15;1.3480479717254639;10;272.8984375;253.15625;[ 36  50  60  80  84  86  88 110 154 185];13;13;0;0;0.01059579849243164
I;16;2.3105759620666504;10;271.0;256.453125;[  2  36  50  60  80  86 110 154 160 185];23;23;0;0;0.018985509872436523
I;17;2.3800618648529053;10;270.859375;256.453125;[  2  36  50  60  80  86 110 154 160 185];23;23;0;0;0.018985509872436523
I;18;4.161785125732422;10;270.7109375;261.1953125;[  2  36  50  60  80  86  88 110 154 185];42;42;0;0;0.03473472595214844
I;19;4.273808002471924;10;270.689453125;261.1953125;[  2  36  50  60  80  86 110 154 160 185];42;42;0;0;0.03473472595214844
I;20;6.500972032546997;10;270.34814453125;263.5595703125;[  2  36  50  60  80  86 110 154 160 185];60;60;0;0;0.05020499229431152
I;21;9.430073976516724;10;270.1875000000007;264.998046875;[  2  36  50  60  80  84  88 110 154 185];81;82;0;0;0.06856560707092285
I;22;9.61397123336792;10;270.0390625;264.998046875;[ 36  50  60  80  84  86  88 110 154 185];82;82;0;0;0.06856560707092285
I;23;9.802697896957397;10;270.0;264.998046875;[  2  36  50  60  80  84  88 110 154 160];82;82;0;0;0.06856560707092285
I;24;9.991206169128418;10;270.0;264.998046875;[  2  36  50  60  80  86  88 110 154 160];82;82;0;0;0.06856560707092285
I;25;10.17853307723999;10;269.850341796875;264.998046875;[  2  36  50  60  80  86 110 154 160 185];82;82;0;0;0.06856560707092285
I;26;13.682979106903076;10;269.62817382812625;265.6837158203125;[ 36  50  60  80  84  86  88 110 154 185];99;104;0;0;0.08662080764770508
I;27;13.937671184539795;10;269.5665283203125;265.6837158203125;[  2  50  60  80  86 110 154 160 175 185];104;104;0;0;0.08662080764770508
I;28;14.164606809616089;10;269.5665283203125;265.6837158203125;[  2  36  50  60  80  86 110 154 160 185];104;104;0;0;0.08662080764770508
I;29;18.140465021133423;10;269.550048828125;266.0208740234375;[  2  36  50  60  80  86 110 154 160 175];119;124;0;0;0.1030123233795166
I;30;18.407208919525146;10;269.4213867187514;266.0208740234375;[ 36  50  60  80  84  86  88 110 154 185];124;124;0;0;0.1030123233795166
I;31;18.695318937301636;10;269.38134765625;266.0208740234375;[ 36  50  60  80  84  86  88 110 154 185];124;124;0;0;0.1030123233795166
I;32;22.15969705581665;10;269.38134765625;266.0208740234375;[ 36  50  60  80  84  86  88 110 154 185];127;127;0;0;0.10561656951904297
I;33;25.741246938705444;10;269.378173828125;266.0208740234375;[  2  36  50  60  80  86 110 154 160 185];130;130;0;0;0.10807061195373535
I;34;30.348206043243408;10;269.354736328125;266.1136474609375;[  2  36  50  60  80  86 110 154 160 185];140;149;0;0;0.12394499778747559
I;35;35.23618698120117;10;269.26531982421875;266.2894287109375;[  2  36  50  60  80  86 110 154 160 185];147;164;1;0;0.1390852928161621
I;36;40.152796030044556;10;269.2109375;266.38262939453125;[  2  36  50  60  80  86 110 154 160 185];157;174;1;0;0.1474151611328125
I;37;45.123103857040405;10;269.19384765625136;266.419921875;[ 36  50  60  80  84  86  88 110 154 185];163;180;1;0;0.1523294448852539
I;38;45.504169940948486;10;269.19134521484375;266.419921875;[  2  36  50  60  80  86 110 154 160 185];180;180;1;0;0.1523294448852539
I;39;50.50453305244446;10;269.19134521484375;266.435546875;[  2  36  50  60  80  86 110 154 160 185];167;184;1;0;0.15560269355773926
I;40;55.50536394119263;10;269.19134521484375;266.44921875;[  2  36  50  60  80  86 110 154 160 185];170;187;1;0;0.15805935859680176
I;41;60.62848615646362;10;269.19134521484375;266.454833984375;[  2  36  50  60  80  86 110 154 160 185];173;190;1;0;0.16059517860412598
I;42;65.83072805404663;10;269.19134521484375;266.466552734375;[  2  36  50  60  80  86 110 154 160 185];175;192;1;0;0.1622331142425537
I;43;71.08584499359131;10;269.1872253417969;266.47064208984375;[  2  36  50  60  80  86 110 154 160 185];176;194;1;0;0.16394710540771484
I;44;76.332515001297;10;269.1794128417969;266.48236083984375;[  2  36  50  60  80  86 110 154 160 185];163;196;1;0;0.16560101509094238
C;44;81.5164520740509;10;269.1794128417969;266.49176025390625;[  2  36  50  60  80  86 110 154 160 185];0;197;1;0;0.1664140224456787
