1;0.3847839832305908;10;274.0;0;[  0   1   2   3   4  30  44  51  98 182];1;1
2;0.7831518650054932;10;256.0;0.0;[  0   4  30  44  51  98 138 148 182 203];1;1
3;1.207718849182129;10;254.0;0.0;[  0   4  30  44  51 138 148 151 200 203];1;1
4;1.6233081817626953;10;248.0;0.0;[  0   4  30  44  51 136 138 148 200 209];1;1
5;2.0432331562042236;10;245.0;0.0;[  0   4  30  44  51 136 138 148 151 200];1;1
6;2.4578139781951904;10;245.0;0.0;[  0   4  44  51  98 136 138 148 151 182];1;1
7;2.934657096862793;10;245.0;0.0;[  0   4  44  51  98 136 138 148 151 182];2;2
8;3.513305902481079;10;245.0;0.0;[  0   4  44  51  98 136 138 148 151 182];4;4
9;4.2672388553619385;10;235.5625;0.0;[  0   4  30  44  51  98 138 148 151 182];8;8
10;5.417115926742554;10;231.4375;0.0;[  0   4  30  44  51  98 138 148 151 182];16;16
11;7.321942090988159;10;227.95703125;12.09375;[  0   4  30  44  51  98 138 148 151 182];30;31
12;10.465352058410645;10;226.318359375;29.3203125;[  0   4  30  44  51  98 138 148 151 182];54;58
13;15.689898014068604;10;224.6796875;53.29296875;[  0   4  30  44  51  98 138 148 151 182];92;104
14;24.359599828720093;10;223.5546875;79.0849609375;[  0   4  30  44  51  98 138 148 151 182];152;180
15;38.5137300491333;10;222.8740234375;103.28125;[  0   4  30  44  51  98 138 148 151 182];248;304
16;61.44841194152832;10;222.55523681640625;126.0374755859375;[  0   4  30  44  51  98 138 148 151 182];396;502
17;98.058345079422;10;222.36561584472656;146.21209716796875;[  0   4  30  44  51  98 138 148 151 182];618;811
18;155.9954798221588;10;222.203369140625;163.93194580078125;[  0   4  30  44  51  98 138 148 151 182];940;1281
19;246.96621894836426;10;222.0767822265625;177.82039642333984;[  0   4  30  44  51  98 138 148 151 182];1418;1990
20;390.4634909629822;10;221.9972324371338;188.88543128967285;[  0   4  30  44  51  98 138 148 151 182];2106;3043
21;614.6110019683838;10;221.94894981384277;197.64624214172363;[  0   4  30  44  51  98 138 148 151 182];3066;4576
22;961.2565948963165;10;221.922527551651;204.08924889564514;[  0   4  30  44  51  98 138 148 151 182];4464;6808
23;1495.868556022644;10;221.90724402666092;208.93325018882751;[  0   4  30  44  51  98 138 148 151 182];6430;10023
24;2329.3708789348602;10;221.89799676835537;212.44663274288177;[  0   4  30  44  51  98 138 148 151 182];9250;14648
1;0.37946295738220215;10;274.0;0;[  0   1   2   3   4  30  44  51  98 182];1;1;0;0
2;0.7838678359985352;10;256.0;0.0;[  0   4  30  44  51  98 138 148 182 203];1;1;0;0
3;1.196470022201538;10;254.0;0.0;[  0   4  30  44  51 138 148 151 200 203];1;1;0;0
4;1.6076948642730713;10;248.0;0.0;[  0   4  30  44  51 136 138 148 200 209];1;1;0;0
5;2.0169930458068848;10;245.0;0.0;[  0   4  30  44  51 136 138 148 151 200];1;1;0;0
6;2.426426887512207;10;245.0;0.0;[  0   4  44  51  98 136 138 148 151 182];1;1;0;0
7;2.9292681217193604;10;244.976;0.0;[  0   4  44  51  98 136 138 148 151 182];2;2;1;1
8;3.561737060546875;10;244.88535172413793;0.0;[  0   4  30  44  51 136 138 148 151 182];4;4;3;3
9;4.402298927307129;10;240.4652462431942;0.0;[  0   4  30  44  51 136 138 148 151 182];8;8;7;4
10;5.7116968631744385;10;234.85720299606777;0.0;[  0   4  30  44  51 136 138 148 151 182];16;16;15;7
11;7.947239875793457;10;228.16040947529115;0.0;[  0   4  30  44  51  98 138 148 151 182];32;32;31;13
12;11.958187818527222;10;225.57496481821568;37.29831967545639;[  0   4  30  44  51  98 138 148 151 182];60;62;61;27
13;18.87033772468567;10;224.10709043996042;60.04330993932601;[  0   4  30  44  51  98 138 148 151 182];104;114;113;49
14;29.87443995475769;10;223.6005341150551;74.08441642266212;[  0   4  30  44  51  98 138 148 151 182];160;194;193;80
15;47.6002037525177;10;222.91930144557398;92.93447757767612;[  0   4  30  44  51  98 138 148 151 182];256;322;321;118
16;75.4490180015564;10;222.51690638704898;113.00407101381793;[  0   4  30  44  51  98 138 148 151 182];398;521;520;202
17;120.92892098426819;10;222.3119529351323;128.20892526090705;[  0   4  30  44  51  98 138 148 151 182];640;841;840;333
18;194.77970600128174;10;222.16529817273323;142.7639634629298;[  0   4  30  44  51  98 138 148 151 182];1026;1354;1353;540
19;316.60748505592346;10;222.06244405249157;156.0899791846615;[  0   4  30  44  51  98 138 148 151 182];1632;2170;2169;870
20;513.478059053421;10;222.00746721332712;169.07794375446076;[  0   4  30  44  51  98 138 148 151 182];2474;3407;3406;1383
21;827.5435779094696;10;221.96600603021605;178.41019683135124;[  0   4  30  44  51  98 138 148 151 182];3652;5233;5232;2157
22;1307.87438082695;10;221.93282404443016;186.95632465831503;[  0   4  30  44  51  98 138 148 151 182];5182;7824;7823;3283
23;2057.420390844345;10;221.91112555568102;193.887261543197;[  0   4  30  44  51  98 138 148 151 182];7246;11447;11446;4935
24;3223.6381011009216;10;221.89596424488747;199.96428946253408;[  0   4  30  44  51  98 138 148 151 182];9902;16398;16397;7156
I;1;0.386350154876709;10;274.0;0;[  0   1   2   3   4  30  44  51  98 182];1;1;0;0;0
I;2;0.7941939830780029;10;256.0;0.0;[  0   4  30  44  51  98 138 148 182 203];1;1;0;0;0
I;3;1.2109758853912354;10;254.0;0.0;[  0   4  30  44  51 138 148 151 200 203];1;1;0;0;0
I;4;1.6296257972717285;10;248.0;0.0;[  0   4  30  44  51 136 138 148 200 209];1;1;0;0;0
I;5;2.0438389778137207;10;245.0;0.0;[  0   4  30  44  51 136 138 148 151 200];1;1;0;0;0
I;6;2.456800937652588;10;245.0;0.0;[  0   4  44  51  98 136 138 148 151 182];1;1;0;0;0
I;7;2.9624388217926025;10;244.976;0.0;[  0   4  44  51  98 136 138 148 151 182];2;2;1;1;0.0016329288482666016
I;8;3.589115858078003;10;244.88535172413793;0.0;[  0   4  30  44  51 136 138 148 151 182];4;4;3;3;0.004957914352416992
I;9;4.427146911621094;10;240.4652462431942;0.0;[  0   4  30  44  51 136 138 148 151 182];8;8;7;4;0.011300802230834961
I;10;5.723915100097656;10;234.85720299606777;0.0;[  0   4  30  44  51 136 138 148 151 182];16;16;15;7;0.024274349212646484
I;11;7.921396017074585;10;228.16040947529115;0.0;[  0   4  30  44  51  98 138 148 151 182];32;32;31;13;0.05029916763305664
I;12;11.950783014297485;10;225.55906867217107;21.53132981744422;[  0   4  30  44  51  98 138 148 151 182];62;63;62;28;0.1014857292175293
I;13;18.828736066818237;10;224.08942623156923;58.69924444183481;[  0   4  30  44  51  98 138 148 151 182];106;116;115;51;0.18884730339050293
I;14;29.751771926879883;10;223.58198587549063;73.27422287590221;[  0   4  30  44  51  98 138 148 151 182];162;197;196;83;0.3229546546936035
I;15;47.20343995094299;10;222.9003111904229;92.66142275309244;[  0   4  30  44  51  98 138 148 151 182];258;326;325;122;0.5348269939422607
I;16;74.67183804512024;10;222.4979161318979;113.20346869290407;[  0   4  30  44  51  98 138 148 151 182];398;525;524;206;0.8582136631011963
I;17;118.7081868648529;10;222.2929627969068;128.4085409491527;[  0   4  30  44  51  98 138 148 151 182];636;843;842;335;1.3740592002868652
I;18;190.13853096961975;10;222.14630809297051;142.96943787644025;[  0   4  30  44  51  98 138 148 151 182];1010;1348;1347;540;2.1967945098876953
I;19;307.45325684547424;10;222.04345489305956;156.32133452506946;[  0   4  30  44  51  98 138 148 151 182];1600;2148;2147;862;3.510698080062866
I;20;494.30624294281006;10;221.98867603305936;169.675934405693;[  0   4  30  44  51  98 138 148 151 182];2374;3335;3334;1353;5.4732396602630615
I;21;788.1473689079285;10;221.947420539401;179.02081410568076;[  0   4  30  44  51  98 138 148 151 182];3446;5058;5057;2087;8.345830917358398
I;22;1226.8533058166504;10;221.91438368287126;187.47575140362613;[  0   4  30  44  51  98 138 148 151 182];4794;7455;7454;3131;12.332003355026245
I;23;1899.4887969493866;10;221.8928709992048;194.4042544632575;[  0   4  30  44  51  98 138 148 151 182];6564;10737;10736;4625;17.796741247177124
I;24;2885.573975086212;10;221.87790818134837;200.63032832012857;[  0   4  30  44  51  98 138 148 151 182];8664;15069;15068;6560;25.099995374679565
