1;0.40163516998291016;10;296.0;0;[  0   1   2   3   4   5   6  80  86 111];1;1
2;0.8323969841003418;10;296.0;0.0;[  0   1   2   3   4   5   6  80  86 111];2;2
3;1.2971420288085938;10;296.0;0.0;[  0   1   2   3   4   5   6  80  86 111];4;4
4;1.8228530883789062;10;296.0;59.75;[  0   1   2   3  67  80  86 104 111 118];6;7
5;2.2496910095214844;10;295.0;59.75;[  0   1   2  67  80  86 103 104 111 118];7;7
6;2.6723921298980713;10;295.0;59.75;[  0   1  63  67  80  86 103 111 120 121];7;7
7;3.0938069820404053;10;295.0;59.75;[  0   1  63  67  80  86 103 104 111 118];7;7
8;3.512171983718872;10;295.0;59.75;[  0   1  46  63  80  86 103 104 111 118];7;7
9;4.116885185241699;10;293.25;130.5;[  0   1  46  63  80  86 103 104 111 118];8;11
10;4.829035043716431;10;293.25;168.375;[  0   1  46  80  86 103 104 111 118 123];12;17
11;5.276059150695801;10;293.25;168.375;[  0   1  46  67  68  80  86 103 111 123];17;17
12;6.1927032470703125;10;293.203125;225.125;[  0   1  46  67  80  86  93 103 104 111];14;24
13;7.45588493347168;10;292.935546875;204.03125;[  0   1  46  67  68  80  86 103 105 111];30;39
14;9.169925212860107;10;292.84375;247.22265625;[  0   1  46  67  68  80  86  98 103 111];36;57
15;9.662549257278442;10;292.8310546875;247.22265625;[  0   1  15  67  68  80  86  98 103 111];57;57
16;12.266408205032349;10;292.818359375;255.029296875;[  0   1  67  68  80  86  98 103 105 111];60;87
17;16.21878409385681;10;292.783203125;260.736328125;[  0   1  67  68  80  86  98 103 105 111];98;136
18;22.30500602722168;10;292.76165771484375;267.48876953125;[  0   1  67  68  80  86  98 103 105 111];156;214
19;31.98443627357483;10;292.75135803222656;272.2001953125;[  0   1  67  68  80  86  98 103 105 111];254;341
20;47.16618895530701;10;292.74058532714844;276.6263427734375;[  0   1  67  68  80  86  98 103 105 111];398;540
21;70.8006272315979;10;292.73299407958984;280.30174255371094;[  0   1  67  68  80  86  98 103 105 111];612;846
22;107.47218608856201;10;292.7277536392212;283.2063789367676;[  0   1  67  68  80  86  98 103 105 111];932;1312
23;164.74530601501465;10;292.72361946105957;285.50501918792725;[  0   1  67  68  80  86  98 103 105 111];1402;2013
24;251.75567507743835;10;292.72041177749634;287.4592704772949;[  0   1  67  68  80  86  98 103 105 111];2022;3024
25;384.20618510246277;10;292.7180182337761;288.9922864437103;[  0   1  67  68  80  86  98 103 105 111];2824;4436
25;570.2049381732941;10;292.7180182337761;290.14877742528915;[  0   1  67  68  80  86  98 103 105 111];0;6344
1;0.42142224311828613;10;296.0;0;[  0   1   2   3   4   5   6  80  86 111];1;1;0;0
2;0.902489185333252;10;296.0;0.0;[  0   1   2   3  67  80  86 104 111 118];2;2;1;1
3;1.3411073684692383;10;296.0;0.0;[  0   1   2  67  80  86 103 104 111 118];2;2;1;1
4;1.790419340133667;10;296.0;0.0;[  0   1  67  80  86  93 103 104 105 111];2;2;1;1
5;2.2836811542510986;10;293.6392754448785;0.0;[  0   1  67  80  86  93 103 104 105 111];4;4;3;2
6;2.8598620891571045;10;293.6392754448785;0.0;[  0   1  46  67  80  86  93 103 111 121];8;8;7;4
7;3.2902121543884277;10;293.6392754448785;0.0;[  0   1  46  67  68  80  86 103 111 121];8;8;7;4
8;4.003631114959717;10;293.6131090436663;203.11458333333337;[  0   1  32  67  68  80  86  98 103 111];10;13;12;7
9;4.918129205703735;10;292.9101382640526;207.6460622151693;[  0   1  32  67  68  80  86  98 103 111];16;21;20;9
10;6.244017124176025;10;292.8292381489087;207.6460622151693;[  0   1  67  68  80  86  98 103 105 111];32;37;36;15
11;8.247212171554565;10;292.7967024296278;212.30535677783115;[  0   1  67  68  80  86  98 103 105 111];54;64;63;29
12;11.35670018196106;10;292.77425397396064;218.27960022812007;[  0   1  67  68  80  86  98 103 105 111];90;109;108;51
13;16.388713359832764;10;292.764155613404;227.25149595494304;[  0   1  67  68  80  86  98 103 105 111];150;184;183;88
14;24.413900136947632;10;292.751427719268;232.448286706117;[  0   1  67  68  80  86  98 103 105 111];248;308;307;152
15;37.52142119407654;10;292.7419247572078;235.1309299740489;[  0   1  67  68  80  86  98 103 105 111];410;513;512;248
16;56.919082164764404;10;292.7337969978;239.5342680916416;[  0   1  67  68  80  86  98 103 105 111];584;805;804;384
17;85.97723126411438;10;292.72924866449466;242.9597677013192;[  0   1  67  68  80  86  98 103 105 111];840;1225;1224;579
18;128.48282122612;10;292.7260373348771;245.67934172787832;[  0   1  67  68  80  86  98 103 105 111];1164;1807;1806;871
19;189.5088541507721;10;292.72315332257017;247.86674561941103;[  0   1  67  68  80  86  98 103 105 111];1598;2606;2605;1273
20;277.3217861652374;10;292.7211938130675;249.9185892021728;[  0   1  67  68  80  86  98 103 105 111];2172;3692;3691;1821
21;404.07837104797363;10;292.71978959696;251.21747803790385;[  0   1  67  68  80  86  98 103 105 111];2924;5154;5153;2569
22;582.8832411766052;10;292.71874191521323;252.36575926351622;[  0   1  67  68  80  86  98 103 105 111];3892;7100;7099;3536
23;827.8052191734314;10;292.71799642658436;253.1560584265315;[  0   1  67  68  80  86  98 103 105 111];4914;9557;9556;4785
24;1145.8128201961517;10;292.582408480958;253.84107624839237;[  0   1  46  67  68  80  86  98 103 111];5940;12527;12526;6274
25;1199.9594280719757;10;292.7175252444928;253.84107624839237;[  0   1  67  68  80  86  98 103 105 111];12527;12527;12526;6274
26;1624.6797151565552;10;292.5281639987126;254.3375671061102;[  0   1  46  67  68  80  86  98 103 111];6966;16010;16009;8086
27;1661.3389701843262;10;292.520189700236;254.3375671061102;[  0   1  67  80  86  98 103 105 111 118];16010;16010;16009;8086
28;1765.5758471488953;10;292.52803354877915;254.3375671061102;[  0   1  46  67  68  80  86  98 103 111];16010;16010;16009;8086
29;2409.5821721553802;10;292.50729190512044;223.2530236582621;[  0   1  46  67  68  80  86  98 103 111];10394;21207;21206;11306
30;3470.5934619903564;10;292.71621439361087;234.85491413367015;[  0   1  67  68  80  86  98 103 105 111];16304;29359;29358;15225
31;3523.570020198822;10;292.499104081764;234.85491413367015;[  0   1  46  67  68  80  86  98 103 111];29359;29359;29358;15225
1;0.3812711238861084;10;296.0;0;[  0   1   2   3   4   5   6  80  86 111];1;1;0;0
2;0.8200728893280029;10;296.0;0.0;[  0   1   2   3  67  80  86 104 111 118];2;2;1;1
3;1.2185511589050293;10;296.0;0.0;[  0   1   2  67  80  86 103 104 111 118];2;2;1;1
4;1.6240150928497314;10;296.0;0.0;[  0   1  67  80  86  93 103 104 105 111];2;2;1;1
5;2.0997519493103027;10;293.6392754448785;0.0;[  0   1  67  80  86  93 103 104 105 111];4;4;3;2
6;2.6640539169311523;10;293.6392754448785;0.0;[  0   1  46  67  80  86  93 103 111 121];8;8;7;4
7;3.0798730850219727;10;293.6392754448785;0.0;[  0   1  46  67  68  80  86 103 111 121];8;8;7;4
8;3.783759117126465;10;293.6131090436663;203.11458333333337;[  0   1  32  67  68  80  86  98 103 111];10;13;12;7
9;4.665430068969727;10;292.9101382640526;207.6460622151693;[  0   1  32  67  68  80  86  98 103 111];16;21;20;9
10;5.976212978363037;10;292.8292381489087;207.6460622151693;[  0   1  67  68  80  86  98 103 105 111];32;37;36;15
11;7.93877911567688;10;292.7967024296278;212.30535677783115;[  0   1  67  68  80  86  98 103 105 111];54;64;63;29
12;11.01456904411316;10;292.77425397396064;218.27960022812007;[  0   1  67  68  80  86  98 103 105 111];90;109;108;51
13;15.981139898300171;10;292.764155613404;227.25149595494304;[  0   1  67  68  80  86  98 103 105 111];150;184;183;88
14;23.93001389503479;10;292.751427719268;232.448286706117;[  0   1  67  68  80  86  98 103 105 111];248;308;307;152
15;37.23232412338257;10;292.7419247572078;235.1309299740489;[  0   1  67  68  80  86  98 103 105 111];410;513;512;248
16;56.39306020736694;10;292.7337969978;239.5342680916416;[  0   1  67  68  80  86  98 103 105 111];584;805;804;384
17;85.20819306373596;10;292.72924866449466;242.9597677013192;[  0   1  67  68  80  86  98 103 105 111];840;1225;1224;579
18;127.39812994003296;10;292.7260373348771;245.67934172787832;[  0   1  67  68  80  86  98 103 105 111];1164;1807;1806;871
19;187.51266503334045;10;292.72315332257017;247.86674561941103;[  0   1  67  68  80  86  98 103 105 111];1598;2606;2605;1273
20;274.42315101623535;10;292.7211938130675;249.9185892021728;[  0   1  67  68  80  86  98 103 105 111];2172;3692;3691;1821
21;400.9552571773529;10;292.71978959696;251.21747803790385;[  0   1  67  68  80  86  98 103 105 111];2924;5154;5153;2569
22;578.61723279953;10;292.71874191521323;252.36575926351622;[  0   1  67  68  80  86  98 103 105 111];3892;7100;7099;3536
23;820.9592518806458;10;292.71799642658436;253.1560584265315;[  0   1  67  68  80  86  98 103 105 111];4914;9557;9556;4785
24;1138.785425901413;10;292.582408480958;253.84107624839237;[  0   1  46  67  68  80  86  98 103 111];5940;12527;12526;6274
25;1192.409273147583;10;292.7175252444928;253.84107624839237;[  0   1  67  68  80  86  98 103 105 111];12527;12527;12526;6274
26;1615.6174521446228;10;292.5281639987126;254.3375671061102;[  0   1  46  67  68  80  86  98 103 111];6966;16010;16009;8086
27;1652.1603400707245;10;292.520189700236;254.3375671061102;[  0   1  67  80  86  98 103 105 111 118];16010;16010;16009;8086
28;1755.9037990570068;10;292.52803354877915;254.3375671061102;[  0   1  46  67  68  80  86  98 103 111];16010;16010;16009;8086
29;2399.301786184311;10;292.50729190512044;223.2530236582621;[  0   1  46  67  68  80  86  98 103 111];10394;21207;21206;11306
30;3457.3971869945526;10;292.71621439361087;234.85491413367015;[  0   1  67  68  80  86  98 103 105 111];16304;29359;29358;15225
31;3510.0274980068207;10;292.499104081764;234.85491413367015;[  0   1  46  67  68  80  86  98 103 111];29359;29359;29358;15225
I;1;0.4296450614929199;10;296.0;0;[  0   1   2   3   4   5   6  80  86 111];1;1;0;0;0
I;2;0.9207279682159424;10;296.0;0.0;[  0   1   2   3  67  80  86 104 111 118];2;2;1;1;0.0014247894287109375
I;3;1.3664088249206543;10;296.0;0.0;[  0   1   2  67  80  86 103 104 111 118];2;2;1;1;0.0014247894287109375
I;4;1.8158488273620605;10;296.0;0.0;[  0   1  67  80  86  93 103 104 105 111];2;2;1;1;0.0014247894287109375
I;5;2.3419318199157715;10;293.6392754448785;0.0;[  0   1  67  80  86  93 103 104 105 111];4;4;3;2;0.004050254821777344
I;6;2.945161819458008;10;293.6392754448784;134.26605902777777;[  0   1  46  67  80  86  93 103 111 121];6;7;6;3;0.008083105087280273
I;7;3.414236068725586;10;293.6392754448784;134.26605902777777;[  0   1  46  67  68  80  86 103 111 121];7;7;6;3;0.008083105087280273
I;8;4.156998157501221;10;293.6131090436663;203.11458333333334;[  0   1  32  67  68  80  86  98 103 111];10;12;11;6;0.014768838882446289
I;9;5.090752840042114;10;292.91013826405253;207.64606221516928;[  0   1  32  67  68  80  86  98 103 111];16;20;19;8;0.025586843490600586
I;10;6.4541239738464355;10;292.8292381489087;207.64606221516928;[  0   1  67  68  80  86  98 103 105 111];32;36;35;14;0.047332763671875
I;11;8.505282878875732;10;292.7967024296278;212.30535677783112;[  0   1  67  68  80  86  98 103 105 111];54;63;62;28;0.08404135704040527
I;12;11.672701120376587;10;292.7742539739607;218.27960022812005;[  0   1  67  68  80  86  98 103 105 111];90;108;107;50;0.14534974098205566
I;13;16.647695064544678;10;292.76418477055705;227.31512446338056;[  0   1  67  68  80  86  98 103 105 111];144;180;179;85;0.2443714141845703
I;14;24.233793020248413;10;292.7515386089506;232.7745834013664;[  0   1  67  68  80  86  98 103 105 111];224;292;291;142;0.396914005279541
I;15;35.98362493515015;10;292.7424795277134;235.8783542269292;[  0   1  67  68  80  86  98 103 105 111];340;462;461;219;0.6297738552093506
I;16;52.56070804595947;10;292.7346251304566;240.64665873487806;[  0   1  67  68  80  86  98 103 105 111];456;690;689;324;0.9393932819366455
I;17;75.3253128528595;10;292.73054944294006;244.29437453757936;[  0   1  67  68  80  86  98 103 105 111];584;982;981;449;1.3299899101257324
I;18;105.77605080604553;10;292.7277712099701;247.61234126820443;[  0   1  67  68  80  86  98 103 105 111];732;1348;1347;625;1.8169372081756592
I;19;147.10310006141663;10;292.7128565905497;249.72793854721093;[  0   1  15  67  68  80  86  98 103 111];950;1823;1822;865;2.4468047618865967
I;20;152.86094307899475;10;292.72534926015345;249.72793854721093;[  0   1  67  68  80  86  98 103 105 111];1823;1823;1822;865;2.4468047618865967
I;21;208.6943600177765;10;292.7238785843308;251.6050354575922;[  0   1  67  68  80  86  98 103 105 111];1202;2424;2423;1166;3.24847412109375
I;22;280.66101002693176;10;292.72294874860415;252.93697774823457;[  0   1  67  68  80  86  98 103 105 111];1434;3141;3140;1550;4.21068000793457
I;23;368.49115204811096;10;292.7222831264187;253.84003181542639;[  0   1  67  68  80  86  98 103 105 111];1558;3920;3919;1970;5.261295318603516
I;24;472.4624948501587;10;292.72190375305934;254.51199867563545;[  0   1  67  68  80  86  98 103 105 111];1636;4738;4737;2425;6.370649576187134
I;25;589.214695930481;10;292.72169026644485;254.95654703930558;[  0   1  67  68  80  86  98 103 105 111];1544;5510;5509;2860;7.421501874923706
I;26;715.6086828708649;10;292.7215765076378;255.19384664864543;[  0   1  67  68  80  86  98 103 105 111];1376;6198;6197;3242;8.35768437385559
I;27;851.2193088531494;10;292.721499868628;255.34436574511292;[  0   1  67  68  80  86  98 103 105 111];1256;6826;6825;3618;9.214500904083252
I;28;991.6107361316681;10;292.7214562969667;255.43953187238344;[  0   1  67  68  80  86  98 103 105 111];1030;7341;7340;3935;9.926193952560425
I;29;1134.8917207717896;10;292.7214326385326;271.4148196637042;[  0   1  67  68  80  86  98 103 105 111];770;7726;7725;4176;10.452910900115967
I;30;1280.7508997917175;10;292.7214190085453;281.9788536135371;[  0   1  67  68  80  86  98 103 105 111];606;8029;8028;4357;10.867332458496094
I;31;1426.5613379478455;10;292.7214132057372;286.942259758489;[  0   1  67  68  80  86  98 103 105 111];434;8246;8245;4481;11.167027235031128
I;32;1572.6106688976288;10;292.7214096625291;289.7471891872817;[  0   1  67  68  80  86  98 103 105 111];298;8395;8394;4571;11.371671438217163
I;33;1717.6221280097961;10;292.72140824042407;289.7541113740122;[  0   1  67  68  80  86  98 103 105 111];216;8503;8502;4640;11.519455909729004
C;33;1858.9227349758148;10;292.72140824042407;291.11270487571784;[  0   1  67  68  80  86  98 103 105 111];0;8589;8588;4689;11.636735439300537
