1;0.3972508907318115;10;505.0;0;[  0   1   2   3  21  65  87  93 115 126];1;1
2;0.8259799480438232;10;505.0;0.0;[  0  19  21  65  82  86  87  93 115 126];1;1
3;1.2377369403839111;10;503.0;0.0;[  0  21  63  65  82  86  87  93 115 126];1;1
4;1.6556098461151123;10;494.0;0.0;[  0  19  48  63  65  86  87  93 115 126];1;1
5;2.0670289993286133;10;494.0;0.0;[  0  19  48  63  65  82  87  93 115 126];1;1
6;2.4915080070495605;10;494.0;0.0;[  0  19  21  63  65  82  87  93 115 126];1;1
7;2.9508540630340576;10;479.5;0.0;[  0  19  21  63  65  82  87  93 115 126];2;2
8;3.471129894256592;10;477.75;0.0;[  0  19  21  63  65  82  87  93 115 126];4;4
9;4.060104131698608;10;477.75;111.5;[  0  19  21  63  65  82  87  93 115 126];6;7
10;4.753110885620117;10;477.75;233.375;[  0  19  21  63  65  82  87  93 115 126];8;11
11;5.593259811401367;10;477.671875;293.6875;[  0  19  21  63  65  82  87  93 115 126];12;17
12;6.6333301067352295;10;477.58984375;354.546875;[  0  19  21  63  65  82  87  93 115 126];16;25
13;7.834846019744873;10;477.5;408.125;[  0  19  21  48  63  82  87  93 115 126];18;34
14;9.05289888381958;10;477.490234375;411.962890625;[  0  19  21  63  65  82  87  93 115 126];12;40
15;10.529046773910522;10;477.453125;438.9052734375;[  0  19  21  63  65  82  87  93 115 126];20;50
16;12.120289087295532;10;477.438232421875;460.03515625;[  0  19  21  63  65  82  87  93 115 126];18;59
17;13.824766159057617;10;477.4346923828125;469.60302734375;[  0  19  21  63  65  82  87  93 115 126];16;67
17;15.113245010375977;10;477.4346923828125;474.8275146484375;[  0  19  21  63  65  82  87  93 115 126];0;72
