1;0.41324901580810547;10;348.0;0;[ 0  1  2  3  4 32 37 49 56 78];1;1
2;0.834385871887207;10;291.0;0.0;[  0  32  33  37  49  56  60  78 192 228];1;1
3;1.2579619884490967;10;265.0;0.0;[  0   3  32  37  49  60  78 160 192 228];1;1
4;1.6792190074920654;10;259.0;0.0;[  0   3  33  37  49  56  60  76 160 228];1;1
5;2.099855899810791;10;259.0;0.0;[  0   3  33  49  56  60  76  78 160 228];1;1
6;2.527872085571289;10;258.0;0.0;[  0   3  32  56  60  76  78 160 179 228];1;1
7;3.0451488494873047;10;254.0;0.0;[  0   3  32  37  56  60  76  78 160 228];2;2
8;3.6585280895233154;10;253.375;0.0;[  0   3  32  37  56  60  76  78 160 228];4;4
9;4.380210876464844;10;252.75;64.375;[  0   3  32  37  56  60  76  78 160 228];6;7
10;5.244508981704712;10;252.65625;125.5625;[  0   3  32  37  56  60  76  78 160 228];8;11
11;6.290579080581665;10;252.46875;172.140625;[  0   3  32  37  56  60  76  78 160 228];10;16
12;7.604559898376465;10;252.44140625;195.984375;[  0   3  32  37  56  60  76  78 160 228];14;23
13;9.238090991973877;10;252.427734375;215.96875;[  0   3  32  37  56  60  76  78 160 228];18;32
14;11.250691890716553;10;252.393310546875;229.814453125;[  0   3  32  37  56  60  76  78 160 228];22;43
15;13.20366382598877;10;252.3885498046875;245.766845703125;[  0   3  32  37  56  60  76  78 160 228];12;49
16;15.106861114501953;10;252.38690185546875;250.2669677734375;[  0   3  32  37  56  60  76  78 160 228];6;52
17;17.000284910202026;10;252.386474609375;251.5142822265625;[  0   3  32  37  56  60  76  78 160 228];2;53
-1;;18.39168095588684;10;252.386474609375;251.76467895507812;[  0   3  32  37  56  60  76  78 160 228];0;53
