1;0.4013998508453369;10;386.0;0;[  0   1   2   3   4  14  33  55 107 171];1;1;0;0
2;0.8094489574432373;10;386.0;0.0;[  0   5  14  33  55 107 171 205 209 214];1;1;0;0
3;1.2229499816894531;10;373.0;0.0;[  4  14  33  55  86 107 171 205 209 214];1;1;0;0
4;1.639084815979004;10;357.0;0.0;[  0   4  14  15  55  86 171 199 209 214];1;1;0;0
5;2.055290937423706;10;352.0;0.0;[  2   4  14  15  55  86 171 199 209 214];1;1;0;0
6;2.4693760871887207;10;344.0;0.0;[  0   4  14  15  33  86 107 171 209 214];1;1;0;0
7;3.0856640338897705;10;339.0;0.0;[  4  14  15  33  86 107 110 171 209 214];2;2;0.09482908248901367;1
8;3.528451919555664;10;331.0;0.0;[ 14  15  33  86 100 107 111 171 205 214];2;2;0.09482908248901367;1
9;3.964622974395752;10;331.0;0.0;[ 14  15  33  86 100 107 111 171 209 214];2;2;0.09482908248901367;1
10;4.75754714012146;10;330.5;165.5;[  4  14  15  27  33  86 107 171 205 209];2;3;0.31637144088745117;3
11;5.643097877502441;10;330.0;246.0;[ 14  15  33  86 100 107 111 171 209 214];2;4;0.5858356952667236;6
12;6.630384922027588;10;330.0;248.25;[ 14  15  27  86 107 110 111 171 209 214];2;5;0.9384129047393799;10
13;7.7342469692230225;10;329.75;288.75;[ 14  15  27  86 107 110 111 171 209 214];2;6;1.3857011795043945;15
13;8.434203863143921;10;329.75;329.75;[ 14  15  27  86 107 110 111 171 209 214];0;6;1.9261560440063477;21
1;0.3954010009765625;10;386.0;0;[  0   1   2   3   4  14  33  55 107 171];1;1;0;0
2;0.812870979309082;10;386.0;0.0;[  0   5  14  33  55 107 171 205 209 214];1;1;0;0
3;1.2291491031646729;10;373.0;0.0;[  4  14  33  55  86 107 171 205 209 214];1;1;0;0
4;1.644176959991455;10;357.0;0.0;[  0   4  14  15  55  86 171 199 209 214];1;1;0;0
5;2.065264940261841;10;352.0;0.0;[  2   4  14  15  55  86 171 199 209 214];1;1;0;0
6;2.4917452335357666;10;344.0;0.0;[  0   4  14  15  33  86 107 171 209 214];1;1;0;0
7;3.1035921573638916;10;339.0;0.0;[  4  14  15  33  86 107 110 171 209 214];2;2;0.09584999084472656;1
8;3.547370195388794;10;331.0;0.0;[ 14  15  33  86 100 107 111 171 205 214];2;2;0.09584999084472656;1
9;3.9897611141204834;10;331.0;0.0;[ 14  15  33  86 100 107 111 171 209 214];2;2;0.09584999084472656;1
10;4.7911670207977295;10;330.5;165.5;[  4  14  15  27  33  86 107 171 205 209];2;3;0.3211710453033447;3
11;5.665960073471069;10;330.0;246.0;[ 14  15  33  86 100 107 111 171 209 214];2;4;0.593390941619873;6
12;6.662341117858887;10;330.0;248.25;[ 14  15  27  86 107 110 111 171 209 214];2;5;0.9495382308959961;10
13;7.770029067993164;10;329.75;288.75;[ 14  15  27  86 107 110 111 171 209 214];2;6;1.3998923301696777;15
13;8.471306085586548;10;329.75;329.75;[ 14  15  27  86 107 110 111 171 209 214];0;6;1.9404115676879883;21
1;0.3869459629058838;10;386.0;0;[  0   1   2   3   4  14  33  55 107 171];1;1;0;0
2;0.7935619354248047;10;386.0;0.0;[  0   5  14  33  55 107 171 205 209 214];1;1;0;0
3;1.2042078971862793;10;373.0;0.0;[  4  14  33  55  86 107 171 205 209 214];1;1;0;0
4;1.6129319667816162;10;357.0;0.0;[  0   4  14  15  55  86 171 199 209 214];1;1;0;0
5;2.0250189304351807;10;352.0;0.0;[  2   4  14  15  55  86 171 199 209 214];1;1;0;0
6;2.438422918319702;10;344.0;0.0;[  0   4  14  15  33  86 107 171 209 214];1;1;0;0
7;3.035511016845703;10;339.0;0.0;[  4  14  15  33  86 107 110 171 209 214];2;2;0.09760379791259766;1
8;3.469731092453003;10;331.0;0.0;[ 14  15  33  86 100 107 111 171 205 214];2;2;0.09760379791259766;1
9;3.903390884399414;10;331.0;0.0;[ 14  15  33  86 100 107 111 171 209 214];2;2;0.09760379791259766;1
10;4.71635103225708;10;330.5;165.5;[  4  14  15  27  33  86 107 171 205 209];2;3;0.3285396099090576;3
11;5.5923919677734375;10;330.0;246.0;[ 14  15  33  86 100 107 111 171 209 214];2;4;0.6025824546813965;6
12;6.588757038116455;10;330.0;248.25;[ 14  15  27  86 107 110 111 171 209 214];2;5;0.9595580101013184;10
13;7.699993133544922;10;329.75;288.75;[ 14  15  27  86 107 110 111 171 209 214];2;6;1.413306474685669;15
13;8.404891967773438;10;329.75;329.75;[ 14  15  27  86 107 110 111 171 209 214];0;6;1.9560556411743164;21
I;1;0.3919689655303955;10;386.0;0;[  0   1   2   3   4  14  33  55 107 171];1;1;0;0
I;2;0.790546178817749;10;386.0;0;[  0   5  14  33  55 107 171 205 209 214];1;1;0;0
I;3;1.201287031173706;10;373.0;0;[  4  14  33  55  86 107 171 205 209 214];1;1;0;0
I;4;1.6190769672393799;10;357.0;0;[  0   4  14  15  55  86 171 199 209 214];1;1;0;0
I;5;2.0268490314483643;10;352.0;0;[  2   4  14  15  55  86 171 199 209 214];1;1;0;0
I;6;2.44315505027771;10;344.0;0;[  0   4  14  15  33  86 107 171 209 214];1;1;0;0
I;7;2.8676679134368896;10;343.0;0;[  0   4  14  15  33  86 107 171 209 214];1;1;0;0
I;8;3.567617893218994;10;339.0;327.25;[  4  14  15  33  86 107 110 171 209 214];2;2;0.14771080017089844;1
I;9;4.013901948928833;10;331.0;327.25;[ 14  15  33  86 100 107 111 171 209 214];2;2;0.14771080017089844;1
C;9;4.534367799758911;10;331.0;328.5;[ 14  15  33  86 100 107 111 171 209 214];0;3;0.47866392135620117;3
