1;0.38918089866638184;10;182.0;0;[ 0  1  2  3  4  5 12 19 26 42];1;1
2;0.7933530807495117;10;182.0;0.0;[  0   1   2  12  13  19  26  42  49 127];1;1
3;1.2045190334320068;10;143.0;0.0;[  0   1  11  12  13  19  26  42  49 127];1;1
4;1.6345748901367188;10;143.0;0.0;[  0   1  11  12  13  19  26  42  49 127];2;2
5;2.078990936279297;10;143.0;71.5;[  0   1  11  12  13  19  26  42  49 127];2;3
6;2.5511651039123535;10;143.0;107.25;[  0   1  11  12  13  19  26  42  49 127];2;4
7;3.033184051513672;10;143.0;125.125;[  0   1  11  12  13  19  26  42  49 127];2;5
8;3.5247480869293213;10;143.0;134.0625;[  0   1  11  12  13  19  26  42  49 127];2;6
9;4.0451819896698;10;143.0;138.53125;[  0  11  13  14  26  42  49 120 121 122];2;7
10;4.489868879318237;10;143.0;138.53125;[  0   1  11  13  26  42 121 122 123 127];7;7
10;4.601907014846802;10;143.0;143.0;[  0   1  11  13  26  42 121 122 123 127];0;7
