I;1;0.0009329319000244141;10;1000000.0;0;[0 1 2 3 4 5 6 7 8 9];1;1;0;0;0
I;2;0.01780104637145996;10;251.0;0;[  0   1   2   3   4   5   6   8  96 154];1;1;0;0;0
I;3;0.03339886665344238;10;238.0;0;[  0   1   2   3   4   8  12  96 154 212];1;1;0;0;0
I;4;0.04916572570800781;10;238.0;0;[  0   1   2   5   8  12  96 154 212 287];1;1;0;0;0
I;5;0.06485390663146973;10;238.0;0;[  0   5   8  12  73  96 146 154 195 212];1;1;0;0;0
I;6;0.20712590217590332;10;238.0;147.03776978417267;[  0   5   8  12  96 118 146 154 212 288];2;2;1;1;0.0036191940307617188
I;7;0.46872878074645996;10;231.27586206896555;190.22742495658647;[  0   5  12  96 146 154 212 287 357 358];4;4;3;3;0.009958505630493164
I;8;0.49265003204345703;10;231.27586206896555;190.22742495658647;[  0   5  12  25  96 146 154 212 287 357];4;4;3;3;0.009958505630493164
I;9;0.5167648792266846;10;231.27586206896555;190.22742495658647;[  0   5   8  12  96 146 154 212 287 364];4;4;3;3;0.009958505630493164
I;10;0.5402240753173828;10;231.27586206896555;190.22742495658647;[  0   5   8  12  25  96 154 195 212 287];4;4;3;3;0.009958505630493164
I;11;0.5640819072723389;10;231.27586206896555;190.22742495658647;[  0   5  12  25  96 146 154 167 212 287];4;4;3;3;0.009958505630493164
I;12;0.5899388790130615;10;231.27586206896555;190.22742495658647;[  0   5   8  12  96 118 146 154 212 287];4;4;3;3;0.009958505630493164
I;13;1.1176478862762451;10;231.2758620689656;210.6819829152675;[  0   1   5  12  96 118 146 154 212 287];8;8;7;5;0.023715734481811523
I;14;1.152554988861084;10;230.1896423049971;210.6819829152675;[  0   5   8  12  96 118 146 154 212 287];8;8;7;5;0.023715734481811523
I;15;2.078742742538452;10;230.0;218.44335012529547;[  0   1   5   8  12  96 118 154 212 287];14;15;14;7;0.04720711708068848
I;16;2.128605842590332;10;229.0689655172414;218.44335012529547;[  0   1   5  12  96 118 146 154 212 287];15;15;14;7;0.04720711708068848
I;17;2.179130792617798;10;229.0262039908433;218.44335012529547;[  0   1   5   8  12  96 146 154 212 287];15;15;14;7;0.04720711708068848
I;18;2.2292678356170654;10;228.85471943901624;218.44335012529547;[  0   5   8  12  96 118 146 154 212 287];15;15;14;7;0.04720711708068848
I;19;3.703143835067749;10;227.89203126650267;222.79722343878603;[  0   5   8  12  96 118 146 154 212 287];20;25;24;13;0.08043384552001953
I;20;5.049450874328613;10;227.36737084695187;224.68508583915215;[  0   1   5  12  96 118 146 154 212 287];30;40;39;22;0.13056325912475586
I;21;5.155223846435547;10;227.31500658834216;224.68508583915215;[  1   5   8  12  96 118 146 154 212 287];40;40;39;22;0.13056325912475586
I;22;5.259559869766235;10;227.14750511606942;224.68508583915215;[  0   5   8  12  96 118 146 154 212 287];40;40;39;22;0.13056325912475586
C;22;8.445359945297241;10;227.14750511606942;225.78423076727532;[  0   5   8  12  96 118 146 154 212 287];0;59;58;30;0.1925649642944336
