I;1;0.0051767826080322266;10;1000000.0;0;[0 1 2 3 4 5 6 7 8 9];1;1;0;0;0
I;2;0.01314091682434082;10;318.0;0;[  0   1   2   3  31  54  82  86  93 109];1;1;0;0;0
I;3;0.022896766662597656;10;318.0;0;[  0  30  31  40  46  54  82  86  93 109];1;1;0;0;0
I;4;0.03171586990356445;10;302.0;0;[  0  30  31  46  51  53  54  82  93 109];1;1;0;0;0
I;5;0.04165196418762207;10;298.0;0;[  0  30  31  40  51  53  54  59  82 109];1;1;0;0;0
I;6;0.051448822021484375;10;291.0;0;[  0  30  31  46  51  53  54  59  82 109];1;1;0;0;0
I;7;0.10650801658630371;10;291.0;263.0;[  0  30  31  46  51  53  54  59  82 109];2;2;0;0;0.0009169578552246094
I;8;0.19115281105041504;10;284.0;274.125;[  0  30  31  33  46  51  53  54  82 109];4;4;0;0;0.002724885940551758
I;9;0.20624780654907227;10;284.0;274.125;[  0   2  30  31  46  51  53  54  82 109];4;4;0;0;0.002724885940551758
I;10;0.42282867431640625;10;283.0;277.25;[  0   2  30  31  34  46  51  54  82 109];8;8;0;0;0.006708621978759766
I;11;0.443756103515625;10;283.0;277.25;[  0   2  30  31  46  51  54  67  82 109];8;8;0;0;0.006708621978759766
I;12;0.46494078636169434;10;282.65625;277.25;[  0   2  30  31  46  51  53  54  82 109];8;8;0;0;0.006708621978759766
I;13;0.7905998229980469;10;282.4140625;278.765625;[  0   2  30  31  46  51  53  54  82 109];10;13;0;0;0.010980606079101562
I;14;0.8926427364349365;10;282.28125;278.94921875;[  0   2  30  31  46  51  54  82  93 109];15;15;0;0;0.012672662734985352
I;15;0.9434471130371094;10;282.267578125;278.94921875;[  0   2  31  40  46  51  53  54  82 109];15;15;0;0;0.012672662734985352
I;16;1.2658469676971436;10;282.25;279.07421875;[  0  31  34  40  46  51  53  54  82 109];17;17;0;0;0.014421463012695312
I;17;1.298412799835205;10;282.25;279.07421875;[  0  30  31  34  46  51  53  54  82 109];17;17;0;0;0.014421463012695312
I;18;1.3341917991638184;10;282.142578125;279.07421875;[  0   2  30  31  46  51  53  54  82 109];17;17;0;0;0.014421463012695312
I;19;1.6481437683105469;10;282.140625;279.15234375;[  0  30  31  34  46  51  53  54  82 109];18;18;0;0;0.015347480773925781
I;20;1.9690897464752197;10;282.080078125;279.15234375;[  0   2  30  31  46  51  53  54  82 109];19;19;0;0;0.01616644859313965
I;21;2.3129847049713135;10;282.0673828125;279.20703125;[  0   2  30  31  46  51  53  54  82 109];19;20;0;0;0.01701974868774414
I;22;2.6619348526000977;10;282.046875;279.23828125;[  0  31  34  40  46  51  53  54  82 109];21;21;0;0;0.01784372329711914
C;22;2.6954498291015625;10;282.046875;279.23828125;[  0  31  34  40  46  51  53  54  82 109];0;21;0;0;0.01784372329711914
I;1;0.004943132400512695;10;1000000.0;0;[0 1 2 3 4 5 6 7 8 9];1;1;0;0;0
I;2;0.012331962585449219;10;318.0;0;[  0   1   2   3  31  54  82  86  93 109];1;1;0;0;0
I;3;0.021903038024902344;10;318.0;0;[  0  30  31  40  46  54  82  86  93 109];1;1;0;0;0
I;4;0.030477046966552734;10;302.0;0;[  0  30  31  46  51  53  54  82  93 109];1;1;0;0;0
I;5;0.04076814651489258;10;298.0;0;[  0  30  31  40  51  53  54  59  82 109];1;1;0;0;0
I;6;0.049751996994018555;10;291.0;0;[  0  30  31  46  51  53  54  59  82 109];1;1;0;0;0
I;7;0.11324810981750488;10;284.0;274.8095238095238;[  0   2  30  31  46  51  53  54  82 109];2;2;0;0;0
I;8;0.22536802291870117;10;283.0;277.99047619047616;[  0   2  30  31  46  51  54  64  82 109];4;4;0;0;0
I;9;0.2392561435699463;10;282.6702380952381;277.99047619047616;[  0  30  31  46  51  53  54  82  93 109];4;4;0;0;0
I;10;0.25396108627319336;10;282.427380952381;277.99047619047616;[  0   2  30  31  46  51  54  67  82 109];4;4;0;0;0
I;11;0.2697451114654541;10;282.3702380952381;277.99047619047616;[  0   2  31  40  46  51  53  54  82 109];4;4;0;0;0
I;12;0.449207067489624;10;282.1913095238095;278.9198809523809;[  0   2  30  31  46  51  53  54  82 109];6;7;0;0;0
I;13;0.6029291152954102;10;282.1952380952381;279.03817261904754;[  0  30  31  46  51  53  54  59  82 109];8;8;0;0;0
I;14;0.7710080146789551;10;282.1599970238101;279.03817261904754;[  0   2  31  40  46  51  53  54  82 109];9;9;0;0;0
I;15;1.0145211219787598;10;282.13312760416665;279.1153210565476;[  0   2  31  40  46  51  53  54  82 109];10;11;0;0;0
I;16;1.2262821197509766;10;282.02797945601844;279.16132337136236;[  0   2  31  40  46  51  53  54  82 109];12;12;0;0;0
C;16;1.4442241191864014;10;282.02797945601844;279.3913349454364;[  0   2  31  40  46  51  53  54  82 109];0;13;0;0;0
