I;1;0.007036924362182617;10;1000000.0;0;[0 1 2 3 4 5 6 7 8 9];1;1;0;0;0
I;2;0.03073906898498535;10;250.0;0;[  0   1   2   3  34  63 107 198 211 357];1;1;0;0;0
I;3;0.051924943923950195;10;237.0;0;[  3  34  63 111 198 211 270 308 327 357];1;1;0;0;0
I;4;0.07480096817016602;10;233.0;0;[  3  34  63  72 107 111 198 270 308 357];1;1;0;0;0
I;5;0.09706878662109375;10;230.0;0;[  3  34  54  63  72 111 198 270 308 357];1;1;0;0;0
I;6;0.12086296081542969;10;223.0;0;[  1   3  34  54  63 111 177 198 308 357];1;1;0;0;0
I;7;0.1450366973876953;10;216.0;0;[  1  34  63  91 111 177 198 288 308 357];1;1;0;0;0
I;8;0.17074203491210938;10;216.0;0;[  3  63  91 107 111 177 198 211 308 357];1;1;0;0;0
I;9;0.19619989395141602;10;216.0;0;[  3  34  63  91 111 177 198 211 308 357];1;1;0;0;0
I;10;0.22147202491760254;10;216.0;0;[  1  34  63  91 111 177 198 211 308 357];1;1;0;0;0
I;11;0.645953893661499;10;216.0;161.5;[ 34  63  91 111 177 198 211 270 308 357];1;4;0;0;0.0029168128967285156
I;12;0.6854977607727051;10;216.0;161.5;[  3  16  34  54  63  72 111 211 308 357];4;4;0;0;0.0029168128967285156
I;13;0.7256028652191162;10;215.375;161.5;[  3  16  34  53  54  63 111 211 308 357];4;4;0;0;0.0029168128967285156
I;14;0.7836308479309082;10;214.625;161.5;[  1   3  16  34  63  91 111 211 308 357];4;4;0;0;0.0029168128967285156
I;15;0.8344557285308838;10;213.0;161.5;[  1  16  34  63 107 111 198 211 308 357];4;4;0;0;0.0029168128967285156
I;16;0.8850131034851074;10;213.0;161.5;[  1   3   4  16  63 111 198 211 308 357];4;4;0;0;0.0029168128967285156
I;17;2.241806745529175;10;212.15625;181.15625;[  1   3   4  16  63 111 198 211 308 357];4;13;0;0;0.01159358024597168
I;18;2.676121950149536;10;212.0;183.59375;[  3  53  54  63 107 111 198 211 308 357];4;16;0;0;0.014141559600830078
I;19;2.779412031173706;10;210.875;183.59375;[  1   3  16  34  54  63 111 211 308 357];16;16;0;0;0.014141559600830078
I;20;2.8726160526275635;10;210.875;183.59375;[  1  34  54  63 111 177 198 211 308 357];16;16;0;0;0.014141559600830078
I;21;2.967291831970215;10;209.625;183.59375;[  1   3   4  63 111 177 198 211 308 357];16;16;0;0;0.014141559600830078
I;22;3.7675700187683105;10;209.34375;185.0859375;[  1  34  63 111 177 198 211 270 308 357];16;20;0;0;0.018038272857666016
I;23;3.9091877937316895;10;209.1875;185.0859375;[  1   3  54  63 107 111 198 211 308 357];20;20;0;0;0.018038272857666016
I;24;4.0570008754730225;10;209.0;185.0859375;[  1   3  34  54  63 111 177 198 308 357];20;20;0;0;0.018038272857666016
I;25;4.202179908752441;10;209.0;185.0859375;[  0   1   4  16  34  63 111 211 308 357];20;20;0;0;0.018038272857666016
I;26;4.364255905151367;10;209.0;185.0859375;[  1   4  16  34  63 111 211 270 308 357];20;20;0;0;0.018038272857666016
I;27;4.545698881149292;10;208.625;185.0859375;[  1   3  58  63 111 177 198 211 308 357];20;20;0;0;0.018038272857666016
I;28;4.703023910522461;10;208.625;185.0859375;[  0   1   3  63 111 177 198 211 308 357];20;20;0;0;0.018038272857666016
I;29;4.902666091918945;10;208.125;185.0859375;[  1  16  34  63 111 138 211 270 308 357];20;20;0;0;0.018038272857666016
I;30;5.51482081413269;10;208.09375;185.0859375;[  1   3   4  63 111 177 198 211 308 357];20;22;0;0;0.020127296447753906
I;31;6.229957818984985;10;208.0078125;185.8984375;[  1  16  63 107 111 198 211 270 308 357];22;25;0;0;0.023281574249267578
I;32;6.451228857040405;10;207.96875;185.8984375;[  0   1  16  34  63 111 143 211 308 357];25;25;0;0;0.023281574249267578
I;33;7.624544858932495;10;207.90625;188.7578125;[  0   1  16  34  63 111 211 270 308 357];25;30;0;0;0.02853560447692871
I;34;7.855637788772583;10;207.8203125;188.7578125;[ 34  54  63 111 177 198 211 270 308 357];30;30;0;0;0.02853560447692871
I;35;8.114512920379639;10;207.4765625;188.7578125;[  0   1   3  63 111 177 198 211 308 357];30;30;0;0;0.02853560447692871
I;36;8.36181092262268;10;207.3125;188.7578125;[  1  16  34  54  63 111 189 198 308 357];30;30;0;0;0.02853560447692871
I;37;8.611644983291626;10;207.21875;188.7578125;[  0   1  63 111 177 198 211 270 308 357];30;30;0;0;0.02853560447692871
I;38;8.864480018615723;10;207.21875;188.7578125;[  0   1   4  16  34  63 111 211 308 357];30;30;0;0;0.02853560447692871
I;39;10.95533800125122;10;207.2109375;190.45703125;[  0   1  16  34  63 111 211 270 308 357];30;39;0;0;0.038454532623291016
I;40;11.229867696762085;10;207.1796875;190.45703125;[  1   3  16  34  54  63 111 211 308 357];39;39;0;0;0.038454532623291016
I;41;11.491719961166382;10;207.1640625;190.45703125;[  0   1  16  63 111 198 211 270 308 357];39;39;0;0;0.038454532623291016
I;42;11.755178928375244;10;207.09375;190.45703125;[  0   1   4  63 111 177 198 211 308 357];39;39;0;0;0.038454532623291016
I;43;12.028097867965698;10;207.0;190.45703125;[  4  16  34  54  63 111 198 211 308 357];39;39;0;0;0.038454532623291016
I;44;12.31242299079895;10;207.0;190.45703125;[  0  16  34  54  63 111 198 211 308 357];39;39;0;0;0.038454532623291016
I;45;12.615225791931152;10;206.89453125;190.45703125;[  0   1   4  63 111 177 198 211 308 357];39;39;0;0;0.038454532623291016
I;46;16.52632188796997;10;206.828125;191.58984375;[  1   3   4  63 111 177 198 211 308 357];39;58;0;0;0.05828213691711426
I;47;16.85177993774414;10;206.828125;191.58984375;[  1   3   4  63 107 111 198 211 308 357];58;58;0;0;0.05828213691711426
I;48;17.203561067581177;10;206.7578125;191.58984375;[  1   3   4  63 111 177 198 211 308 357];58;58;0;0;0.05828213691711426
I;49;17.73168182373047;10;206.75390625;191.6484375;[  0   1   4  63 111 177 198 211 308 357];58;59;0;0;0.05930018424987793
I;50;19.244398832321167;10;206.7421875;192.2734375;[  1  16  63 107 111 198 211 270 308 357];59;65;0;0;0.06557917594909668
I;51;19.582618951797485;10;206.69140625;192.2734375;[  0   1   4  16  34  63 111 211 308 357];65;65;0;0;0.06557917594909668
I;52;19.943784952163696;10;206.658203125;192.2734375;[  1   3   4  63 111 177 198 211 308 357];65;65;0;0;0.06557917594909668
I;53;20.277801036834717;10;206.65234375;192.2734375;[  1   3   4  63 111 177 198 211 308 357];65;65;0;0;0.06557917594909668
I;54;21.81537699699402;10;206.63671875;192.40234375;[  1  16  63 111 138 198 211 270 308 357];65;71;0;0;0.07164716720581055
I;55;22.211477041244507;10;206.626953125;192.40234375;[  0   1   4  63 111 177 198 211 308 357];71;71;0;0;0.07164716720581055
I;56;22.785594940185547;10;206.625;192.53515625;[  1   4  16  34  63 111 211 270 308 357];71;72;0;0;0.0726473331451416
I;57;23.156296014785767;10;206.625;192.53515625;[  1  16  34  58  63 111 211 270 308 357];72;72;0;0;0.0726473331451416
I;58;23.545578002929688;10;206.580078125;192.53515625;[  0   1   4  63 111 177 198 211 308 357];72;72;0;0;0.0726473331451416
I;59;30.688994884490967;10;206.580078125;193.888671875;[  0   1   4  16  63 111 198 211 308 357];72;108;0;0;0.10917139053344727
I;60;31.159849882125854;10;206.439453125;193.888671875;[  0   1   4  16  63 111 198 211 308 357];108;108;0;0;0.10917139053344727
I;61;32.146726846694946;10;206.41455078125;194.087890625;[  0   1   4  16  63 111 198 211 308 357];108;111;0;0;0.11201763153076172
I;62;34.20762491226196;10;206.40429687500014;194.2001953125;[  0   1  63 111 177 198 211 270 308 357];108;119;0;0;0.11989307403564453
I;63;34.73352885246277;10;206.40429687500003;194.2001953125;[  0   1  16  63 111 198 211 270 308 357];119;119;0;0;0.11989307403564453
I;64;35.31691074371338;10;206.3828125;194.2001953125;[  0   1  34  63 111 177 198 211 308 357];119;119;0;0;0.11989307403564453
I;65;35.85393786430359;10;206.3828125;194.2001953125;[  0   1  16  34  63 111 198 211 308 357];119;119;0;0;0.11989307403564453
I;66;36.38329601287842;10;206.3535156250007;194.2001953125;[  1   3   4  63 111 177 198 211 308 357];119;119;0;0;0.11989307403564453
I;67;36.91498398780823;10;206.35205078125045;194.2001953125;[  1   4  63 111 138 177 198 211 308 357];119;119;0;0;0.11989307403564453
I;68;37.47278809547424;10;206.35205078125;194.2001953125;[  1   4   9  16  63 111 198 211 308 357];119;119;0;0;0.11989307403564453
I;69;38.61667275428772;10;206.30517578125;194.3212890625;[  1   3   4  16  63 111 198 211 308 357];119;122;0;0;0.12314224243164062
I;70;39.167722940444946;10;206.28173828125;194.3212890625;[  1   3   4  16  63 111 198 211 308 357];122;122;0;0;0.12314224243164062
I;71;41.75907588005066;10;206.28173828125;194.5966796875;[  1   4  63 111 138 177 198 211 308 357];122;132;0;0;0.13358783721923828
I;72;42.32449698448181;10;206.28173828125;194.5966796875;[  0   1   4  16  63 111 198 211 308 357];132;132;0;0;0.13358783721923828
I;73;48.29597806930542;10;206.26953125;194.90234375;[  1   9  16  34  63 111 211 270 308 357];132;162;0;0;0.16288995742797852
I;74;48.90009593963623;10;206.25830078125068;194.90234375;[  0   1   4  63 111 177 198 211 308 357];162;162;0;0;0.16288995742797852
I;75;53.60832071304321;10;206.232421875;195.291015625;[  1  16  34  58  63 111 143 211 308 357];162;186;0;0;0.1854548454284668
I;76;54.34311294555664;10;206.2319335937502;195.291015625;[  1   3   4  16  34  63 111 211 308 357];186;186;0;0;0.1854548454284668
I;77;55.07413101196289;10;206.2319335937502;195.291015625;[  1   3   4  63 111 177 198 211 308 357];186;186;0;0;0.1854548454284668
I;78;55.78427600860596;10;206.1484375;195.291015625;[ 34  54  58  63 111 177 198 211 308 357];186;186;0;0;0.1854548454284668
I;79;56.59551787376404;10;206.04101562500023;195.291015625;[  1   9  16  63 111 198 211 270 308 357];186;186;0;0;0.1854548454284668
I;80;57.343559980392456;10;206.025390625;195.291015625;[  1  63 111 138 177 198 211 270 308 357];186;186;0;0;0.1854548454284668
I;81;58.07990002632141;10;206.00537109375026;195.291015625;[  1   3   4  63 111 177 198 211 308 357];186;186;0;0;0.1854548454284668
I;82;60.16530799865723;10;206.0;195.4921875;[  0   3  34  54  63  72 111 198 308 357];186;192;0;0;0.1917400360107422
I;83;60.95730781555176;10;206.0;195.4921875;[  0   1   3   4  63 111 198 211 308 357];192;192;0;0;0.1917400360107422
I;84;61.76528787612915;10;206.0;195.4921875;[  1   3  54  63 111 198 211 270 308 357];192;192;0;0;0.1917400360107422
I;85;62.535236835479736;10;206.0;195.4921875;[  1   3   4  58  63 111 198 211 308 357];192;192;0;0;0.1917400360107422
I;86;63.34100389480591;10;206.0;195.4921875;[  0   1   3  34  58  63 111 198 308 357];192;192;0;0;0.1917400360107422
I;87;64.17713189125061;10;205.99023437500068;195.4921875;[  0   1   3  63 111 198 211 270 308 357];192;192;0;0;0.1917400360107422
I;88;65.0204598903656;10;205.978515625;195.4921875;[  0   1   4  16  34  63 111 211 308 357];192;192;0;0;0.1917400360107422
I;89;65.82206892967224;10;205.97265625;195.4921875;[  1   3   9  63 107 111 143 198 308 357];192;192;0;0;0.1917400360107422
I;90;66.6720609664917;10;205.96533203125;195.4921875;[  1   4   9  63 111 177 198 211 308 357];192;192;0;0;0.1917400360107422
I;91;67.49703574180603;10;205.93603515625;195.4921875;[  1   4   9  63 111 177 198 211 308 357];192;192;0;0;0.1917400360107422
I;92;68.62381482124329;10;205.931884765625;195.52734375;[  1   4   9  63 111 177 198 211 308 357];192;193;0;0;0.19278788566589355
I;93;72.3193109035492;10;205.93017578125;195.619140625;[  0   1   4  16  63 111 198 211 308 357];192;207;0;0;0.20734834671020508
I;94;73.12791395187378;10;205.90185546875;195.619140625;[  0   1  63 111 177 198 211 270 308 357];207;207;0;0;0.20734834671020508
I;95;73.91409683227539;10;205.89233398437568;195.619140625;[  0   1   4  63 111 177 198 211 308 357];207;207;0;0;0.20734834671020508
I;96;74.96703481674194;10;205.880859375;195.62890625;[  0   1   4  63 111 177 198 211 308 357];207;208;0;0;0.20833325386047363
I;97;77.16686177253723;10;205.875;195.8662109375;[  1  16  63 111 198 211 270 308 349 357];207;216;0;0;0.21616363525390625
I;98;78.0267448425293;10;205.875;195.8662109375;[  1   4  16  58  63 111 198 211 308 357];216;216;0;0;0.21616363525390625
I;99;78.87122988700867;10;205.85205078125082;195.8662109375;[  0   1  63 111 177 198 211 270 308 357];216;216;0;0;0.21616363525390625
I;100;79.76016068458557;10;205.828125;195.8662109375;[  1   4   9  63 111 177 198 211 308 357];216;216;0;0;0.21616363525390625
I;101;81.41391181945801;10;205.828125;195.8759765625;[  1  34  58  63 111 177 198 211 308 357];216;220;0;0;0.22019076347351074
I;102;82.33557677268982;10;205.823974609375;195.8759765625;[  0   1   4  63 111 177 198 211 308 357];220;220;0;0;0.22019076347351074
I;103;84.34574484825134;10;205.79443359375;195.8759765625;[  1   3   4  63 111 177 198 211 308 357];220;226;0;0;0.22644782066345215
I;104;85.27532386779785;10;205.782958984375;195.8759765625;[  1   4   9  63 111 177 198 211 308 357];226;226;0;0;0.22644782066345215
I;105;88.32679986953735;10;205.77880859375;195.8759765625;[  1   4   9  63 111 177 198 211 308 357];226;237;0;0;0.23786401748657227
I;106;100.7133059501648;10;205.7353515625;195.91015625;[  0   1   3  63 111 177 198 211 308 357];226;300;0;0;0.2982292175292969
I;107;101.75468182563782;10;205.735107421875;195.91015625;[  1   3   4  63 111 177 198 211 308 357];300;300;0;0;0.2982292175292969
I;108;102.78978490829468;10;205.693115234375;195.91015625;[  0   1  63 111 177 198 211 270 308 357];300;300;0;0;0.2982292175292969
I;109;103.96307492256165;10;205.64892578125;195.91015625;[  1   4   9  63 111 177 198 211 308 357];300;300;0;0;0.2982292175292969
I;110;108.42833995819092;10;205.64892578125074;196.08056640625;[  0   1   4  63 111 177 198 211 308 357];300;319;0;0;0.3168985843658447
I;111;109.61203694343567;10;205.62500000000028;196.08056640625;[  1   3  63 111 177 198 211 270 308 357];319;319;0;0;0.3168985843658447
I;112;110.74856996536255;10;205.6240234375;196.08056640625;[  1  63 111 138 177 198 211 270 308 357];319;319;0;0;0.3168985843658447
I;113;111.94398498535156;10;205.62402343750017;196.08056640625;[  0   1  63 111 177 198 211 270 308 357];319;319;0;0;0.3168985843658447
I;114;113.45111584663391;10;205.61474609375;196.08251953125;[  0   1  16  63 111 198 211 270 308 357];319;320;0;0;0.31791067123413086
I;115;114.67677283287048;10;205.6005859375;196.08251953125;[  1  63 111 138 177 198 211 270 308 357];320;320;0;0;0.31791067123413086
I;116;115.9256808757782;10;205.6005859375;196.08251953125;[  0   1  63 111 177 198 211 270 308 357];320;320;0;0;0.31791067123413086
I;117;119.19488000869751;10;205.5771484375;196.260986328125;[  1   3   4  16  63 111 198 211 308 357];320;329;0;0;0.32682156562805176
I;118;120.31704688072205;10;205.5771484375002;196.260986328125;[  1   3   4  63 111 177 198 211 308 357];329;329;0;0;0.32682156562805176
I;119;121.53512787818909;10;205.56689453125074;196.260986328125;[  0   1   4  63 111 177 198 211 308 357];329;329;0;0;0.32682156562805176
I;120;135.05124473571777;10;205.564208984375;196.40869140625;[  0   1   4  16  63 111 198 211 308 357];329;399;0;0;0.3946077823638916
I;121;136.3208088874817;10;205.53076171875;196.40869140625;[  0   1  63 111 177 198 211 270 308 357];399;399;0;0;0.3946077823638916
I;122;137.69972586631775;10;205.517578125;196.40869140625;[  1   3   4  34  63  91 111 198 308 357];399;399;0;0;0.3946077823638916
I;123;139.13470602035522;10;205.4375000000001;196.40869140625;[  1   3   4  63 111 177 198 211 308 357];399;399;0;0;0.3946077823638916
I;124;140.4824938774109;10;205.35400390625074;196.40869140625;[  0   1   4  63 111 177 198 211 308 357];399;399;0;0;0.3946077823638916
I;125;150.21530508995056;10;205.3165283203125;196.62109375;[  0   1  63 111 177 198 211 270 308 357];399;444;0;0;0.4380829334259033
I;126;151.75185799598694;10;205.314453125;196.62109375;[  1   3  63 111 143 177 198 211 308 357];444;444;0;0;0.4380829334259033
I;127;153.24859881401062;10;205.3125;196.62109375;[  0   1  63 111 177 198 211 270 308 357];444;444;0;0;0.4380829334259033
I;128;157.02840614318848;10;205.3041992187508;196.62109375;[  0   1   4  63 111 177 198 211 308 357];444;454;0;0;0.4481186866760254
I;129;158.60835695266724;10;205.29931640625;196.62109375;[  0   1   4  63 111 177 198 211 308 357];454;454;0;0;0.4481186866760254
I;130;175.74183773994446;10;205.29736328125088;196.90771484375;[  1   3   4  63 111 177 198 211 308 357];454;541;0;0;0.5288128852844238
I;131;177.45409274101257;10;205.2958984375;196.90771484375;[  0   1  16  63 111 198 211 270 308 357];541;541;0;0;0.5288128852844238
I;132;179.28991174697876;10;205.247314453125;196.90771484375;[  1   3   4  63 111 177 198 211 308 357];541;541;0;0;0.5288128852844238
I;133;181.63408279418945;10;205.239501953125;196.94677734375;[  1   3   4  63 111 177 198 211 308 357];541;543;0;0;0.5308058261871338
I;134;193.3565628528595;10;205.220703125;197.6929931640625;[  0   1  63 111 177 198 211 270 308 357];541;595;0;0;0.5804822444915771
I;135;195.29565906524658;10;205.2171630859383;197.6929931640625;[  0   1   4  63 111 177 198 211 308 357];595;595;0;0;0.5804822444915771
I;136;197.33802890777588;10;205.14453125;197.6929931640625;[  1   3  63 107 111 143 198 211 308 357];595;595;0;0;0.5804822444915771
I;137;199.38768696784973;10;205.13903808593835;197.6929931640625;[  0   1   4  63 111 177 198 211 308 357];595;595;0;0;0.5804822444915771
I;138;207.0881049633026;10;205.125;197.916748046875;[  1   3   4  16  63 107 111 198 308 357];595;625;0;0;0.609480619430542
I;139;209.1435227394104;10;205.08728027343838;197.916748046875;[  0   1   4  63 111 177 198 211 308 357];625;625;0;0;0.609480619430542
I;140;222.2918028831482;10;205.0687255859375;198.237060546875;[  1   3   4  16  34  63 111 198 308 357];625;683;0;0;0.6650753021240234
I;141;224.57589197158813;10;205.03320312500023;198.237060546875;[  1  16  63 111 143 198 211 270 308 357];683;683;0;0;0.6650753021240234
I;142;226.8971118927002;10;205.033203125;198.237060546875;[  1  16  58  63 111 198 211 270 308 357];683;683;0;0;0.6650753021240234
I;143;229.22932481765747;10;205.0101318359375;198.237060546875;[  1   3   4  63 111 177 198 211 308 357];683;683;0;0;0.6650753021240234
I;144;231.58708477020264;10;205.0101318359375;198.237060546875;[  1   3   4  16  63 111 198 211 308 357];683;683;0;0;0.6650753021240234
I;145;233.86736392974854;10;204.99365234375017;198.237060546875;[  0   1   4  16  63 111 198 211 308 357];683;683;0;0;0.6650753021240234
I;146;236.1896288394928;10;204.97595214843835;198.237060546875;[  0   1   4  63 111 177 198 211 308 357];683;683;0;0;0.6650753021240234
I;147;241.90305495262146;10;204.97491455078125;198.3179931640625;[  0   1   4  63 111 177 198 211 308 357];683;699;0;0;0.6807773113250732
I;148;263.5381667613983;10;204.94592285156278;198.475341796875;[  1   3   4  63 111 177 198 211 308 357];683;805;0;0;0.7792847156524658
I;149;266.00988698005676;10;204.91229248046875;198.475341796875;[  1   3   4  63 111 177 198 211 308 357];805;805;0;0;0.7792847156524658
I;150;269.7583587169647;10;204.91033935546875;198.608154296875;[  1   3   4  63 111 177 198 211 308 357];805;808;0;0;0.782081127166748
I;151;275.74076867103577;10;204.91009521484375;198.6915283203125;[  0   1   4  63 111 177 198 211 308 357];805;822;0;0;0.7958979606628418
I;152;278.4567289352417;10;204.88665771484375;198.6915283203125;[  0   1   4  63 111 177 198 211 308 357];822;822;0;0;0.7958979606628418
I;153;283.860857963562;10;204.87548828125;198.78070068359375;[  0   1   4  63 111 177 198 211 308 357];822;832;0;0;0.8056628704071045
I;154;296.5989520549774;10;204.8477783203125;198.8453369140625;[  0   1  63 111 177 198 211 270 308 357];822;888;0;0;0.8590102195739746
I;155;299.7374358177185;10;204.81988525390625;198.8453369140625;[  0   1   4  63 111 177 198 211 308 357];888;888;0;0;0.8590102195739746
I;156;316.6546559333801;10;204.79656982421875;199.03472900390625;[  1   3   4  63 111 177 198 211 308 357];888;961;0;0;0.9296426773071289
I;157;319.6431477069855;10;204.78625488281307;199.03472900390625;[  1   3   4  16  34  63 111 211 308 357];961;961;0;0;0.9296426773071289
I;158;322.8103549480438;10;204.78234863281284;199.03472900390625;[  1   3   4  16  63 111 198 211 308 357];961;961;0;0;0.9296426773071289
I;159;325.92306780815125;10;204.7730712890625;199.03472900390625;[  0   1  16  63 111 198 211 270 308 357];961;961;0;0;0.9296426773071289
I;160;329.03027391433716;10;204.73132324218838;199.03472900390625;[  0   1   4  63 111 177 198 211 308 357];961;961;0;0;0.9296426773071289
I;161;355.2125630378723;10;204.72821044922014;199.23040771484375;[  1   3   4  63 111 177 198 211 308 357];961;1080;0;0;1.0398237705230713
I;162;358.45890378952026;10;204.71295166015625;199.23040771484375;[  1   3   4  63 111 177 198 211 308 357];1080;1080;0;0;1.0398237705230713
I;163;363.8965458869934;10;204.71160888671875;199.26080322265625;[  1   3   4  63 111 177 198 211 308 357];1080;1084;0;0;1.0439915657043457
I;164;369.5680069923401;10;204.70770263671875;199.27740478515625;[  1   3   4  63 111 177 198 211 308 357];1080;1089;0;0;1.0492470264434814
I;165;375.8206527233124;10;204.681640625;199.33111572265625;[  1   3  58  63 107 111 143 198 308 357];1080;1100;0;0;1.0597009658813477
I;166;379.3867757320404;10;204.68035888671898;199.33111572265625;[  1   3   4  63 111 177 198 211 308 357];1100;1100;0;0;1.0597009658813477
I;167;386.1579358577728;10;204.6528930664071;199.35565185546875;[  0   1   4  63 111 177 198 211 308 357];1100;1108;0;0;1.0675139427185059
I;168;389.8524079322815;10;204.64459228515625;199.35565185546875;[  0   1   4  63 111 177 198 211 308 357];1108;1108;0;0;1.0675139427185059
I;169;420.7681670188904;10;204.62493896484511;199.60726928710938;[  1   3   4  63 111 177 198 211 308 357];1108;1259;0;0;1.2040855884552002
I;170;424.67621779441833;10;204.6207275390625;199.60726928710938;[  1   3   4  63 111 177 198 211 308 357];1259;1259;0;0;1.2040855884552002
I;171;447.54059505462646;10;204.61666870117188;200.11166381835938;[  0   1   4  63 111 177 198 211 308 357];1259;1362;0;0;1.2993457317352295
I;172;451.7760269641876;10;204.5701904296875;200.11166381835938;[  0   1   4  16  63 111 198 211 308 357];1362;1362;0;0;1.2993457317352295
I;173;456.2467637062073;10;204.56320190429707;200.11166381835938;[  0   1   4  63 111 177 198 211 308 357];1362;1362;0;0;1.2993457317352295
I;174;468.70181488990784;10;204.555419921875;200.15536499023438;[  0   1   4  63 111 177 198 211 308 357];1362;1396;0;0;1.3315906524658203
I;175;476.4908969402313;10;204.5546875;200.16244506835938;[  1  34  54  63 111 177 198 211 308 357];1362;1410;0;0;1.3451039791107178
I;176;480.93294382095337;10;204.55145263671875;200.16244506835938;[  0   1  63 111 177 198 211 270 308 357];1410;1410;0;0;1.3451039791107178
I;177;485.6411769390106;10;204.5406799316416;200.16244506835938;[  0   1   4  63 111 177 198 211 308 357];1410;1410;0;0;1.3451039791107178
I;178;494.4420087337494;10;204.53961181640773;200.17074584960938;[  1   3   4  63 111 177 198 211 308 357];1410;1430;0;0;1.365607500076294
I;179;499.4510278701782;10;204.53872680664062;200.17074584960938;[  0   1   4  63 111 177 198 211 308 357];1430;1430;0;0;1.365607500076294
I;180;511.75483989715576;10;204.53253173828273;200.20565795898438;[  1   3   4  63 111 177 198 211 308 357];1430;1473;0;0;1.4065437316894531
I;181;516.2856278419495;10;204.52484130859375;200.20565795898438;[  1   3  16  63 111 143 198 211 308 357];1473;1473;0;0;1.4065437316894531
I;182;520.9864647388458;10;204.50952148437526;200.20565795898438;[  1   3   4  63 111 177 198 211 308 357];1473;1473;0;0;1.4065437316894531
I;183;531.9469759464264;10;204.50680541992188;200.24081420898438;[  0   1   4  63 111 177 198 211 308 357];1473;1495;0;0;1.427694320678711
I;184;536.7183709144592;10;204.49630737304688;200.24081420898438;[  0   1   4  63 111 177 198 211 308 357];1495;1495;0;0;1.427694320678711
I;185;559.1076278686523;10;204.47900390625148;200.36294555664062;[  1   3   4  63 111 177 198 211 308 357];1495;1584;0;0;1.5103423595428467
I;186;563.8421177864075;10;204.47132873535156;200.36294555664062;[  1   3   4  63 111 177 198 211 308 357];1584;1584;0;0;1.5103423595428467
I;187;570.8361580371857;10;204.45814514160156;200.38442993164062;[  1   3   4  63 111 177 198 211 308 357];1584;1592;0;0;1.5180988311767578
I;188;588.6251058578491;10;204.45199584960963;200.48391723632812;[  0   1   4  63 111 177 198 211 308 357];1584;1650;0;0;1.573470115661621
I;189;593.8663949966431;10;204.4371337890625;200.48391723632812;[  0   1   4  63 111 177 198 211 308 357];1650;1650;0;0;1.573470115661621
I;190;601.5903508663177;10;204.43653869628906;200.50271606445312;[  0   1   4  63 111 177 198 211 308 357];1650;1653;0;0;1.5766544342041016
I;191;614.940083026886;10;204.4308319091797;200.52279663085938;[  0   1   4  63 111 177 198 211 308 357];1650;1683;0;0;1.6053016185760498
I;192;664.9039387702942;10;204.4306640625;200.769775390625;[  1  63 107 111 177 198 211 270 308 357];1650;1915;0;0;1.8156189918518066
I;193;670.8974709510803;10;204.3950195312501;200.769775390625;[  0   1   3  63 111 177 198 211 308 357];1915;1915;0;0;1.8156189918518066
I;194;677.1124889850616;10;204.37318420410256;200.769775390625;[  0   1   4  63 111 177 198 211 308 357];1915;1915;0;0;1.8156189918518066
I;195;694.5074157714844;10;204.36526489257812;200.80824279785156;[  0   1   4  63 111 177 198 211 308 357];1915;1967;0;0;1.8645625114440918
I;196;733.216383934021;10;204.3616485595703;200.93572998046875;[  1   3   4  63 111 177 198 211 308 357];1915;2156;0;0;2.0377848148345947
I;197;739.9293808937073;10;204.34719848632812;200.93572998046875;[  0   1   4  63 111 177 198 211 308 357];2156;2156;0;0;2.0377848148345947
I;198;756.3423328399658;10;204.33937072753906;200.9478759765625;[  1   3   4  63 111 177 198 211 308 357];2156;2195;0;0;2.0744848251342773
I;199;763.2717759609222;10;204.33299255371094;200.9478759765625;[  1   3   4  63 111 177 198 211 308 357];2195;2195;0;0;2.0744848251342773
I;200;774.8238427639008;10;204.32261657714844;201.02490234375;[  0   1   4  63 111 177 198 211 308 357];2195;2212;0;0;2.090644121170044
I;201;784.8638789653778;10;204.3212432861328;201.0316162109375;[  0   1   4  63 111 177 198 211 308 357];2212;2216;0;0;2.094398021697998
I;202;794.1849517822266;10;204.32106018066406;201.0336151123047;[  0   1   4  63 111 177 198 211 308 357];2212;2222;0;0;2.100396156311035
I;203;814.5170578956604;10;204.31993103027344;201.05873107910156;[  1   3   4  63 111 177 198 211 308 357];2212;2289;0;0;2.163654327392578
I;204;823.6256148815155;10;204.30987548828125;201.05873107910156;[  1   3   4  16  63 111 198 211 308 357];2289;2289;0;0;2.163654327392578
I;205;833.3749198913574;10;204.30886840820338;201.05873107910156;[  1   3   4  63 111 177 198 211 308 357];2289;2289;0;0;2.163654327392578
I;206;848.1230459213257;10;204.30740356445312;201.07984924316406;[  1   3   4  63 111 177 198 211 308 357];2289;2296;0;0;2.1721160411834717
I;207;874.0762779712677;10;204.30244445800798;201.19578552246094;[  0   1   4  63 111 177 198 211 308 357];2289;2346;0;0;2.2308011054992676
I;208;884.0590527057648;10;204.2897491455078;201.19578552246094;[  0   1   4  63 111 177 198 211 308 357];2346;2346;0;0;2.2308011054992676
I;209;904.6255688667297;10;204.28360748291016;201.2064208984375;[  0   1   4  63 111 177 198 211 308 357];2346;2368;0;0;2.257416248321533
I;210;918.9751608371735;10;204.28360748291016;201.2108917236328;[  0   1   4  63 111 177 198 211 308 357];2346;2378;0;0;2.269883155822754
I;211;952.9073491096497;10;204.283203125;201.26976013183594;[  1  58  63 111 143 177 198 211 308 357];2346;2475;0;0;2.3867833614349365
I;212;963.5834267139435;10;204.27148437500006;201.26976013183594;[  0   1   3   4  63 111 198 211 308 357];2475;2475;0;0;2.3867833614349365
I;213;974.8383560180664;10;204.26687622070344;201.26976013183594;[  1   3   4  63 111 177 198 211 308 357];2475;2475;0;0;2.3867833614349365
I;214;985.8652486801147;10;204.2627944946289;201.26976013183594;[  0   1   4  63 111 177 198 211 308 357];2475;2475;0;0;2.3867833614349365
I;215;1016.7889490127563;10;204.26278686523585;201.31446838378906;[  1   3   4  63 111 177 198 211 308 357];2475;2544;0;0;2.4655606746673584
I;216;1026.1009118556976;10;204.2601089477539;201.31446838378906;[  1   3   4  63 111 177 198 211 308 357];2544;2544;0;0;2.4655606746673584
I;217;1044.2546818256378;10;204.2575759887705;201.32521057128906;[  0   1   4  63 111 177 198 211 308 357];2544;2550;0;0;2.4731478691101074
I;218;1055.823915719986;10;204.25659942626953;201.32521057128906;[  0   1   4  63 111 177 198 211 308 357];2550;2550;0;0;2.4731478691101074
I;219;1075.0422179698944;10;204.25424957275538;201.3378143310547;[  1   3   4  63 111 177 198 211 308 357];2550;2578;0;0;2.5050971508026123
I;220;1084.9903388023376;10;204.24707794189553;201.3378143310547;[  0   1   4  63 111 177 198 211 308 357];2578;2578;0;0;2.5050971508026123
I;221;1100.2301168441772;10;204.24658966064453;201.3386688232422;[  0   1   4  63 111 177 198 211 308 357];2578;2587;0;0;2.516003370285034
I;222;1115.3133640289307;10;204.24512481689453;201.3386688232422;[  0   1   4  63 111 177 198 211 308 357];2578;2599;0;0;2.5307106971740723
I;223;1134.687523841858;10;204.24500274658203;201.35287475585938;[  0   1   4  63 111 177 198 211 308 357];2578;2619;0;0;2.555154800415039
I;224;1174.6630628108978;10;204.24442291259913;201.40261840820312;[  1   3   4  63 111 177 198 211 308 357];2578;2749;0;0;2.6979598999023438
I;225;1185.3399858474731;10;204.2227554321289;201.40261840820312;[  1   3   4  63 111 177 198 211 308 357];2749;2749;0;0;2.6979598999023438
I;226;1214.9018378257751;10;204.22154235839844;201.45034790039062;[  0   1   4  63 111 177 198 211 308 357];2749;2792;0;0;2.7480180263519287
I;227;1226.336642742157;10;204.20848083496094;201.45034790039062;[  0   1   4  63 111 177 198 211 308 357];2792;2792;0;0;2.7480180263519287
I;228;1260.517464876175;10;204.199462890625;201.48373413085938;[  0   1   4  63 111 177 198 211 308 357];2792;2874;0;0;2.8434700965881348
I;229;1308.1737389564514;10;204.19367218017726;201.55148315429688;[  1   3   4  63 111 177 198 211 308 357];2792;3025;0;0;3.015576124191284
I;230;1319.534847021103;10;204.1931533813477;201.55148315429688;[  0   1   4  63 111 177 198 211 308 357];3025;3025;0;0;3.015576124191284
I;231;1362.503741979599;10;204.18988800048976;201.58309173583984;[  1   3   4  63 111 177 198 211 308 357];3025;3120;0;0;3.186302900314331
I;232;1380.5523989200592;10;204.1872100830078;201.58309173583984;[  1   3   4  63 111 177 198 211 308 357];3120;3120;0;0;3.186302900314331
I;233;1410.873340845108;10;204.18690490722682;201.6120834350586;[  0   1   4  63 111 177 198 211 308 357];3120;3152;0;0;3.230093002319336
I;234;1426.2216567993164;10;204.18226623535156;201.6120834350586;[  0   1   4  63 111 177 198 211 308 357];3152;3152;0;0;3.230093002319336
I;235;1497.1608300209045;10;204.18022155761867;201.69515228271484;[  1   3   4  63 111 177 198 211 308 357];3152;3441;0;0;3.526209831237793
I;236;1507.855971813202;10;204.1765365600586;201.69515228271484;[  1   3   4  63 111 177 198 211 308 357];3441;3441;0;0;3.526209831237793
I;237;1520.4402508735657;10;204.17571258544922;201.69612884521484;[  1   3   4  63 111 177 198 211 308 357];3441;3442;0;0;3.527148723602295
I;238;1543.0339720249176;10;204.17350006103516;201.72928619384766;[  1   3   4  63 111 177 198 211 308 357];3441;3483;0;0;3.566173553466797
I;239;1555.7377059459686;10;204.17162322998047;201.73270416259766;[  1   3   4  63 111 177 198 211 308 357];3441;3486;0;0;3.568993330001831
I;240;1568.5749011039734;10;204.16840362548828;201.73538970947266;[  1   3   4  63 111 177 198 211 308 357];3441;3490;0;0;3.572728157043457
I;241;1595.4683527946472;10;204.1674346923828;201.78803253173828;[  0   1   4  63 111 177 198 211 308 357];3441;3571;0;0;3.6491243839263916
I;242;1606.92910695076;10;204.15174865722656;201.78803253173828;[  0   1   4  63 111 177 198 211 308 357];3571;3571;0;0;3.6491243839263916
I;243;1620.2396957874298;10;204.1511993408203;201.7923355102539;[  0   1   4  63 111 177 198 211 308 357];3571;3574;0;0;3.651909589767456
I;244;1640.0524067878723;10;204.1488494873047;201.81291961669922;[  0   1   4  63 111 177 198 211 308 357];3571;3595;0;0;3.6724979877471924
I;245;1655.1010477542877;10;204.14835357666016;201.81627655029297;[  0   1   4  63 111 177 198 211 308 357];3571;3601;0;0;3.678148031234741
I;246;1679.1594650745392;10;204.138671875;201.83373260498047;[  1  16  34  63 111 138 211 270 308 357];3571;3660;0;0;3.7346739768981934
I;247;1690.9760088920593;10;204.13652038574315;201.83373260498047;[  0   1   4  63 111 177 198 211 308 357];3660;3660;0;0;3.7346739768981934
I;248;1710.671791791916;10;204.13507843017578;201.83663940429688;[  0   1   4  63 111 177 198 211 308 357];3660;3669;0;0;3.7443058490753174
I;249;1738.038332939148;10;204.12627410888672;201.85238647460938;[  1   3   4  63 111 177 198 211 308 357];3660;3741;0;0;3.8116393089294434
I;250;1749.7645840644836;10;204.12340545654297;201.85238647460938;[  0   1   4  63 111 177 198 211 308 357];3741;3741;0;0;3.8116393089294434
I;251;1771.4344429969788;10;204.12248611450195;201.85525512695312;[  0   1   4  63 111 177 198 211 308 357];3741;3752;0;0;3.8235812187194824
I;252;1785.809506893158;10;204.1213607788086;201.8561782836914;[  0   1   4  63 111 177 198 211 308 357];3741;3757;0;0;3.828247308731079
I;253;1815.3414087295532;10;204.12014389038086;201.86125946044922;[  0   1   4  63 111 177 198 211 308 357];3741;3783;0;0;3.8595986366271973
I;254;1876.820051908493;10;204.11808013916016;201.91299057006836;[  1   3   4  63 111 177 198 211 308 357];3741;3949;0;0;4.073414325714111
I;255;1895.013296842575;10;204.11303329467773;201.91299057006836;[  1   3   4  63 111 177 198 211 308 357];3949;3949;0;0;4.073414325714111
I;256;1915.5130450725555;10;204.11291122436523;201.91396713256836;[  1   3   4  63 111 177 198 211 308 357];3949;3951;0;0;4.075368165969849
I;257;1938.562582731247;10;204.10712051391627;201.9464988708496;[  0   1   4  63 111 177 198 211 308 357];3949;3999;0;0;4.121185779571533
I;258;1951.1942138671875;10;204.10562133789193;201.9464988708496;[  1   3   4  16  63 111 198 211 308 357];3999;3999;0;0;4.121185779571533
I;259;1963.6662969589233;10;204.10528945922852;201.9464988708496;[  1   4  63 111 138 177 198 211 308 357];3999;3999;0;0;4.121185779571533
I;260;1976.5698919296265;10;204.10528945922852;201.9464988708496;[  0   1   4  63 111 177 198 211 308 357];3999;3999;0;0;4.121185779571533
I;261;2011.4260408878326;10;204.10290908813477;201.95978927612305;[  0   1   4  63 111 177 198 211 308 357];3999;4069;0;0;4.186269283294678
I;262;2034.6190249919891;10;204.09759902954102;201.96643447875977;[  0   1   4  63 111 177 198 211 308 357];3999;4100;0;0;4.218582391738892
I;263;2057.456753015518;10;204.09507369995117;201.96863174438477;[  1   3   4  63 111 177 198 211 308 357];3999;4136;0;0;4.2528111934661865
I;264;2070.6040830612183;10;204.09386825561523;201.96863174438477;[  0   1   4  63 111 177 198 211 308 357];4136;4136;0;0;4.2528111934661865
I;265;2104.6696038246155;10;204.09153747558594;201.98218154907227;[  0   1   4  63 111 177 198 211 308 357];4136;4186;0;0;4.299681901931763
I;266;2128.493870973587;10;204.09009170532227;201.9893913269043;[  0   1   4  63 111 177 198 211 308 357];4136;4233;0;0;4.344332933425903
I;267;2174.3243749141693;10;204.0884895324707;202.02288055419922;[  1   3   4  63 111 177 198 211 308 357];4136;4415;0;0;4.51176905632019
I;268;2189.0673286914825;10;204.08541870117188;202.02288055419922;[  0   1   4  16  63 111 198 211 308 357];4415;4415;0;0;4.51176905632019
I;269;2203.1882979869843;10;204.0732421875;202.02288055419922;[  0   1   4  16  34  63 111 211 308 357];4415;4415;0;0;4.51176905632019
I;270;2217.681310892105;10;204.07106781006013;202.02288055419922;[  1   3   4  63 111 177 198 211 308 357];4415;4415;0;0;4.51176905632019
I;271;2244.4218220710754;10;204.06915664672852;202.02288055419922;[  0   1   4  63 111 177 198 211 308 357];4415;4418;0;0;4.515177965164185
C;271;2286.9739649295807;10;204.06915664672852;202.033203125;[  0   1   4  63 111 177 198 211 308 357];0;4447;0;0;4.5520758628845215
