I;1;0.008358001708984375;10;1000000.0;0;[0 1 2 3 4 5 6 7 8 9];1;1;0;0;0
I;2;0.02579498291015625;10;260.0;0;[  0   1   2   3   4   5   6  69 223 249];1;1;0;0;0
I;3;0.04351091384887695;10;260.0;0;[  0   2   7  69 176 223 249 266 272 290];1;1;0;0;0
I;4;0.06148815155029297;10;260.0;0;[  1   2   7  69 214 223 239 249 272 366];1;1;0;0;0
I;5;0.07932782173156738;10;259.0;0;[  1   2   7  41  69 214 223 239 249 272];1;1;0;0;0
I;6;0.0979151725769043;10;259.0;0;[  1   2   7  41  69 214 223 239 249 266];1;1;0;0;0
I;7;0.11657214164733887;10;250.0;0;[  0   1   7  41  69 214 223 239 249 290];1;1;0;0;0
I;8;0.2481088638305664;10;250.0;222.0;[  0   1   7  41  69 214 223 239 249 290];2;2;0;0;0.0009148120880126953
I;9;0.5174009799957275;10;250.0;224.75;[  1   2   7  41  69  96 223 239 249 290];4;4;0;0;0.0026786327362060547
I;10;0.5437369346618652;10;247.75;224.75;[  0   1   2   7  41  69 223 239 249 290];4;4;0;0;0.0026786327362060547
I;11;0.5703887939453125;10;247.75;224.75;[  1   2   7  41  69 214 223 239 249 290];4;4;0;0;0.0026786327362060547
I;12;0.595660924911499;10;247.25;224.75;[  1   7  15  41  69  96 223 239 249 266];4;4;0;0;0.0026786327362060547
I;13;1.1284129619598389;10;247.25;226.75;[  1   7  15  41  69  96 223 239 249 266];8;8;0;0;0.0061435699462890625
I;14;2.0700111389160156;10;247.25;228.375;[  1   7  41  69  96 178 223 239 249 290];15;15;0;0;0.012122154235839844
I;15;2.1218857765197754;10;247.21875;228.375;[  1   7  41  69  96 178 223 239 249 290];15;15;0;0;0.012122154235839844
I;16;3.891479969024658;10;247.21875;230.3125;[  1   7  41  69  72  96 223 239 249 266];28;28;0;0;0.023161888122558594
I;17;3.97381591796875;10;246.6953125;230.3125;[  1   7  41  69  72  96 223 239 249 266];28;28;0;0;0.023161888122558594
I;18;7.04287576675415;10;246.6953125;231.9765625;[  1   7  41  69  96 178 223 239 249 266];50;50;0;0;0.04149508476257324
I;19;7.177700042724609;10;246.36328125;231.9765625;[  1   7  41  69  96 178 223 239 249 290];50;50;0;0;0.04149508476257324
I;20;12.538518905639648;10;246.36328125;233.673828125;[  0   1   7  41  69  96 223 239 249 290];88;88;0;0;0.07404494285583496
I;21;12.763705968856812;10;245.75;233.673828125;[  1   7  41  69  96 223 239 249 273 290];88;88;0;0;0.07404494285583496
I;22;13.013532161712646;10;245.75;233.673828125;[  1   2   7  41  69  96 223 239 249 290];88;88;0;0;0.07404494285583496
I;23;13.242711067199707;10;245.75;233.673828125;[  1   7  41  69  96 223 239 249 290 298];88;88;0;0;0.07404494285583496
I;24;13.472071886062622;10;245.625;233.673828125;[  1   2   7  41  69  96 223 239 249 290];88;88;0;0;0.07404494285583496
I;25;24.09781289100647;10;245.603515625;238.826171875;[  0   1   7  41  69  96 223 239 249 290];162;169;0;0;0.1419835090637207
I;26;24.53036904335022;10;245.59765625;238.826171875;[  1   7  41  69  96 178 223 239 249 266];169;169;0;0;0.1419835090637207
I;27;24.951785802841187;10;245.23828125;238.826171875;[  1   7  41  69  96 214 223 239 249 266];169;169;0;0;0.1419835090637207
I;28;25.376832008361816;10;245.19921875;238.826171875;[  1   7  41  69  96 223 239 249 266 298];169;169;0;0;0.1419835090637207
I;29;25.825577974319458;10;245.02343750000054;238.826171875;[  1   2   7  41  69  96 223 239 249 266];169;169;0;0;0.1419835090637207
I;30;38.412718057632446;10;244.9296875;239.5751953125;[  1   7  41  69  96 223 239 249 290 298];235;235;0;0;0.19691228866577148
I;31;38.98610591888428;10;244.9169921875;239.5751953125;[  1   7  41  69  96 223 239 249 290 298];235;235;0;0;0.19691228866577148
I;32;56.18221592903137;10;244.8359375;240.390625;[  1   7  41  69  96 178 223 239 249 290];321;325;0;0;0.2718849182128906
I;33;56.9988169670105;10;244.8359375;240.390625;[  1   7  41  69  72  96 223 239 249 290];325;325;0;0;0.2718849182128906
I;34;57.83389687538147;10;244.67187500000114;240.390625;[  1   2   7  41  69  96 223 239 249 290];325;325;0;0;0.2718849182128906
I;35;58.63318395614624;10;244.642578125;240.390625;[  1   2   7  41  69  96 223 239 249 290];325;325;0;0;0.2718849182128906
I;36;79.22384095191956;10;244.5146484375;240.390625;[  1   2   7  41  69 214 223 239 249 290];391;412;0;0;0.34576964378356934
I;37;80.26683592796326;10;244.51257324218847;240.390625;[  1   2   7  41  69  96 223 239 249 290];412;412;0;0;0.34576964378356934
I;38;104.7530198097229;10;244.412353515625;240.6876220703125;[  1   2   7  41  69  96 223 239 249 266];496;504;0;0;0.4230959415435791
I;39;134.7207007408142;10;244.3709716796875;240.97021484375;[  1   2   7  41  69  96 223 239 249 266];606;617;0;0;0.5180418491363525
I;40;167.9388988018036;10;244.2919921875;241.1962890625;[  1   7  41  69  96 214 223 239 249 266];703;719;0;0;0.6034605503082275
I;41;169.70147800445557;10;244.28710937500094;241.1962890625;[  1   2   7  41  69  96 223 239 249 266];719;719;0;0;0.6034605503082275
I;42;206.2451319694519;10;244.24444580078125;241.3538818359375;[  1   2   7  41  69  96 223 239 249 266];786;809;0;0;0.6792106628417969
I;43;245.29747986793518;10;244.226318359375;241.4534912109375;[  1   2   7  41  69  96 223 239 249 266];865;888;0;0;0.7455766201019287
I;44;286.2197859287262;10;244.22314453125;241.52435302734375;[  1   2   7  41  69  96 223 239 249 266];926;951;0;0;0.7983560562133789
I;45;328.55263090133667;10;244.208984375;241.56987521522925;[  1   7  41  69  88  96 223 239 249 266];976;1003;1;1;0.8442723751068115
I;46;331.0428740978241;10;244.20720431679172;241.56987521522925;[  1   2   7  41  69  96 223 239 249 266];1003;1003;1;1;0.8442723751068115
I;47;374.9160649776459;10;244.18840548866672;241.61133153815018;[  1   2   7  41  69  96 223 239 249 266];1016;1047;1;1;0.8811311721801758
I;48;419.2730929851532;10;244.18217990272922;241.64093358893143;[  1   2   7  41  69  96 223 239 249 266];1048;1080;1;1;0.9086692333221436
I;49;464.5362150669098;10;244.17906710976047;241.66577489752518;[  1   2   7  41  69  96 223 239 249 266];1071;1106;1;1;0.9304161071777344
I;50;510.0716018676758;10;244.1761679398386;241.6849704541658;[  1   2   7  41  69  96 223 239 249 266];1089;1125;1;1;0.9462180137634277
I;51;556.02064204216;10;244.1761679398386;241.69626195807206;[  1   2   7  41  69  96 223 239 249 266];1104;1138;1;1;0.9570636749267578
I;52;602.2036468982697;10;244.17552707069797;241.70428808111893;[  1   2   7  41  69  96 223 239 249 266];1111;1148;1;1;0.9653704166412354
I;53;648.8862309455872;10;244.17516085976047;241.7080417432283;[  1   2   7  41  69  96 223 239 249 290];1119;1156;1;1;0.9719686508178711
I;54;695.4544789791107;10;244.17516085976047;241.7129245557283;[  1   2   7  41  69  96 223 239 249 290];1126;1163;1;1;0.9777426719665527
I;55;742.3020899295807;10;244.17516085976047;241.7176852979158;[  1   2   7  41  69  96 223 239 249 290];1132;1169;1;1;0.9831085205078125
I;56;789.1947901248932;10;244.17516085976047;241.72079809088456;[  1   2   7  41  69  96 223 239 249 290];1137;1174;1;1;0.9873316287994385
I;57;836.8300447463989;10;244.17516085976047;241.7226901807283;[  1   2   7  41  69  96 223 239 249 290];1141;1178;1;1;0.9906535148620605
I;58;883.9934408664703;10;244.17516085976047;241.7243991651033;[  1   2   7  41  69  96 223 239 249 290];1144;1181;1;1;0.9931514263153076
I;59;931.2432460784912;10;244.17406222694797;241.72754247565018;[  1   2   7  41  69  96 223 239 249 266];1147;1184;1;1;0.9956555366516113
I;60;978.5072999000549;10;244.17302462929172;241.73004491705643;[  1   2   7  41  69  96 223 239 249 266];1149;1186;1;1;0.9972972869873047
C;60;1025.5604050159454;10;244.17302462929172;241.73150976080643;[  1   2   7  41  69  96 223 239 249 266];0;1187;1;1;0.9981193542480469
