1;0.3760049343109131;10;318.0;0;[  0   1   2   3  31  54  82  86  93 109];1;1;0;0
2;0.7694079875946045;10;318.0;0.0;[  0  30  31  40  46  54  82  86  93 109];1;1;0;0
3;1.1728489398956299;10;302.0;0.0;[  0  30  31  46  51  53  54  82  93 109];1;1;0;0
4;1.5810909271240234;10;298.0;0.0;[  0  30  31  34  46  51  53  54  82 109];1;1;0;0
5;1.984745979309082;10;291.0;0.0;[  0  30  31  46  51  53  54  59  82 109];1;1;0;0
6;2.4806737899780273;10;291.0;0.0;[  0  30  31  46  51  53  54  59  82 109];2;2;0.06308579444885254;1
7;3.1007139682769775;10;284.0;0.0;[  0   2  30  31  46  51  53  54  82 109];4;4;0.17583298683166504;3
8;3.997421979904175;10;282.65625;0.0;[  0   2  30  31  46  51  53  54  82 109];8;8;0.45807576179504395;7
9;5.1649010181427;10;282.4140625;104.0625;[  0   2  30  31  46  51  53  54  82 109];10;13;0.9203438758850098;15
10;6.8081910610198975;10;282.140625;137.6640625;[  0  30  31  46  51  53  54  59  82 109];16;21;1.6755571365356445;28
11;7.236986875534058;10;282.017578125;137.6640625;[  0   2  30  31  46  51  53  54  82 109];21;21;1.6755571365356445;28
12;9.657045841217041;10;282.015625;164.3671875;[  0  30  31  46  51  53  54  59  82 109];26;34;2.899019956588745;49
13;10.094858169555664;10;281.9921875;164.3671875;[  0  30  31  46  51  53  54  59  82 109];34;34;2.899019956588745;49
14;13.526018857955933;10;281.8701171875;96.140625;[  0   2  30  31  46  51  53  54  82 109];30;49;4.842791557312012;83
15;18.28841781616211;10;281.789306640625;208.919921875;[  0   2  30  31  46  51  53  54  82 109];40;69;7.697177886962891;132
16;24.53543996810913;10;281.748779296875;245.517822265625;[  0   2  30  31  46  51  53  54  82 109];38;88;11.719489097595215;201
17;32.303733110427856;10;281.7320556640625;258.084716796875;[  0   2  30  31  46  51  53  54  82 109];40;108;16.91592025756836;289
18;41.52748394012451;10;281.7152404785156;266.0400390625;[  0   2  30  31  46  51  53  54  82 109];42;129;23.197935342788696;397
19;51.98946809768677;10;281.70887756347656;275.8095397949219;[  0   2  30  31  46  51  53  54  82 109];28;143;30.679648876190186;526
20;63.938908100128174;10;281.69935607910156;267.8100891113281;[  0   2  30  31  46  51  53  54  82 109];42;164;39.12902045249939;669
21;76.75469303131104;10;281.69704246520996;278.43553161621094;[  0   2  30  31  46  51  53  54  82 109];18;173;48.640684366226196;833
22;90.42655181884766;10;281.69451904296875;277.6072311401367;[  0   2  30  31  46  51  53  54  82 109];20;183;58.802491903305054;1006
23;104.65816497802734;10;281.69123697280884;276.8472032546997;[  0   2  30  31  46  51  53  54  82 109];16;191;69.48368000984192;1189
23;118.7128050327301;10;281.69123697280884;280.002956867218;[  0   2  30  31  46  51  53  54  82 109];0;195;80.57733035087585;1380
1;0.38350987434387207;10;318.0;0;[  0   1   2   3  31  54  82  86  93 109];1;1;0;0
2;0.789376974105835;10;318.0;0.0;[  0  30  31  40  46  54  82  86  93 109];1;1;0;0
3;1.1876089572906494;10;302.0;0.0;[  0  30  31  46  51  53  54  82  93 109];1;1;0;0
4;1.5907528400421143;10;298.0;0.0;[  0  30  31  34  46  51  53  54  82 109];1;1;0;0
5;2.00144100189209;10;291.0;0.0;[  0  30  31  46  51  53  54  59  82 109];1;1;0;0
6;2.4992868900299072;10;291.0;0.0;[  0  30  31  46  51  53  54  59  82 109];2;2;0.06307005882263184;1
7;3.1124300956726074;10;284.0;0.0;[  0   2  30  31  46  51  53  54  82 109];4;4;0.17659306526184082;3
8;3.998532772064209;10;282.65625;0.0;[  0   2  30  31  46  51  53  54  82 109];8;8;0.4574849605560303;7
9;5.12154483795166;10;282.4140625;138.75;[  0   2  31  40  46  51  53  54  82 109];8;12;0.9207324981689453;15
10;6.618119955062866;10;282.140625;172.8203125;[  0  30  31  46  51  53  54  59  82 109];12;18;1.6189444065093994;27
11;7.042718887329102;10;282.033203125;172.8203125;[  0   2  30  31  46  51  53  54  82 109];18;18;1.6189444065093994;27
12;9.084774732589722;10;282.015625;164.4453125;[  0  30  31  46  51  53  54  59  82 109];18;27;2.666905641555786;45
13;9.520723819732666;10;281.9921875;164.4453125;[  0  30  31  46  51  53  54  59  82 109];27;27;2.666905641555786;45
14;12.314116716384888;10;281.9248046875;100.890625;[  0   2  30  31  46  51  53  54  82 109];24;39;4.208400011062622;72
15;16.186213731765747;10;281.849853515625;195.61328125;[  0   2  30  31  46  51  53  54  82 109];34;56;6.4752397537231445;111
16;21.253949880599976;10;281.791259765625;226.64599609375;[  0   2  30  31  46  51  53  54  82 109];32;72;9.731497049331665;167
17;27.437753677368164;10;281.75537109375;245.1871337890625;[  0   2  30  31  46  51  53  54  82 109];28;86;13.916452646255493;239
18;34.870184898376465;10;281.731201171875;257.9725341796875;[  0   2  30  31  46  51  53  54  82 109];32;102;19.018427848815918;325
19;43.427658796310425;10;281.7188720703125;269.0576171875;[  0   2  30  31  46  51  53  54  82 109];34;119;24.95657467842102;427
20;53.14138078689575;10;281.7124328613281;272.74267578125;[  0   2  30  31  46  51  53  54  82 109];28;133;31.90703058242798;546
21;64.18852591514587;10;281.7043113708496;272.2647399902344;[  0   2  30  31  46  51  53  54  82 109];42;154;39.62358522415161;679
22;76.52638983726501;10;281.6963291168213;276.0679473876953;[  0   2  30  31  46  51  53  54  82 109];34;171;48.57407903671265;833
23;89.99177479743958;10;281.690203666687;274.52696228027344;[  0   2  30  31  46  51  53  54  82 109];26;184;58.577224016189575;1004
23;103.48878479003906;10;281.690203666687;279.9628496170044;[  0   2  30  31  46  51  53  54  82 109];0;189;69.31773376464844;1188
1;0.3933696746826172;10;318.0;0;[  0   1   2   3  31  54  82  86  93 109];1;1;0;0
2;0.8015108108520508;10;318.0;0.0;[  0  30  31  40  46  54  82  86  93 109];1;1;0;0
3;1.2061257362365723;10;302.0;0.0;[  0  30  31  46  51  53  54  82  93 109];1;1;0;0
4;1.6143758296966553;10;298.0;0.0;[  0  30  31  34  46  51  53  54  82 109];1;1;0;0
5;2.029744863510132;10;291.0;0.0;[  0  30  31  46  51  53  54  59  82 109];1;1;0;0
6;2.538059949874878;10;291.0;0.0;[  0  30  31  46  51  53  54  59  82 109];2;2;0.06402087211608887;1
7;3.165015697479248;10;284.0;0.0;[  0   2  30  31  46  51  53  54  82 109];4;4;0.18124985694885254;3
8;4.030411005020142;10;282.65625;69.375;[  0   2  30  31  46  51  53  54  82 109];6;7;0.46913838386535645;7
9;5.138948678970337;10;282.4453125;69.375;[  0   2  31  40  46  51  53  54  82 109];10;12;0.8790874481201172;14
10;6.6939308643341064;10;282.140625;137.6640625;[  0  30  31  46  51  53  54  59  82 109];14;19;1.5835120677947998;26
11;7.120491981506348;10;282.080078125;137.6640625;[  0   2  30  31  46  51  53  54  82 109];19;19;1.5835120677947998;26
12;9.172968864440918;10;282.015625;208.7421875;[  0  30  31  46  51  53  54  59  82 109];14;26;2.6956303119659424;45
13;9.621206998825073;10;281.9921875;208.7421875;[  0  30  31  46  51  53  54  59  82 109];26;26;2.6956303119659424;45
14;12.178567886352539;10;281.9052734375;167.9375;[  0   2  30  31  46  51  53  54  82 109];14;33;4.186020851135254;71
15;15.273805856704712;10;281.866455078125;253.041015625;[  0   2  30  31  46  51  53  54  82 109];14;40;6.112406492233276;104
16;19.06380796432495;10;281.828369140625;249.595947265625;[  0   2  30  31  46  51  53  54  82 109];22;51;8.453789710998535;144
17;23.463918685913086;10;281.812255859375;265.187744140625;[  0   2  30  31  46  51  53  54  82 109];12;57;11.438857793807983;195
18;28.377415895462036;10;281.8070068359375;275.529052734375;[  0   2  30  31  46  51  53  54  82 109];12;63;14.812588691711426;252
19;33.64337372779846;10;281.8059844970703;278.05474853515625;[  0   2  30  31  46  51  53  54  82 109];6;66;18.599133253097534;315
20;39.12617588043213;10;281.79405975341797;268.6837463378906;[  0   2  30  31  46  51  53  54  82 109];12;72;22.45633339881897;381
21;45.11391282081604;10;281.79151916503906;275.9252471923828;[  0   2  30  31  46  51  53  54  82 109];14;79;26.66331434249878;453
22;51.40536594390869;10;281.7901306152344;278.9351501464844;[  0   2  30  31  46  51  53  54  82 109];4;81;31.266579151153564;532
23;58.00953984260559;10;281.7867431640625;276.8988037109375;[  0   2  30  31  46  51  53  54  82 109];8;85;36.09000039100647;613
23;64.23978686332703;10;281.7867431640625;279.6416320800781;[  0   2  30  31  46  51  53  54  82 109];0;86;41.05715584754944;698
I;1;0.43269896507263184;10;318.0;0;[  0   1   2   3  31  54  82  86  93 109];1;1;0;0
I;2;0.8681137561798096;10;318.0;0;[  0  30  31  40  46  54  82  86  93 109];1;1;0;0
I;3;1.304900884628296;10;302.0;0;[  0  30  31  46  51  53  54  82  93 109];1;1;0;0
I;4;1.751697063446045;10;298.0;0;[  0  30  31  34  46  51  53  54  82 109];1;1;0;0
I;5;2.211913824081421;10;291.0;0;[  0  30  31  46  51  53  54  59  82 109];1;1;0;0
I;6;2.8514368534088135;10;291.0;263.0;[  0  30  31  46  51  53  54  59  82 109];2;2;0.12415623664855957;1
I;7;3.672733783721924;10;284.0;274.125;[  0   2  30  31  46  51  53  54  82 109];4;4;0.35698509216308594;3
I;8;4.9275360107421875;10;282.65625;276.625;[  0   2  30  31  46  51  53  54  82 109];6;7;0.8747386932373047;7
I;9;6.371145963668823;10;282.4453125;278.015625;[  0   2  30  31  46  51  53  54  82 109];8;11;1.5759623050689697;13
I;10;8.132491827011108;10;282.140625;278.37109375;[  0  30  31  46  51  53  54  59  82 109];10;16;2.5239551067352295;21
I;11;11.117884159088135;10;282.111328125;278.37109375;[  0   2  30  31  46  51  53  54  82 109];10;21;4.403386831283569;37
I;12;15.068304061889648;10;282.0361328125;279.2734375;[  0   2  30  31  46  51  53  54  82 109];16;29;6.9100165367126465;58
C;12;17.593698978424072;10;282.0361328125;279.478759765625;[  0   2  30  31  46  51  53  54  82 109];0;37;8.82085657119751;74
