I;1;0.004984855651855469;10;1000000.0;0;[0 1 2 3 4 5 6 7 8 9];1;1;0;0;0
I;2;0.013889789581298828;10;321.0;0;[  0   1   2   3  33  82  86  99 108 117];1;1;0;0;0
I;3;0.023671627044677734;10;289.0;0;[  0   8  33  86  99 105 108 117 131 134];1;1;0;0;0
I;4;0.03407883644104004;10;277.0;0;[  0  15  22  33  86  99 105 117 131 134];1;1;0;0;0
I;5;0.04482269287109375;10;264.0;0;[  0   1   8  22  33  86  87 105 117 131];1;1;0;0;0
I;6;0.056540727615356445;10;252.0;0;[  0  13  15  33  58  86  87 105 117 131];1;1;0;0;0
I;7;0.06634187698364258;10;225.0;0;[  0   8  22  58  86  87 105 117 131 132];1;1;0;0;0
I;8;0.07739877700805664;10;225.0;0;[  0   1   8  72  86  87 105 117 131 132];1;1;0;0;0
I;9;0.08751058578491211;10;225.0;0;[  0   1   8  13  33  87 105 117 132 134];1;1;0;0;0
I;10;0.09864187240600586;10;222.0;0;[  0   1   8  13  33  86  87 105 117 131];1;1;0;0;0
I;11;0.10994482040405273;10;217.0;0;[  0   8  13  15  86  87 105 117 132 134];1;1;0;0;0
I;12;0.18051576614379883;10;215.0;175.75;[  0   1   8  13  72  86  87 105 117 134];2;2;0;0;0.0009071826934814453
I;13;0.1944289207458496;10;214.0;175.75;[  0   1   8  13  33  57 105 108 117 131];2;2;0;0;0.0009071826934814453
I;14;0.20979976654052734;10;214.0;175.75;[  0   1   8  13  31  33  57  86 105 117];2;2;0;0;0.0009071826934814453
I;15;0.2249889373779297;10;214.0;175.75;[  0   8  13  22  33  57  86  87 105 117];2;2;0;0;0.0009071826934814453
I;16;0.23957085609436035;10;214.0;175.75;[  0   8  13  22  33  57  86 105 117 131];2;2;0;0;0.0009071826934814453
I;17;0.25450873374938965;10;214.0;175.75;[  0   8  13  22  33  57  86 105 117 134];2;2;0;0;0.0009071826934814453
I;18;0.2737538814544678;10;213.0;175.75;[  0   8  13  33  86  87 105 117 132 134];2;2;0;0;0.0009071826934814453
I;19;0.29642772674560547;10;213.0;175.75;[  0   8  15  72  86  87 105 117 132 134];2;2;0;0;0.0009071826934814453
I;20;0.3152167797088623;10;212.5;175.75;[  0   8  13  15  86  87 105 117 132 134];2;2;0;0;0.0009071826934814453
I;21;0.4512908458709717;10;212.5;182.0;[  0   8  13  15  87  99 105 117 131 132];4;4;0;0;0.0026242733001708984
I;22;0.49248480796813965;10;211.0;182.0;[  0   8  13  15  57  86  87 105 117 134];4;4;0;0;0.0026242733001708984
I;23;0.5231997966766357;10;211.0;182.0;[  0   8  13  15  57  86 105 117 132 134];4;4;0;0;0.0026242733001708984
I;24;0.5569736957550049;10;211.0;182.0;[  0   8  13  22  33  99 105 117 132 134];4;4;0;0;0.0026242733001708984
I;25;0.6022758483886719;10;211.0;182.0;[  0   1   8  13 105 108 117 131 132 134];4;4;0;0;0.0026242733001708984
I;26;0.6498496532440186;10;211.0;182.0;[  0   1   8  13  86 105 117 131 132 134];4;4;0;0;0.0026242733001708984
I;27;0.6990838050842285;10;210.5;182.0;[  0   8  13  33  86 105 117 131 132 134];4;4;0;0;0.0026242733001708984
I;28;0.7436017990112305;10;210.5;182.0;[  0   8  15  72  86  87 105 117 132 134];4;4;0;0;0.0026242733001708984
I;29;0.7861378192901611;10;210.5;182.0;[  0   8  22  72  86  87 105 117 131 132];4;4;0;0;0.0026242733001708984
I;30;0.8331937789916992;10;210.5;182.0;[  0   8  13  33  86  87 105 117 131 132];4;4;0;0;0.0026242733001708984
I;31;0.8691897392272949;10;210.5;182.0;[  0   8  13  33  86  87 105 117 132 134];4;4;0;0;0.0026242733001708984
I;32;0.9208729267120361;10;210.5;182.0;[  0   8  13  33  86 105 114 117 131 132];4;4;0;0;0.0026242733001708984
I;33;0.9742348194122314;10;210.5;182.0;[  0   8  13  86  87 105 117 131 132 134];4;4;0;0;0.0026242733001708984
I;34;1.2508387565612793;10;210.5;188.6875;[  0   8  22  33  86 105 117 131 132 134];8;8;0;0;0.005924224853515625
I;35;1.3070626258850098;10;210.5;188.6875;[  0   8  13  57  86  87 105 117 132 134];8;8;0;0;0.005924224853515625
I;36;1.3767249584197998;10;210.25;188.6875;[  0   8  13  15  57  86  87 105 117 134];8;8;0;0;0.005924224853515625
I;37;1.4472978115081787;10;210.0;188.6875;[  0   8  15  30  72  86  87 105 117 134];8;8;0;0;0.005924224853515625
I;38;1.5208587646484375;10;210.0;188.6875;[  0   8  13  15  33  87 105 108 117 134];8;8;0;0;0.005924224853515625
I;39;1.5849227905273438;10;210.0;188.6875;[  0   8  13  15  86  87 105 117 131 134];8;8;0;0;0.005924224853515625
I;40;1.6502809524536133;10;210.0;188.6875;[  0   8  15  30  72  86  87 105 117 131];8;8;0;0;0.005924224853515625
I;41;1.731968879699707;10;210.0;188.6875;[  0   8  13  15  33  86  87 105 117 131];8;8;0;0;0.005924224853515625
I;42;1.8194539546966553;10;209.5625;188.6875;[  0   8  13  15  86  87 105 114 117 131];8;8;0;0;0.005924224853515625
I;43;1.8916738033294678;10;209.5;188.6875;[  0   8  13  15  57  86 105 114 117 134];8;8;0;0;0.005924224853515625
I;44;1.9652788639068604;10;209.5;188.6875;[  0   8  13  15  33  99 105 114 117 131];8;8;0;0;0.005924224853515625
I;45;2.05672287940979;10;209.25;188.6875;[  0   8  13  15  86 105 114 117 131 134];8;8;0;0;0.005924224853515625
I;46;2.142164945602417;10;209.0;188.6875;[  0   8  13  57  86  87 105 117 131 134];8;8;0;0;0.005924224853515625
I;47;2.1880948543548584;10;209.0;188.6875;[  0   8  15  57  81  87  99 105 117 134];8;8;0;0;0.005924224853515625
I;48;2.2383508682250977;10;209.0;188.6875;[  0   8  22  72  86  87 105 117 131 134];8;8;0;0;0.005924224853515625
I;49;2.290672779083252;10;209.0;188.6875;[  0   8  13  15  86  87  99 105 117 134];8;8;0;0;0.005924224853515625
I;50;2.359611749649048;10;209.0;188.6875;[  0   1   8  33  57  99 105 114 117 134];8;8;0;0;0.005924224853515625
I;51;2.4522297382354736;10;208.625;188.6875;[  0  15  30  57  72  86  87 105 117 134];8;8;0;0;0.005924224853515625
I;52;2.5195016860961914;10;208.5;188.6875;[  0   8  13  15  33  86  87  99 105 131];8;8;0;0;0.005924224853515625
I;53;2.599242925643921;10;208.4375;188.6875;[  0   8  13  22  33  86 104 105 117 134];8;8;0;0;0.005924224853515625
I;54;2.6842658519744873;10;207.875;188.6875;[  0   8  13  15  33  86  87 105 117 134];8;8;0;0;0.005924224853515625
I;55;2.7406628131866455;10;207.6875;188.6875;[  0   8  13  15  33  86 105 117 131 134];8;8;0;0;0.005924224853515625
I;56;2.8023109436035156;10;207.625;188.6875;[  0   8  13  15  57  86  87 105 117 134];8;8;0;0;0.005924224853515625
I;57;3.355027914047241;10;207.625;193.875;[  0   8  13  57  86 105 117 131 132 134];16;16;0;0;0.012430429458618164
I;58;3.487936019897461;10;207.5;193.875;[  0   8  13  22  33  57  86 105 117 134];16;16;0;0;0.012430429458618164
I;59;3.589991807937622;10;207.1875;193.875;[  0   8  13  22  57  86  87 105 117 134];16;16;0;0;0.012430429458618164
I;60;4.6020119190216064;10;207.0;196.3125;[  0   8  15  33  57 104 105 117 131 134];30;31;0;0;0.024628400802612305
I;61;4.754961729049683;10;206.9375;196.3125;[  0   8  13  22  86  87 105 117 131 134];31;31;0;0;0.024628400802612305
I;62;4.911085844039917;10;206.875;196.3125;[  0   8  13  57  86 105 114 117 131 134];31;31;0;0;0.024628400802612305
I;63;5.07859992980957;10;206.875;196.3125;[  0   8  13  57  86  87 105 117 131 134];31;31;0;0;0.024628400802612305
I;64;5.254907846450806;10;206.8125;196.3125;[  0   8  13  33  57  86 105 114 117 131];31;31;0;0;0.024628400802612305
I;65;5.418614625930786;10;206.6875;196.3125;[  0   8  13  57  86  87 105 114 117 131];31;31;0;0;0.024628400802612305
I;66;5.564683675765991;10;206.5625;196.3125;[  0   3   8  15  81  86  87 105 117 134];31;31;0;0;0.024628400802612305
I;67;5.728797912597656;10;206.515625;196.3125;[  0   8  13  15  57  86  87 105 117 134];31;31;0;0;0.024628400802612305
I;68;7.471247673034668;10;206.5;199.75;[  0   8  15  30  72  86  87 105 117 134];50;56;0;0;0.04561924934387207
I;69;7.653333902359009;10;206.5;199.75;[  0   8  13  22  33  57  86 105 114 117];56;56;0;0;0.04561924934387207
I;70;7.863280773162842;10;206.4375;199.75;[  0   1   8  33  57  99 105 117 131 134];56;56;0;0;0.04561924934387207
I;71;8.060860872268677;10;206.421875;199.75;[  0   8  13  57  86  87  99 105 117 131];56;56;0;0;0.04561924934387207
I;72;8.234466791152954;10;206.25;199.75;[  0   8  13  31  86  87 105 117 132 134];56;56;0;0;0.04561924934387207
I;73;8.45390272140503;10;206.25;199.75;[  0   8  13  57  86  87 105 117 132 134];56;56;0;0;0.04561924934387207
I;74;8.677584886550903;10;206.015625;199.75;[  0   8  13  57  86  87 105 117 131 134];56;56;0;0;0.04561924934387207
I;75;8.882338762283325;10;206.0;199.75;[  0   8  13  86  87  99 105 131 132 134];56;56;0;0;0.04561924934387207
I;76;9.13147497177124;10;205.78125;199.75;[  0   8  13  15  57  86  87 105 117 134];56;56;0;0;0.04561924934387207
I;77;11.967767715454102;10;205.6875;201.3955078125;[  0   8  13  15  57  86  87  99 105 131];84;98;0;0;0.0800628662109375
I;78;12.224340915679932;10;205.640625;201.3955078125;[  0   8  13  86  87 105 117 131 132 134];98;98;0;0;0.0800628662109375
I;79;12.514291763305664;10;205.62500000000017;201.3955078125;[  0   8  15  33  57  86  87 105 117 134];98;98;0;0;0.0800628662109375
I;80;12.798305749893188;10;205.625;201.3955078125;[  0   8  15  57  72  86  87 105 117 134];98;98;0;0;0.0800628662109375
I;81;13.050795793533325;10;205.5156250000001;201.3955078125;[  0   8  13  57  86  87 105 117 131 134];98;98;0;0;0.0800628662109375
I;82;13.333188772201538;10;205.5;201.3955078125;[  0   8  13  33  57  86 105 114 117 134];98;98;0;0;0.0800628662109375
I;83;13.590454578399658;10;205.5;201.3955078125;[  0   8  13  57  86  87 105 114 117 134];98;98;0;0;0.0800628662109375
I;84;13.849284887313843;10;205.5;201.3955078125;[  0   8  13  57  86  87 105 108 117 134];98;98;0;0;0.0800628662109375
I;85;14.096722841262817;10;205.328125;201.3955078125;[  0   1   8  13  86  87  99 105 108 131];98;98;0;0;0.0800628662109375
I;86;14.372045755386353;10;205.2509765625001;201.3955078125;[  0   8  13  15  57  86  87 105 117 134];98;98;0;0;0.0800628662109375
I;87;19.105528831481934;10;205.1796875;202.458984375;[  0   8  13  57  86  87  99 105 117 134];138;167;0;0;0.13623332977294922
I;88;19.48729395866394;10;205.15625;202.458984375;[  0   8  13  22  86  87 105 117 132 134];167;167;0;0;0.13623332977294922
I;89;19.859686851501465;10;205.10937500000017;202.458984375;[  0   8  13  57  86  87 105 117 131 134];167;167;0;0;0.13623332977294922
I;90;20.2340087890625;10;205.06640625;202.458984375;[  0   8  13  57  86  87 105 117 132 134];167;167;0;0;0.13623332977294922
I;91;20.637996673583984;10;205.06250000000063;202.458984375;[  0   8  13  33  86 105 114 117 131 134];167;167;0;0;0.13623332977294922
I;92;21.00369691848755;10;205.0625;202.458984375;[  0   8  15  81  86  87  99 105 117 131];167;167;0;0;0.13623332977294922
I;93;21.366092681884766;10;205.0625;202.458984375;[  0   8  13  86  87 105 114 117 131 134];167;167;0;0;0.13623332977294922
I;94;21.734115839004517;10;205.06250000000014;202.458984375;[  0   8  13  86  87  99 105 117 131 134];167;167;0;0;0.13623332977294922
I;95;22.094242811203003;10;205.0625;202.458984375;[  0   8  15  33  86  87  99 105 131 134];167;167;0;0;0.13623332977294922
I;96;22.459390878677368;10;205.06250000000034;202.458984375;[  0   8  15  33  86 105 114 117 131 134];167;167;0;0;0.13623332977294922
I;97;22.819926738739014;10;205.03417968750077;202.458984375;[  0   8  13  15  57  86  87 105 117 134];167;167;0;0;0.13623332977294922
I;98;26.520445823669434;10;205.025634765625;202.578369140625;[  0   8  13  15  57  86  87 105 117 134];179;181;0;0;0.14759564399719238
I;99;30.52883291244507;10;205.00634765625;202.679931640625;[  0   8  13  15  57  86  87 105 117 134];194;196;0;0;0.15983104705810547
I;100;34.6552529335022;10;205.0;202.7578125;[  0   8  13  15  57  86  87 105 117 131];206;208;0;0;0.16985273361206055
I;101;35.11939358711243;10;204.99365234375;202.7578125;[  0   8  13  57  86  87 105 117 131 134];208;208;0;0;0.16985273361206055
I;102;35.55790066719055;10;204.97094726562574;202.7578125;[  0   8  13  15  57  86  87 105 117 134];208;208;0;0;0.16985273361206055
I;103;39.75248384475708;10;204.96582031250082;202.81689453125;[  0   8  13  57  86  87 105 117 131 134];214;216;0;0;0.17654061317443848
I;104;40.22227358818054;10;204.9609375;202.81689453125;[  0   8  13  57  86  87 105 117 131 134];216;216;0;0;0.17654061317443848
I;105;44.10598564147949;10;204.9609375;202.81689453125;[  0   8  13  57  86  87 105 117 131 134];217;217;0;0;0.17735052108764648
I;106;48.05259394645691;10;204.9609375;202.81689453125;[  0   8  13  57  86  87 105 117 131 134];218;218;0;0;0.17814946174621582
I;107;52.00100302696228;10;204.9609375;202.81689453125;[  0   8  13  57  86  87 105 117 131 134];219;219;0;0;0.17894649505615234
I;108;55.98061680793762;10;204.9609375;202.81689453125;[  0   8  13  57  86  87 105 117 131 134];220;220;0;0;0.17974448204040527
I;109;60.08592987060547;10;204.94848632812574;202.81689453125;[  0   8  13  15  57  86  87 105 117 134];221;221;0;0;0.18054628372192383
I;110;64.4458487033844;10;204.945068359375;202.87890625;[  0   8  13  15  57  86  87 105 117 134];220;227;0;0;0.18540024757385254
I;111;68.55861401557922;10;204.945068359375;202.883056640625;[  0   8  13  15  57  86  87 105 117 134];227;228;0;0;0.18621230125427246
I;112;72.67306590080261;10;204.945068359375;202.88720703125;[  0   8  13  15  57  86  87 105 117 134];228;229;0;0;0.1870262622833252
I;113;76.95122265815735;10;204.941162109375;202.8935546875;[  0   8  13  15  57  86  87 105 117 134];229;230;0;0;0.18782830238342285
C;113;81.05748772621155;10;204.941162109375;202.8935546875;[  0   8  13  15  57  86  87 105 117 134];0;230;0;0;0.18782830238342285
I;1;0.00486302375793457;10;1000000.0;0;[0 1 2 3 4 5 6 7 8 9];1;1;0;0;0
I;2;0.013236045837402344;10;321.0;0;[  0   1   2   3  33  82  86  99 108 117];1;1;0;0;0
I;3;0.022982120513916016;10;289.0;0;[  0   8  33  86  99 105 108 117 131 134];1;1;0;0;0
I;4;0.03375697135925293;10;277.0;0;[  0  15  22  33  86  99 105 117 131 134];1;1;0;0;0
I;5;0.04499506950378418;10;264.0;0;[  0   1   8  22  33  86  87 105 117 131];1;1;0;0;0
I;6;0.05643105506896973;10;252.0;0;[  0  13  15  33  58  86  87 105 117 131];1;1;0;0;0
I;7;0.06625103950500488;10;225.0;0;[  0   8  22  58  86  87 105 117 131 132];1;1;0;0;0
I;8;0.07735514640808105;10;225.0;0;[  0   1   8  72  86  87 105 117 131 132];1;1;0;0;0
I;9;0.08702707290649414;10;225.0;0;[  0   1   8  13  33  87 105 117 132 134];1;1;0;0;0
I;10;0.09931492805480957;10;222.0;0;[  0   1   8  13  33  86  87 105 117 131];1;1;0;0;0
I;11;0.1102442741394043;10;217.0;0;[  0   8  13  15  86  87 105 117 132 134];1;1;0;0;0
I;12;0.1845240592956543;10;215.0;177.02941176470588;[  0   1   8  13  81  86 104 105 117 134];2;2;0;0;0
I;13;0.1993560791015625;10;215.0;177.02941176470588;[  0   1   8  13  33  86 104 105 117 131];2;2;0;0;0
I;14;0.21435904502868652;10;215.0;177.02941176470588;[  0   1   8  13  33  86  87 105 117 131];2;2;0;0;0
I;15;0.23091816902160645;10;214.0;177.02941176470588;[  0   1   8  13  33  57  86  87 105 117];2;2;0;0;0
I;16;0.253399133682251;10;214.0;177.02941176470588;[  0   1   8  13  33  57 105 108 117 134];2;2;0;0;0
I;17;0.2751920223236084;10;213.0;177.02941176470588;[  0   8  13  33  57  86  87 105 117 131];2;2;0;0;0
I;18;0.29662203788757324;10;213.0;177.02941176470588;[  0   8  15  57  81  86  87 105 114 117];2;2;0;0;0
I;19;0.3151969909667969;10;213.0;177.02941176470588;[  0   8  15  57  72  86  87 105 117 131];2;2;0;0;0
I;20;0.343595027923584;10;212.02941176470588;177.02941176470588;[  0   8  13  15  86  87 105 117 132 134];2;2;0;0;0
I;21;0.48229503631591797;10;212.02941176470588;185.56341911764707;[  0   8  13  15  86  87 105 117 131 132];4;4;0;0;0
I;22;0.510343074798584;10;210.91176470588235;185.56341911764707;[  0   8  13  15  33  86  87 105 117 132];4;4;0;0;0
I;23;0.539696216583252;10;210.91176470588235;185.56341911764707;[  0   8  13  15  57  81  86  87 105 117];4;4;0;0;0
I;24;0.573815107345581;10;210.91176470588235;185.56341911764707;[  0   8  15  30  33  57  86  87 105 117];4;4;0;0;0
I;25;0.6058461666107178;10;210.91176470588235;185.56341911764707;[  0   1   8  30  57  72  86  87 105 117];4;4;0;0;0
I;26;0.6390271186828613;10;210.8823529411765;185.56341911764707;[  0   8  13  15  57  86  87 105 117 134];4;4;0;0;0
I;27;0.6747479438781738;10;210.0;185.56341911764707;[  0  13  15  57  72  86  87 105 117 134];4;4;0;0;0
I;28;0.7231979370117188;10;209.6470588235294;185.56341911764707;[  0   8  13  22  86  87  99 105 108 131];4;4;0;0;0
I;29;0.7684931755065918;10;209.6470588235294;185.56341911764707;[  0   1   8  13  81  86  87 105 117 131];4;4;0;0;0
I;30;0.8148300647735596;10;209.6470588235294;185.56341911764707;[  0   8  13  15  87  99 105 117 131 134];4;4;0;0;0
I;31;0.8616509437561035;10;209.6470588235294;185.56341911764707;[  0   8  13  22  87  99 105 114 117 131];4;4;0;0;0
I;32;0.9280130863189697;10;209.64705882352973;185.56341911764707;[  0   8  13  15  33  86  87 105 117 131];4;4;0;0;0
I;33;0.9953150749206543;10;209.6470588235294;185.56341911764707;[  0   1   8  13  86  87 105 117 131 134];4;4;0;0;0
I;34;1.2956440448760986;10;209.55882352941174;191.5557284703654;[  0   8  13  33  57  99 105 117 132 134];8;8;0;0;0
I;35;1.3674671649932861;10;209.55882352941174;191.5557284703654;[  0   8  13  57  86  87 105 117 132 134];8;8;0;0;0
I;36;1.4524009227752686;10;209.55882355046765;191.5557284703654;[  0   8  13  33  86 105 117 131 132 134];8;8;0;0;0
I;37;1.5184030532836914;10;209.55882352941174;191.5557284703654;[  0   8  15  33  99 105 117 131 132 134];8;8;0;0;0
I;38;1.6073651313781738;10;209.5588235294118;191.5557284703654;[  0   3   8  15  72  86 105 117 132 134];8;8;0;0;0
I;39;1.6896960735321045;10;209.54319852941245;191.5557284703654;[  0   8  13  15  57  86  87 105 117 134];8;8;0;0;0
I;40;1.7657620906829834;10;209.02941176470588;191.5557284703654;[  0   8  13  15  33  57  99 105 117 134];8;8;0;0;0
I;41;1.8677680492401123;10;209.0294117647059;191.5557284703654;[  0   8  13  15  33  99 105 114 117 131];8;8;0;0;0
I;42;1.9504692554473877;10;208.97814171123002;191.5557284703654;[  0   8  13  15  57  86  87 105 117 134];8;8;0;0;0
I;43;2.532320976257324;10;208.4259191512631;195.2519515549746;[  0   8  22  33  86 105 114 117 131 132 134];16;16;0;0;0
I;44;2.6236112117767334;10;208.42591911764708;195.2519515549746;[  0   1   8  72  86  87 105 117 132 134];16;16;0;0;0
I;45;2.737222909927368;10;208.4117647268237;195.2519515549746;[  0   8  13  72  86  87 105 117 131 134];16;16;0;0;0
I;46;2.8449530601501465;10;208.41176472682352;195.2519515549746;[  0   8  13  57  72  87  99 105 117 131];16;16;0;0;0
I;47;2.9641101360321045;10;208.41176470588232;195.2519515549746;[  0   8  22  72  87  99 105 117 131 134];16;16;0;0;0
I;48;3.0953311920166016;10;208.41176470588235;195.2519515549746;[  0   8  13  33  57  86 105 117 131 134];16;16;0;0;0
I;49;3.2082231044769287;10;208.41176470588275;195.2519515549746;[  0   8  13  33  57  86  87 105 117 131];16;16;0;0;0
I;50;3.313868999481201;10;208.41176470588255;195.2519515549746;[  0   8  13  57  86  87 105 114 117 131];16;16;0;0;0
I;51;3.4121861457824707;10;208.41176470588232;195.2519515549746;[  0   8  22  33  57  86 105 117 131 134];16;16;0;0;0
I;52;3.5401360988616943;10;208.41176470588232;195.2519515549746;[  0   8  22  33  57  86 105 114 117 134];16;16;0;0;0
I;53;3.6426031589508057;10;208.41176470588235;195.2519515549746;[  0   8  13  33  57  86 105 114 117 131];16;16;0;0;0
I;54;3.752857208251953;10;207.8446691176477;195.2519515549746;[  0   8  22  57  72  86  87 105 117 134];16;16;0;0;0
I;55;3.8629040718078613;10;207.7841235281263;195.2519515549746;[  0   8  13  57  86  87 105 117 131 134];16;16;0;0;0
I;56;3.9984519481658936;10;207.46642215780543;195.2519515549746;[  0   8  13  86  99 105 114 117 131 132];16;16;0;0;0
I;57;4.1163389682769775;10;207.17647058823545;195.2519515549746;[  0   8  13  15  57  86 105 117 131 134];16;16;0;0;0
I;58;4.233504056930542;10;207.17647058823545;195.2519515549746;[  0   8  13  15  57  86 105 114 117 134];16;16;0;0;0
I;59;4.346849203109741;10;207.17647058823545;195.2519515549746;[  0   8  13  57  86 105 114 117 131 134];16;16;0;0;0
I;60;4.4555792808532715;10;206.97956505810367;195.2519515549746;[  0   1   8  33  86  87  99 105 131 134];16;16;0;0;0
I;61;4.577915906906128;10;206.91298462566888;195.2519515549746;[  0   8  13  57  86  87 105 117 132 134];16;16;0;0;0
I;62;4.700469970703125;10;206.82261029411768;195.2519515549746;[  0   8  13  15  57  86  87 105 114 117];16;16;0;0;0
I;63;4.838309288024902;10;206.70680147058823;195.2519515549746;[  0   8  13  22  57  72  86  87 105 117];16;16;0;0;0
I;64;4.952157974243164;10;206.68604133927118;195.2519515549746;[  0   8  13  57  86  87  99 105 117 131];16;16;0;0;0
I;65;5.109381198883057;10;206.43658088235298;195.2519515549746;[  0   8  13  15  33  57  86  87 105 117];16;16;0;0;0
I;66;5.2587151527404785;10;206.3777573529412;195.2519515549746;[  0   8  15  30  72  86  87 105 117 134];16;16;0;0;0
I;67;5.397858142852783;10;206.35795296203872;195.2519515549746;[  0   8  13  15  57  86  87 105 117 134];16;16;0;0;0
I;68;6.356060028076172;10;206.33815173796793;197.5725287073518;[  0   8  13  57  86  87  99 105 117 134];26;29;0;0;0
I;69;6.509299039840698;10;206.1818774209859;197.5725287073518;[  0   1   8  33  86  87  99 105 117 131];29;29;0;0;0
I;70;6.659753084182739;10;206.10619414191052;197.5725287073518;[  0   8  13  86  87  99 105 117 132 134];29;29;0;0;0
I;71;6.82418417930603;10;206.0632542693213;197.5725287073518;[  0   8  13  15  57  86  87 105 117 134];29;29;0;0;0
I;72;8.443735122680664;10;206.0490089323399;199.38987544380265;[  0   8  15  57  72  86  87 105 117 131];46;52;0;0;0
I;73;8.63326907157898;10;206.0;199.38987544380265;[  0   1   8  13  57  86  87  99 105 131];52;52;0;0;0
I;74;8.830576181411743;10;205.92808695450154;199.38987544380265;[  0   8  13  57  86  87 105 117 131 134];52;52;0;0;0
I;75;9.024312019348145;10;205.85569852941254;199.38987544380265;[  0   8  15  33  57  86  87 105 117 131];52;52;0;0;0
I;76;9.211526870727539;10;205.77738055688567;199.38987544380265;[  0   8  13  57  86  87 105 117 132 134];52;52;0;0;0
I;77;9.403273105621338;10;205.7690174064608;199.38987544380265;[  0   8  22  33  86 105 114 117 131 134];52;52;0;0;0
I;78;9.597836017608643;10;205.67878431693987;199.38987544380265;[  0   1   8  33  58  86 105 117 131 134];52;52;0;0;0
I;79;9.794811964035034;10;205.6702599454315;199.38987544380265;[  0   8  13  15  57  86  87 105 117 134];52;52;0;0;0
I;80;12.674762964248657;10;205.6174767408223;200.8815440303776;[  0   8  13  57  86  87 105 117 131 134];84;94;0;0;0
I;81;12.93761420249939;10;205.5562834224599;200.8815440303776;[  0   8  13  15  33  57  86 105 114 117];94;94;0;0;0
I;82;13.185224056243896;10;205.5079936454477;200.8815440303776;[  0   8  13  15  86  87 105 117 132 134];94;94;0;0;0
I;83;13.444207191467285;10;205.37556400960088;200.8815440303776;[  0   8  13  31  86  87 105 117 132 134];94;94;0;0;0
I;84;13.722906112670898;10;205.37556400960088;200.8815440303776;[  0   8  13  57  86  87 105 117 132 134];94;94;0;0;0
I;85;13.967225074768066;10;205.3020535920328;200.8815440303776;[  0   8  22  33  86  87 105 117 131 134];94;94;0;0;0
I;86;14.23981499671936;10;205.2706241615417;200.8815440303776;[  0   8  13  15  57  86  87 105 117 134];94;94;0;0;0
I;87;18.83923316001892;10;205.2513830664847;202.02137143803262;[  0   8  13  22  86  87 105 114 117 131];128;158;0;0;0
I;88;19.19382929801941;10;205.19980124281741;202.02137143803262;[  0   8  22  33  57  99 105 114 117 131];158;158;0;0;0
I;89;19.538599967956543;10;205.1808907453798;202.02137143803262;[  0   8  13  86 105 114 117 131 132 134];158;158;0;0;0
I;90;19.905835151672363;10;205.1532119233223;202.02137143803262;[  0   8  13  57  86  87 105 117 131 134];158;158;0;0;0
I;91;20.250890970230103;10;205.05882352941177;202.02137143803262;[  0  15  30  72  86  87 105 117 131 134];158;158;0;0;0
I;92;20.602702140808105;10;204.98157293507077;202.02137143803262;[  0   8  13  15  57  86  87 105 117 134];158;158;0;0;0
I;93;24.019350051879883;10;204.9723612124319;202.31399882942216;[  0   8  13  57  86  87 105 108 117 134];168;169;0;0;0
I;94;24.389819145202637;10;204.9723612124319;202.31399882942216;[  0   8  13  57  86  87  99 105 117 134];169;169;0;0;0
I;95;24.758944988250732;10;204.96193936376778;202.31399882942216;[  0   8  13  15  57  86  87 105 117 134];169;169;0;0;0
I;96;28.33188819885254;10;204.94626699089346;202.48866749750718;[  0   8  13  57  86  87 105 117 131 134];178;179;0;0;0
I;97;28.72910213470459;10;204.94321381710068;202.48866749750718;[  0   8  13  22  57  86  87 105 117 134];179;179;0;0;0
I;98;32.332940101623535;10;204.94321381710068;202.48866749750718;[  0   1   8  13  57  86  87 105 117 134];184;186;0;0;0
I;99;32.71927809715271;10;204.93702268311534;202.48866749750718;[  0   1   8  13  57  86  87 105 117 134];186;186;0;0;0
I;100;36.71773815155029;10;204.92995583747796;202.68663097744974;[  0   1   8  13  57  86  87 105 117 134];192;199;0;0;0
I;101;40.63239908218384;10;204.9211183786642;202.74787920046606;[  0   1   8  13  57  86  87 105 117 134];202;205;0;0;0
I;102;44.48717212677002;10;204.9211183786642;202.78322341606238;[  0   1   8  13  57  86  87 105 117 134];206;209;0;0;0
I;103;48.526042222976685;10;204.92093784579328;202.81188217345158;[  0   8  13  57  86  87 105 117 131 134];209;212;0;0;0
I;104;48.994895219802856;10;204.9161469188368;202.81188217345158;[  0   8  13  22  57  86  87 105 117 134];212;212;0;0;0
I;105;49.4461669921875;10;204.9161469188368;202.81188217345158;[  0   1   8  13  57  86  87 105 117 134];212;212;0;0;0
I;106;53.33372712135315;10;204.9161469188368;202.8336330675;[  0   1   8  13  57  86  87 105 117 134];211;214;0;0;0
I;107;57.23576092720032;10;204.9161469188368;202.85232980045453;[  0   1   8  13  57  86  87 105 117 134];213;216;0;0;0
I;108;61.13073515892029;10;204.9161469188368;202.85232980045456;[  0   1   8  13  57  86  87 105 117 134];214;217;0;0;0
I;109;65.13661694526672;10;204.91406203786516;202.8627384406174;[  0   1   8  13  57  86  87 105 117 134];215;218;0;0;0
C;109;69.05741119384766;10;204.91406203786516;202.87264685486727;[  0   1   8  13  57  86  87 105 117 134];0;219;0;0;0
