1;0.38526487350463867;10;362.0;0;[  0   1   2   3   6  68  83 188 198 232];1;1
2;0.7895472049713135;10;255.0;0.0;[  0   3   6  68  83 165 182 188 198 232];1;1
3;1.2068660259246826;10;255.0;0.0;[  0   3   6  68 107 165 182 188 198 232];1;1
4;1.6210651397705078;10;255.0;0.0;[  3  68  83 107 111 165 182 188 198 232];1;1
5;2.038043975830078;10;255.0;0.0;[  2   3   6  68  83  84  98 165 182 198];1;1
6;2.514961004257202;10;255.0;0.0;[  2   3   6  68  83  84  98 165 182 198];2;2
7;3.113363027572632;10;255.0;0.0;[  0   3   6  68  83  84 107 111 165 182];4;4
8;3.551076889038086;10;255.0;0.0;[  0   3   6  98 107 111 165 182 188 198];4;4
9;4.332992792129517;10;255.0;0.0;[  0   3   6  68  98 107 111 165 179 182];8;8
10;5.500437021255493;10;255.0;0.0;[  0   3   6  68  98 107 111 165 182 198];16;16
11;7.154667854309082;10;255.0;79.375;[  0   2   3   6  80  98 165 182 188 198];22;27
12;10.257782220840454;10;254.302734375;0.0;[  0   2   3   6  79  84 165 182 188 198];54;54
13;12.825047969818115;10;254.29296875;218.25;[  0   2   3   6  84 107 165 182 188 198];18;63
14;16.0750789642334;10;254.12158203125;226.203125;[  0   2   3   6  98 107 165 182 188 198];28;77
15;19.025951147079468;10;254.070556640625;248.14208984375;[  0   2   3   6  98 107 165 182 188 198];12;83
16;21.840279817581177;10;254.06622314453125;252.98583984375;[  0   2   3   6  98 107 165 182 188 198];4;85
17;24.7699978351593;10;254.0654754638672;253.2332763671875;[  0   2   3   6  79  98 165 182 188 198];6;88
18;27.729707956314087;10;254.06488037109375;253.7142333984375;[  0   2   3   6  11  98 165 182 188 198];4;90
19;30.889827013015747;10;254.06475830078125;253.7142333984375;[  0   2   3   6  79  84 165 182 188 198];8;94
20;35.082468032836914;10;254.0638599395752;245.12037658691406;[  0   2   3   6  98 107 165 182 188 198];30;109
21;38.74364614486694;10;254.06379890441895;253.91510581970215;[  0   2   3   6  84 107 165 182 188 198];8;113
22;42.85256004333496;10;254.0585651397705;250.88051986694336;[  0   2   3   6  98 107 165 182 188 198];16;121
22;46.05496883392334;10;254.0585651397705;253.98295211791992;[  0   2   3   6  98 107 165 182 188 198];0;121
