I;1;0.0011258125305175781;10;1000000.0;0;[0 1 2 3 4 5 6 7 8 9];1;1;0;0;0
I;2;0.02000594139099121;10;244.0;0;[  0   1   2   3   4   5   6 273 309 327];1;1;0;0;0
I;3;0.03972673416137695;10;244.0;0;[  0   5   8 273 285 302 307 309 327 370];1;1;0;0;0
I;4;0.058804988861083984;10;226.0;0;[  2   8 229 273 285 302 307 309 327 412];1;1;0;0;0
I;5;0.22562289237976074;10;226.0;164.5097087378641;[  2   8   9 229 273 285 302 307 309 327];2;2;1;1;0.003706693649291992
I;6;0.24786090850830078;10;226.0;164.5097087378641;[  2   5   9 229 285 307 309 327 339 404];2;2;1;1;0.003706693649291992
I;7;0.27051806449890137;10;226.0;164.5097087378641;[  2   9 229 273 285 302 309 327 339 412];2;2;1;1;0.003706693649291992
I;8;0.29422473907470703;10;226.0;164.5097087378641;[  2   5   9 229 285 302 303 309 327 329];2;2;1;1;0.003706693649291992
I;9;0.6073589324951172;10;226.0;187.6790048543689;[  2   8   9  78 229 273 302 309 327 351];4;4;3;3;0.011000394821166992
I;10;0.6375317573547363;10;226.0;187.6790048543689;[  2   8   9  78 229 273 285 309 327 339];4;4;3;3;0.011000394821166992
I;11;0.6683759689331055;10;225.78125;187.6790048543689;[  2   5   8   9 229 270 273 302 309 327];4;4;3;3;0.011000394821166992
I;12;0.698275089263916;10;225.38106796116503;187.6790048543689;[  2   9  78 229 273 285 302 303 309 327];4;4;3;3;0.011000394821166992
I;13;1.3262808322906494;10;225.24785322889142;204.57873179611647;[  2   8   9  78 229 273 285 302 309 327];8;8;7;7;0.027618885040283203
I;14;1.3660168647766113;10;222.73058712121212;204.57873179611647;[  2   8   9 181 229 285 302 309 327 329];8;8;7;7;0.027618885040283203
I;15;1.4052278995513916;10;219.6868932038835;204.57873179611647;[  2   8 181 229 273 285 302 303 309 327];8;8;7;7;0.027618885040283203
I;16;1.4487438201904297;10;215.45013698882022;204.57873179611647;[  2   5 181 229 272 273 302 309 327 329];8;8;7;7;0.027618885040283203
I;17;1.4941790103912354;10;215.45013698882022;204.57873179611647;[  2   5 229 272 273 285 302 309 327 329];8;8;7;7;0.027618885040283203
I;18;1.5416479110717773;10;214.61621065019122;204.57873179611647;[  2   8 181 229 270 272 273 302 309 327];8;8;7;7;0.027618885040283203
I;19;1.5839788913726807;10;214.61621065019125;204.57873179611647;[  2   8 229 270 272 273 285 302 309 327];8;8;7;7;0.027618885040283203
I;20;1.6262850761413574;10;213.69129477419898;204.57873179611647;[  2   8   9 229 270 273 285 302 309 327];8;8;7;7;0.027618885040283203
I;21;1.6741299629211426;10;213.17880718593702;204.57873179611647;[  2   8   9  35 229 273 285 309 327 339];8;8;7;7;0.027618885040283203
I;22;1.716794729232788;10;213.08906686709327;204.57873179611647;[  2   8   9 229 270 273 285 302 309 327];8;8;7;7;0.027618885040283203
I;23;2.9095919132232666;10;213.0130231318042;204.57873179611647;[  2   8   9 229 273 285 302 309 327 329];16;16;15;11;0.05733370780944824
I;24;2.977214813232422;10;212.7521559649897;204.57873179611647;[  2   9 229 273 285 302 303 309 327 339];16;16;15;11;0.05733370780944824
I;25;3.0442087650299072;10;212.3242112799728;204.57873179611647;[  2   8   9 229 270 273 285 302 309 327];16;16;15;11;0.05733370780944824
I;26;5.340106010437012;10;211.89885352309503;204.57873179611647;[  2   5   8  78 229 273 285 302 309 327];30;31;30;17;0.11049652099609375
I;27;5.443892955780029;10;211.87884601444938;204.57873179611647;[  2   8   9 229 270 273 285 302 309 327];31;31;30;17;0.11049652099609375
I;28;9.731011867523193;10;211.810190037511;207.58523183523795;[  2   5   8 229 270 273 285 302 309 327];56;59;58;33;0.21927452087402344
I;29;9.904701948165894;10;211.51934193561627;207.58523183523795;[  2   8   9 229 270 273 285 302 309 327];59;59;58;33;0.21927452087402344
I;30;17.327681064605713;10;211.3538414444925;209.11632770858472;[  2   8   9 229 270 273 285 302 309 327];92;105;104;56;0.40091967582702637
C;30;28.509557962417603;10;211.3538414444925;209.90579289260168;[  2   8   9 229 270 273 285 302 309 327];0;173;172;93;0.6877593994140625
