1;0.3772132396697998;10;296.0;0;[  0   1   2   3   4   5  28 168 258 284];1;1
2;0.7699530124664307;10;296.0;0.0;[  0   1  28  44 145 168 192 229 258 284];1;1
3;1.1782431602478027;10;296.0;0.0;[  0  28  41  44  66  79 168 229 258 284];1;1
4;1.5808651447296143;10;296.0;0.0;[  0   1  28  34  44  79 140 168 258 284];1;1
5;1.982151985168457;10;296.0;0.0;[  0   1  28  34  44 140 168 229 258 284];1;1
6;2.4762330055236816;10;242.25;0.0;[  0   1  28  34  44 140 168 229 258 284];2;2
7;3.069850206375122;10;242.25;0.0;[  0   1  28  34  44 140 168 229 258 284];4;4
8;3.8014461994171143;10;242.25;73.5;[  0   1  28  34  44 140 168 229 258 284];6;7
9;4.641025066375732;10;242.25;141.4375;[  0   1  28  34  44 140 168 229 258 284];6;10
10;5.668127059936523;10;242.123046875;173.5859375;[  0   1  28  34  44 140 145 168 258 284];8;14
11;7.1057960987091064;10;241.93505859375;67.115234375;[  0   1  28  34  44 140 145 168 258 284];16;22
12;8.878434181213379;10;241.8740234375;149.24609375;[  0   1  28  34 140 145 168 229 258 284];18;31
13;10.614930152893066;10;241.8740234375;232.21484375;[  0   1  28  34 140 145 168 229 258 284];8;35
14;12.774129152297974;10;241.8734130859375;232.21484375;[  0   1  28  34 140 145 168 229 258 284];16;43
15;15.251580238342285;10;241.872802734375;236.762939453125;[  0   1  28  34 140 145 168 229 258 284];16;51
16;17.687838077545166;10;241.8690643310547;240.16241455078125;[  0   1  28  34 140 145 168 229 258 284];8;55
16;19.601041316986084;10;241.8690643310547;241.31094360351562;[  0   1  28  34 140 145 168 229 258 284];0;55
1;0.390927791595459;10;296.0;0;[  0   1   2   3   4   5  28 168 258 284];1;1
2;0.8046727180480957;10;296.0;0.0;[  0   1  28  44 145 168 192 229 258 284];1;1
3;1.2283096313476562;10;296.0;0.0;[  0  28  41  44  66  79 168 229 258 284];1;1
4;1.6466867923736572;10;296.0;0.0;[  0   1  28  34  44  79 140 168 258 284];1;1
5;2.0660717487335205;10;296.0;0.0;[  0   1  28  34  44 140 168 229 258 284];1;1
6;2.5825936794281006;10;242.25;0.0;[  0   1  28  34  44 140 168 229 258 284];2;2
7;3.2010498046875;10;242.25;0.0;[  0   1  28  34  44 140 168 229 258 284];4;4
8;3.9682986736297607;10;242.25;73.5;[  0   1  28  34  44 140 168 229 258 284];6;7
9;4.840460777282715;10;242.25;141.4375;[  0   1  28  34  44 140 168 229 258 284];6;10
10;5.9219279289245605;10;242.123046875;173.5859375;[  0   1  28  34  44 140 145 168 258 284];8;14
11;7.448642730712891;10;241.93505859375;67.115234375;[  0   1  28  34  44 140 145 168 258 284];16;22
12;9.326270818710327;10;241.8740234375;149.24609375;[  0   1  28  34 140 145 168 229 258 284];18;31
13;11.14046573638916;10;241.8740234375;232.21484375;[  0   1  28  34 140 145 168 229 258 284];8;35
14;13.399057865142822;10;241.8734130859375;232.21484375;[  0   1  28  34 140 145 168 229 258 284];16;43
15;15.990684747695923;10;241.872802734375;236.762939453125;[  0   1  28  34 140 145 168 229 258 284];16;51
16;18.53894567489624;10;241.8690643310547;240.16241455078125;[  0   1  28  34 140 145 168 229 258 284];8;55
-1;;20.5389347076416;10;241.8690643310547;241.31094360351562;[  0   1  28  34 140 145 168 229 258 284];0;55
