I;1;0.006170034408569336;10;1000000.0;0;[0 1 2 3 4 5 6 7 8 9];1;1;0;0;0
I;2;0.017737150192260742;10;262.0;0;[  0   1   2   3   4  76 106 188 199 226];1;1;0;0;0
I;3;0.029037952423095703;10;234.0;0;[  0   1   2   3  76  79 106 188 199 226];1;1;0;0;0
I;4;0.04140615463256836;10;234.0;0;[  0  79 106 198 199 210 218 225 226 230];1;1;0;0;0
I;5;0.053896188735961914;10;234.0;0;[  0   2  79 106 188 198 199 200 224 226];1;1;0;0;0
I;6;0.15526795387268066;10;234.0;164.0;[  0  79 106 188 198 199 224 225 226 235];2;2;0;0;0
I;7;0.1689441204071045;10;234.0;164.0;[  0   2  79 106 188 199 218 226 232 235];2;2;0;0;0
I;8;0.35846495628356934;10;234.0;182.625;[  0   5  79  91 106 199 218 226 233 235];4;4;0;0;0
I;9;0.3770101070404053;10;234.0;182.625;[  0   5  79 106 188 194 199 218 226 235];4;4;0;0;0
I;10;0.7440712451934814;10;234.0;190.625;[  0   2   5  63  79 106 198 199 226 235];8;8;0;0;0
I;11;1.4738330841064453;10;234.0;196.15625;[  0   2   5  63  79 106 198 199 226 235];16;16;0;0;0
I;12;2.83240008354187;10;234.0;203.4375;[  0   2   5  63  79 106 199 218 226 235];31;31;0;0;0
I;13;5.588412046432495;10;233.990234375;213.4765625;[  0   2   5  63  79 106 199 200 218 226];62;62;0;0;0
I;14;5.711965084075928;10;233.990234375;213.4765625;[  0   2   5  63  79 106 199 218 226 235];62;62;0;0;0
I;15;10.089763164520264;10;233.990234375;217.51953125;[  0   2   5  52  79 106 199 218 226 235];105;105;0;0;0
I;16;10.313433170318604;10;233.84619140625;217.51953125;[  0   2   5  52  79 106 199 218 226 235];105;105;0;0;0
I;17;18.159419059753418;10;233.25;225.689697265625;[  0   2   5  79 106 178 199 218 226 235];160;185;0;0;0
I;18;18.507954120635986;10;233.25;225.689697265625;[  0   2   5  76  79 178 198 199 226 235];185;185;0;0;0
I;19;18.883145093917847;10;233.25;225.689697265625;[  0   2   5  76  79 178 199 218 226 235];185;185;0;0;0
I;20;19.23075819015503;10;233.14111328125;225.689697265625;[  0   2   5  52  76  79 198 199 226 235];185;185;0;0;0
I;21;19.59056806564331;10;233.14111328125;225.689697265625;[  0   2   5  52  76  79 199 218 226 235];185;185;0;0;0
I;22;28.27814221382141;10;233.0;225.83831787109375;[  0   2   5  52  79 178 199 218 226 235];244;244;0;0;0
I;23;28.758928060531616;10;233.0;225.83831787109375;[  2   5   6  52  79 188 199 218 226 235];244;244;0;0;0
I;24;29.217872142791748;10;233.0;225.83831787109375;[  2   5  52  79 178 188 199 218 226 235];244;244;0;0;0
I;25;29.664427042007446;10;233.0;225.83831787109375;[  0   2   5   6  79 104 198 199 226 235];244;244;0;0;0
I;26;30.16052222251892;10;233.0;225.83831787109375;[  2   5   6  76  79 103 199 218 226 235];244;244;0;0;0
I;27;30.61452889442444;10;233.0;225.83831787109375;[  0   2   5   6  52  79 199 218 226 235];244;244;0;0;0
I;28;31.108395099639893;10;232.945068359375;225.83831787109375;[  2   5   6  63  76  79 199 218 226 235];244;244;0;0;0
I;29;31.571885108947754;10;232.816162109375;225.83831787109375;[  2   5   6  52  76  79 199 218 226 235];244;244;0;0;0
I;30;32.03293824195862;10;232.779052734375;225.83831787109375;[  2   5   6  52  76  79 199 218 226 235];244;244;0;0;0
I;31;46.217684268951416;10;232.779052734375;227.798828125;[  0   2   5   6  79 103 199 218 226 235];365;367;0;0;0
I;32;46.931151151657104;10;232.77905273437545;227.798828125;[  0   2   5   6  52  79 199 218 226 235];367;367;0;0;0
I;33;47.627634048461914;10;232.717041015625;227.798828125;[  0   2   5  52  79 106 199 218 226 235];367;367;0;0;0
I;34;48.358328104019165;10;232.717041015625;227.798828125;[  0   2   5  79 103 188 199 218 226 235];367;367;0;0;0
I;35;49.042718172073364;10;232.717041015625;227.798828125;[  0   2   5  52  76  79 199 218 226 235];367;367;0;0;0
I;36;49.75937294960022;10;232.66357421875;227.798828125;[  0   2   5   6  76  79 199 218 226 235];367;367;0;0;0
I;37;50.44674515724182;10;232.49960327148438;227.798828125;[  2   5   6  79 103 106 199 218 226 235];367;367;0;0;0
I;38;51.16395115852356;10;232.49960327148438;227.798828125;[  2   5   6  76  79 103 199 218 226 235];367;367;0;0;0
I;39;51.87867617607117;10;232.47027587890625;227.798828125;[  0   2   5  76  79 103 199 218 226 235];367;367;0;0;0
I;40;52.56183910369873;10;232.41366577148438;227.798828125;[  2   5   6  63  76  79 199 218 226 235];367;367;0;0;0
I;41;53.279513120651245;10;232.41366577148438;227.798828125;[  2   5   6  52  79 188 199 218 226 235];367;367;0;0;0
I;42;53.96949315071106;10;232.41366577148438;227.798828125;[  2   5   6  52  76  79 199 218 226 235];367;367;0;0;0
I;43;70.64282011985779;10;232.40975952148514;228.42529296875;[  0   2   5   6  52  79 199 218 226 235];460;476;0;0;0
I;44;71.56205201148987;10;232.38433837890625;228.42529296875;[  0   2   5  52  76  79 199 218 226 235];476;476;0;0;0
I;45;72.47334909439087;10;232.23968505859438;228.42529296875;[  2   5   6  52  79 106 199 218 226 235];476;476;0;0;0
I;46;73.37902092933655;10;232.2396850585944;228.42529296875;[  2   5   6  52  76  79 199 218 226 235];476;476;0;0;0
I;47;93.5113730430603;10;232.22552490234455;228.90380859375;[  0   2   5   6  52  79 199 218 226 235];566;594;0;0;0
I;48;94.65802526473999;10;232.22415161132812;228.90380859375;[  0   2   5  52  76  79 199 218 226 235];594;594;0;0;0
I;49;95.75767493247986;10;232.22030639648438;228.90380859375;[  2   5   6  76  79 103 199 218 226 235];594;594;0;0;0
I;50;96.88519811630249;10;232.20440673828125;228.90380859375;[  2   5   6  52  76  79 199 218 226 235];594;594;0;0;0
I;51;120.07002687454224;10;232.1923828125;229.1925048828125;[  0   2   5  52  79 106 199 218 226 235];681;709;0;0;0
I;52;121.41150212287903;10;232.1923828125;229.1925048828125;[  0   2   5  63  76  79 199 218 226 235];709;709;0;0;0
I;53;122.75039005279541;10;232.1923828125;229.1925048828125;[  0   2   5  52  76  79 199 218 226 235];709;709;0;0;0
I;54;124.06164598464966;10;232.19219207763754;229.1925048828125;[  2   5   6  52  79 106 199 218 226 235];709;709;0;0;0
I;55;125.41430401802063;10;232.19219207763672;229.1925048828125;[  2   5   6  52  76  79 199 218 226 235];709;709;0;0;0
I;56;150.98147916793823;10;232.18515014648438;229.3797607421875;[  0   2   5  52  76  79 199 218 226 235];757;812;0;0;0
I;57;152.49873518943787;10;232.18438720703125;229.3797607421875;[  0   2   5   6  52  79 199 218 226 235];812;812;0;0;0
I;58;154.0717830657959;10;232.1792755126953;229.3797607421875;[  2   5   6  52  76  79 199 218 226 235];812;812;0;0;0
I;59;181.56318616867065;10;232.1724395751953;229.5178680419922;[  2   5   6  52  76  79 199 218 226 235];846;902;0;0;0
I;60;210.6900610923767;10;232.17140197753906;229.58164978027344;[  0   2   5  52  76  79 199 218 226 235];924;980;0;0;0
I;61;212.52729511260986;10;232.16952514648438;229.58164978027344;[  0   2   5   6  79 103 199 218 226 235];980;980;0;0;0
I;62;214.41266298294067;10;232.1607322692877;229.58164978027344;[  2   5   6  52  76  79 199 218 226 235];980;980;0;0;0
I;63;245.25550603866577;10;232.1568145751957;229.6776580810547;[  0   2   5  52  76  79 199 218 226 235];995;1051;0;0;0
I;64;247.21353316307068;10;232.1548614501953;229.6776580810547;[  0   2   5   6  52  79 199 218 226 235];1051;1051;0;0;0
I;65;249.2504951953888;10;232.15198135375977;229.6776580810547;[  2   5   6  52  76  79 199 218 226 235];1051;1051;0;0;0
I;66;280.40429520606995;10;232.15133666992188;229.71280670166016;[  0   2   5  52  79 106 199 218 226 235];1040;1096;0;0;0
I;67;282.45303225517273;10;232.15133666992188;229.71280670166016;[  0   2   5  52  76  79 199 218 226 235];1096;1096;0;0;0
I;68;284.5432770252228;10;232.14928436279297;229.71280670166016;[  0   2   5  52  76  79 199 218 226 235];1096;1096;0;0;0
I;69;315.81718611717224;10;232.14926147461037;229.71280670166016;[  2   5   6  52  76  79 199 218 226 235];1014;1120;0;0;0
I;70;349.0470230579376;10;232.14897918701172;229.76782989501953;[  0   2   5  52  76  79 199 218 226 235];1121;1169;0;0;0
I;71;351.2193970680237;10;232.14453887939553;229.76782989501953;[  2   5   6  52  76  79 199 218 226 235];1169;1169;0;0;0
I;72;383.83863592147827;10;232.14410400390625;229.77979278564453;[  0   2   5  76  79 103 199 218 226 235];1127;1186;0;0;0
I;73;386.0281720161438;10;232.14380645751953;229.77979278564453;[  2   5   6  52  76  79 199 218 226 235];1186;1186;0;0;0
I;74;419.1485641002655;10;232.1436538696289;229.78931427001953;[  0   2   5  52  76  79 199 218 226 235];1141;1200;0;0;0
I;75;421.3976330757141;10;232.14167022705178;229.78931427001953;[  2   5   6  52  76  79 199 218 226 235];1200;1200;0;0;0
I;76;454.4447431564331;10;232.14041900634766;229.79865264892578;[  0   2   5  52  76  79 199 218 226 235];1146;1211;0;0;0
I;77;456.6900420188904;10;232.14038848877053;229.79865264892578;[  2   5   6  52  76  79 199 218 226 235];1211;1211;0;0;0
I;78;489.8047490119934;10;232.13894271850586;229.80280303955078;[  0   2   5  52  76  79 199 218 226 235];1146;1218;0;0;0
I;79;492.0701012611389;10;232.13867950439453;229.80280303955078;[  2   5   6  52  76  79 199 218 226 235];1218;1218;0;0;0
I;80;525.5095012187958;10;232.13782501220703;229.80628204345703;[  2   5   6  52  76  79 199 218 226 235];1149;1223;0;0;0
I;81;558.8075029850006;10;232.13782501220703;229.81018829345703;[  2   5   6  52  76  79 199 218 226 235];1163;1227;0;0;0
I;82;592.0468320846558;10;232.13782501220703;229.81348419189453;[  2   5   6  52  76  79 199 218 226 235];1163;1230;0;0;0
I;83;625.6754751205444;10;232.13782501220703;229.81543731689453;[  2   5   6  52  76  79 199 218 226 235];1160;1232;0;0;0
I;84;659.1348741054535;10;232.13782501220703;229.81629180908203;[  2   5   6  52  76  79 199 218 226 235];1174;1233;0;0;0
C;84;692.5687839984894;10;232.13782501220703;229.81714630126953;[  2   5   6  52  76  79 199 218 226 235];0;1234;0;0;0
