1;0.3966829776763916;10;184.0;0;[  0   1   2   3   4   5   6  51 105 116];1;1
2;0.8202521800994873;10;184.0;0.0;[  0   1   2   3  10  51 105 116 134 225];1;1
3;1.2447028160095215;10;184.0;0.0;[  1  10  51 105 116 134 225 313 353 357];1;1
4;1.7660870552062988;10;184.0;0.0;[  1   5  10  51 105 116 353 354 356 357];2;2
5;2.440803050994873;10;184.0;0.0;[  1   5  50  51 105 116 124 134 355 358];4;4
6;3.4143028259277344;10;184.0;0.0;[  1  10  50  51 105 116 124 134 355 357];8;8
7;4.855523109436035;10;184.0;0.0;[  1  10  50  51 105 116 124 134 355 357];16;16
8;7.2625861167907715;10;184.0;10.84375;[  1  10  50  51 105 116 124 225 355 357];30;31
9;11.249279975891113;10;184.0;32.296875;[  1  10  50  51 105 116 124 225 355 357];52;57
10;18.310821056365967;10;184.0;42.90625;[  1  10  50  51 105 116 124 225 355 357];96;105
11;30.71222996711731;10;183.9921875;56.818359375;[  1  10  50  51  86 105 116 123 124 134];172;191
12;52.349366903305054;10;183.981689453125;72.8466796875;[  1  10  29  50  51 105 116 124 134 231];298;340
13;89.42348408699036;10;184.0;87.294189453125;[  1   5  10  50  51 105 116 124 225 288];514;597
14;126.30412411689758;10;183.9970703125;156.744384765625;[  1   5  10  29  50  51 105 116 124 225];288;741
15;127.96569204330444;10;183.9935302734375;156.744384765625;[  1   5  10  49  50  51 105 116 124 225];741;741
16;199.08212399482727;10;183.99612426757812;121.629150390625;[  1   5  10  50  51 105 116 123 134 288];904;1193
17;318.67941999435425;10;183.98600006103516;123.42056274414062;[  1   5  10  50  51  92 105 116 124 134];1546;1966
18;470.86354899406433;10;183.98555755615234;158.1812744140625;[  1   5  10  50  51 105 116 123 134 288];1546;2739
19;475.933739900589;10;183.98532104492188;158.1812744140625;[  1   5  10  50  51 105 116 123 134 288];2739;2739
20;742.8863468170166;10;183.9801254272461;146.67454528808594;[  1   5  10  29  50  51 105 116 124 134];3108;4293
21;750.9818108081818;10;183.97862243652344;146.67454528808594;[  1   5  10  29  50  51 105 116 134 288];4293;4293
22;1122.806194782257;10;183.98322057724;160.06873321533203;[  1   5  10  50  51 105 116 124 134 288];3712;6149
23;1488.7166550159454;10;183.979478597641;179.34768772125244;[  1   5  10  50  51 105 116 124 134 288];2152;7225
24;1938.8464469909668;10;183.9758938550949;181.1730477809906;[  1   5  10  50  51 105 116 124 134 288];2678;8564
24;2485.7204089164734;10;183.9758938550949;182.30833864212036;[  1   5  10  50  51 105 116 124 134 288];0;10211
1;0.4006471633911133;10;184.0;0;[  0   1   2   3   4   5   6  51 105 116];1;1;0;0
2;0.8228809833526611;10;184.0;0.0;[  0   1   2   3  10  51 105 116 134 225];1;1;0;0
3;1.2474422454833984;10;184.0;0.0;[  1  10  51 105 116 134 225 313 353 357];1;1;0;0
4;1.7761571407318115;10;184.0;0.0;[  1  10  50  51 105 116 134 225 288 357];2;2;1;1
5;2.39685320854187;10;184.0;0.0;[  1  10  50  51 105 116 134 225 288 357];4;4;3;1
6;3.2696340084075928;10;184.0;0.0;[  1  10  50  51 105 116 211 288 355 356];8;8;7;3
7;3.813876152038574;10;184.0;0.0;[  1  10  50  51 105 116 124 354 355 356];8;8;7;3
8;5.255123138427734;10;184.0;0.0;[  1  10  50  51 105 116 124 225 353 359];16;16;15;3
9;5.722849130630493;10;184.0;0.0;[  1  10  50  51 105 108 116 124 225 359];16;16;15;3
10;8.24768614768982;10;184.0;0.0;[  1  10  49  50  51 105 108 116 124 225];32;32;31;5
11;12.727874994277954;10;184.0;20.156617647058823;[  1   5  10  49  50  51 105 116 124 225];60;62;61;15
12;20.105876207351685;10;183.99999999999997;47.59577205882353;[  1   5  10  29  50  51 105 116 124 225];96;110;109;17
13;31.69793725013733;10;183.99995308670344;84.23383425245098;[  1   5  10  29  50  51 105 116 134 288];140;180;179;17
14;48.8320951461792;10;183.9963437824047;87.26606234681373;[  1   5  10  50  51 105 116 124 225 277];200;280;279;35
15;81.6506290435791;10;183.99637906154032;95.50228209252448;[  1   5  10  50  51 105 116 123 134 288];428;494;493;85
16;137.83528327941895;10;183.99566636940227;112.18603124032062;[  1   5  10  29  50  51 105 116 134 288];700;844;843;323
17;216.3774871826172;10;183.9942177418526;133.15918721478482;[  1   5  10  29  50  51 105 116 124 225];876;1282;1281;539
18;339.9527461528778;10;183.9831451226861;140.56150602703218;[  1   5  10  50  51 105 116 123 124 225];1356;1960;1959;691
19;578.4502620697021;10;183.9856328356266;137.52195411529317;[  1   5  10  50  51 105 116 124 134 288];2744;3332;3331;1301
20;887.1211230754852;10;183.98129952230354;163.06839691681498;[  1   5  10  50  51 105 116 124 134 288];2672;4668;4667;1833
21;1319.44810628891;10;183.97864300485062;170.99313591099337;[  1   5  10  50  51 105 116 124 134 288];3468;6402;6401;2365
22;1883.610563993454;10;183.98181440580169;176.6686419140832;[  1   5  10  29  50  51 105 116 134 288];4092;8448;8447;2941
23;3124.265974998474;10;183.97682355184435;152.32769121408333;[  1   5  10  50  51 105 116 124 134 288];10624;13760;13759;5969
24;3174.6269590854645;10;183.97680579624085;152.32769121408333;[  1   5  10  50  51 105 116 124 225 288];13760;13760;13759;5969
1;0.37933921813964844;10;184.0;0;[  0   1   2   3   4   5   6  51 105 116];1;1;0;0
2;0.7887411117553711;10;184.0;0.0;[  0   1   2   3  10  51 105 116 134 225];1;1;0;0
3;1.188305139541626;10;184.0;0.0;[  1  10  51 105 116 134 225 313 353 357];1;1;0;0
4;1.691667079925537;10;184.0;0.0;[  1  10  50  51 105 116 134 225 288 357];2;2;1;1
5;2.2883191108703613;10;184.0;0.0;[  1  10  50  51 105 116 134 225 288 357];4;4;3;1
6;3.131002187728882;10;184.0;0.0;[  1  10  50  51 105 116 211 288 355 356];8;8;7;3
7;3.6447460651397705;10;184.0;0.0;[  1  10  50  51 105 116 124 354 355 356];8;8;7;3
8;5.019621133804321;10;184.0;0.0;[  1  10  50  51 105 116 124 225 353 359];16;16;15;3
9;5.471212148666382;10;184.0;0.0;[  1  10  50  51 105 108 116 124 225 359];16;16;15;3
10;7.888139009475708;10;184.0;0.0;[  1  10  49  50  51 105 108 116 124 225];32;32;31;5
11;12.184143304824829;10;184.0;20.156617647058823;[  1   5  10  49  50  51 105 116 124 225];60;62;61;15
12;19.306355953216553;10;183.99999999999997;47.59577205882353;[  1   5  10  29  50  51 105 116 124 225];96;110;109;17
13;30.431114196777344;10;183.99995308670344;84.23383425245098;[  1   5  10  29  50  51 105 116 134 288];140;180;179;17
14;46.93229413032532;10;183.9963437824047;87.26606234681373;[  1   5  10  50  51 105 116 124 225 277];200;280;279;35
15;78.48491907119751;10;183.99637906154032;95.50228209252448;[  1   5  10  50  51 105 116 123 134 288];428;494;493;85
16;132.528813123703;10;183.99566636940227;112.18603124032062;[  1   5  10  29  50  51 105 116 134 288];700;844;843;323
17;208.24012327194214;10;183.9942177418526;133.15918721478482;[  1   5  10  29  50  51 105 116 124 225];876;1282;1281;539
18;326.95282220840454;10;183.9831451226861;140.56150602703218;[  1   5  10  50  51 105 116 123 124 225];1356;1960;1959;691
19;556.2166881561279;10;183.9856328356266;137.52195411529317;[  1   5  10  50  51 105 116 124 134 288];2744;3332;3331;1301
20;853.6873049736023;10;183.98129952230354;163.06839691681498;[  1   5  10  50  51 105 116 124 134 288];2672;4668;4667;1833
21;1270.2772402763367;10;183.97864300485062;170.99313591099337;[  1   5  10  50  51 105 116 124 134 288];3468;6402;6401;2365
22;1812.7835121154785;10;183.98181440580169;176.6686419140832;[  1   5  10  29  50  51 105 116 134 288];4092;8448;8447;2941
23;2997.915253162384;10;183.97682355184435;152.32769121408333;[  1   5  10  50  51 105 116 124 134 288];10624;13760;13759;5969
24;3048.3833479881287;10;183.97680579624085;152.32769121408333;[  1   5  10  50  51 105 116 124 225 288];13760;13760;13759;5969
I;1;0.3846311569213867;10;184.0;0;[  0   1   2   3   4   5   6  51 105 116];1;1;0;0;0
I;2;0.8005881309509277;10;184.0;0.0;[  0   1   2   3  10  51 105 116 134 225];1;1;0;0;0
I;3;1.2119061946868896;10;184.0;0.0;[  1  10  51 105 116 134 225 313 353 357];1;1;0;0;0
I;4;1.6228182315826416;10;184.0;0.0;[  1  10  51 105 116 288 353 354 356 357];1;1;0;0;0
I;5;2.0278573036193848;10;184.0;0.0;[  1   5  10  51 105 116 124 353 356 357];1;1;0;0;0
I;6;2.5469632148742676;10;184.0;0.0;[  1   5  10  51 105 116 124 353 356 357];2;2;1;0;0.0020742416381835938
I;7;3.196329116821289;10;184.0;0.0;[  1   5  10  51 105 116 124 134 353 357];4;4;3;0;0.006356239318847656
I;8;4.105929136276245;10;184.0;0.0;[  1   5  10  50  51 105 116 124 134 225];8;8;7;1;0.015367746353149414
I;9;5.525802135467529;10;184.0;0.0;[  1  10  50  51 105 116 124 225 353 357];16;16;15;1;0.03237318992614746
I;10;8.026925086975098;10;184.0;0.0;[  1   5  50  51 105 116 134 225 230 313];32;32;31;7;0.06603264808654785
I;11;8.56339716911316;10;183.99172794117646;0.0;[  1   5  50  51 105 116 124 134 225 229];32;32;31;7;0.06603264808654785
I;12;9.29131007194519;10;184.0;0.0;[  1  10  29  50  51 105 116 124 134 313];32;32;31;7;0.06603264808654785
I;13;13.822240114212036;10;184.0;21.6875;[  1   5  10  50  51 105 116 123 124 225];56;60;59;8;0.1259765625
I;14;21.45330834388733;10;183.99713541666668;56.84857536764705;[  1  10  29  50  51 105 116 123 124 225];92;106;105;11;0.22347521781921387
I;15;34.08778429031372;10;183.99734750600956;63.77814797794118;[  1   5  10  50  51 105 116 124 211 225];150;181;180;18;0.38387179374694824
I;16;55.07840824127197;10;183.9999557327438;102.39953278186273;[  1   5  10  29  50  51 105 116 134 288];244;303;302;38;0.6375432014465332
I;17;82.92588329315186;10;183.99327139446407;125.16261917702784;[  1   5  10  50  51 105 116 123 124 134];272;439;438;115;0.9169507026672363
I;18;130.38973426818848;10;183.98926341057464;125.85244107417982;[  1   5  10  50  51 105 116 123 134 288];534;706;705;189;1.4629404544830322
I;19;132.94034099578857;10;183.99489598100615;125.85244107417982;[  1   5  10  29  50  51 105 116 134 288];706;706;705;189;1.4629404544830322
I;20;206.30179405212402;10;183.98564437663163;132.82047929523367;[  1   5  10  50  51 105 116 123 124 225];794;1103;1102;417;2.2721285820007324
I;21;338.7051661014557;10;183.9857241342241;136.7240898169085;[  1   5  10  50  51 105 116 124 134 288];1506;1856;1855;618;3.8138465881347656
I;22;487.1322271823883;10;183.9821912918169;161.78929884776636;[  1   5  10  50  51 105 116 124 134 288];1230;2471;2470;727;5.069401502609253
I;23;679.8254752159119;10;183.9815152110998;170.87596227934424;[  1   5  10  29  50  51 105 116 134 288];1476;3209;3208;846;6.5811684131622314
I;24;1067.5062992572784;10;183.97933689102376;152.82360140966836;[  1   5  10  50  51 105 116 124 134 288];3926;5172;5171;1951;10.680877447128296
I;25;1080.9345552921295;10;183.97932638938659;152.82360140966836;[  1   5  10  50  51 105 116 124 134 288];5172;5172;5171;1951;10.680877447128296
I;26;1515.829870223999;10;183.97666420811555;176.31379719866675;[  1   5  10  29  50  51 105 116 134 288];3040;6692;6691;2371;13.845082998275757
I;27;2132.3135092258453;10;183.97691339764185;163.80742405116112;[  1   5  10  50  51 105 116 124 134 288];4488;8936;8935;3837;18.56512451171875
I;28;2985.736405134201;10;183.97100268372247;179.89702158449677;[  1   5  10  50  51 105 116 134 225 288];5504;11688;11687;4783;24.40979027748108
I;29;3063.5296199321747;10;183.96112774572757;179.89702158449677;[  1   5  10  50  51 105 116 134 225 288];11688;11688;11687;4783;24.40979027748108
