1;0.40950989723205566;10;383.0;0;[  0   1   2   3   4   5  73  81 113 119];1;1
2;0.8157870769500732;10;362.0;0.0;[  0   1   2   3   4  73  74  81 113 119];1;1
3;1.2211380004882812;10;362.0;0.0;[  1  73  74  79  81  85 108 113 119 125];1;1
4;1.6726059913635254;10;362.0;0.0;[  1  73  74  79  81 102 113 118 119 125];2;2
5;2.0916969776153564;10;362.0;0.0;[  1   2  46  73  74  79  81 113 119 125];2;2
6;2.6193840503692627;10;362.0;0.0;[  1  28  73  74  79  80  81  85 113 119];4;4
7;3.2490580081939697;10;362.0;0.0;[  1   2  73  74  79  81 102 113 119 125];8;8
8;4.1067540645599365;10;362.0;0.0;[  1   2  73  74  81  85 102 112 113 119];16;16
9;5.33550500869751;10;362.0;45.25;[  1  73  74  80  81  85 102 113 119 125];28;30
10;7.328309059143066;10;361.578125;33.84375;[  1  24  73  74  81  85 102 113 119 125];54;57
11;10.591652870178223;10;361.578125;84.76171875;[  0   1  73  74  81  85 102 113 119 125];90;102
12;15.993725061416626;10;361.23583984375;132.63671875;[  0   1  73  74  81  85 102 112 113 119];150;177
13;25.398756980895996;10;361.093505859375;116.880859375;[  1  28  73  74  81  85 102 113 119 125];272;313
14;39.46180987358093;10;361.01947021484375;215.09033203125;[  1  46  73  74  81  85 102 113 119 125];366;496
15;59.7355420589447;10;360.9383087158203;268.44781494140625;[  1  46  73  74  81  85 102 113 119 125];496;744
16;88.04672598838806;10;360.8722915649414;302.45054626464844;[  1  28  73  74  81  85 102 113 119 125];644;1066
17;127.95075678825378;10;360.8477096557617;322.37989044189453;[  1  28  73  74  81  85 102 112 113 119];852;1492
18;130.7466139793396;10;360.83866119384766;322.37989044189453;[  1  46  73  74  81  85 102 113 119 125];1492;1492
19;184.86880803108215;10;360.8182487487793;337.0363082885742;[  1  28  73  74  81  85 102 112 113 119];1046;2015
20;188.5884029865265;10;360.8162660598755;337.0363082885742;[  1  46  73  74  81  85 102 113 119 125];2015;2015
21;258.566281080246;10;360.8079204559326;346.84375858306885;[  1  46  73  74  81  85 102 112 113 119];1208;2619
22;263.42947006225586;10;360.80683517456055;346.84375858306885;[  1  46  73  74  81  85 102 112 113 119];2619;2619
23;393.3140139579773;10;360.7994771003723;265.3656840324402;[  1  46  73  74  81  85 102 113 119 125];2706;3972
24;534.2093608379364;10;360.79357290267944;353.8881058692932;[  1  28  73  74  81  85 102 113 119 125];1968;4956
25;708.2918639183044;10;360.7914777994156;355.44979095458984;[  1  46  73  74  81  85 102 113 119 125];2372;6142
25;898.0092921257019;10;360.7914777994156;358.4589823484421;[  1  46  73  74  81  85 102 113 119 125];0;7349
1;0.39098501205444336;10;383.0;0;[  0   1   2   3   4   5  73  81 113 119];1;1;0;0
2;0.8031191825866699;10;362.0;0.0;[  0   1   2   3   4  73  74  81 113 119];1;1;0;0
3;1.2070159912109375;10;362.0;0.0;[  1  73  74  79  81  85 108 113 119 125];1;1;0;0
4;1.6627309322357178;10;362.0;0.0;[  1  28  73  74  79  81 102 113 119 125];2;2;1;1
5;2.0756940841674805;10;362.0;0.0;[  0   1  73  74  81  85 113 118 119 123];2;2;1;1
6;2.5962681770324707;10;362.0;0.0;[  1  36  73  74  81  85 102 108 113 119];4;4;3;3
7;3.256080150604248;10;362.0;0.0;[  1  46  73  74  80  81  85 113 119 125];8;8;7;6
8;4.169970989227295;10;361.6923241852487;0.0;[  1  73  74  80  81  85 102 113 119 125];16;16;15;14
9;4.623705148696899;10;361.6094934103949;0.0;[  1  73  74  80  81  85 102 113 119 125];16;16;15;14
10;5.940471172332764;10;361.56944146655235;98.60326336031304;[  1  28  73  74  81  85 102 112 113 119];26;29;28;16
11;7.84011697769165;10;361.21526702944846;207.47935486944925;[  0   1  73  74  81  85 102 112 113 119];38;48;47;31
12;11.12050199508667;10;361.1627526508823;137.40069384886604;[  1  46  73  74  81  85 102 112 113 119];78;87;86;43
13;16.622719049453735;10;361.0590528816624;228.8046512281637;[  1  73  74  80  81  85 102 113 119 125];136;155;154;67
14;17.374321222305298;10;361.05850025770826;228.8046512281637;[  1  73  74  80  81  85 102 113 119 125];155;155;154;67
15;28.047164916992188;10;361.03291846154184;172.1656197235474;[  1  46  73  74  81  85 102 112 113 119];266;288;287;137
16;45.12320423126221;10;360.95698858460406;258.95630975568514;[  1  46  73  74  81  85 102 112 113 119];406;491;490;254
17;73.54570817947388;10;360.915209618705;281.1415682690468;[  1  46  73  74  81  85 102 112 113 119];668;825;824;408
18;117.1580102443695;10;360.8927706302896;303.26553045608836;[  1  46  73  74  81  85 102 112 113 119];942;1296;1295;608
19;184.87807416915894;10;360.8727763890959;320.42539085659365;[  1  46  73  74  81  85 102 112 113 119];1358;1975;1974;952
20;291.889878988266;10;360.8563232322967;332.07734003111767;[  1  28  73  74  81  85 102 112 113 119];1946;2948;2947;1386
21;453.2544701099396;10;360.84796844031035;342.74709239744544;[  1  46  73  74  81  85 102 112 113 119];2590;4243;4242;1940
22;698.8006851673126;10;360.8146729154595;349.85393767141716;[  1  46  73  74  81  85 102 113 119 125];3732;6109;6108;2803
23;722.033390045166;10;360.8039135035657;349.85393767141716;[  1  28  73  74  81  85 102 113 119 125];6109;6109;6108;2803
24;1062.8227598667145;10;360.8412530617352;321.5932326483386;[  1  28  73  74  81  85 102 112 113 119];4382;8300;8299;4202
25;1085.4714832305908;10;360.8412301773926;321.5932326483386;[  1  46  73  74  81  85 102 112 113 119];8300;8300;8299;4202
26;1644.2640960216522;10;360.83873513939335;354.28944639295054;[  1  28  73  74  81  85 102 112 113 119];7202;11901;11900;6023
27;2511.9981441497803;10;360.8369643185864;355.4894086973877;[  1  28  73  74  81  85 102 112 113 119];9792;16797;16796;8662
