I;1;0.005156040191650391;10;1000000.0;0;[0 1 2 3 4 5 6 7 8 9];1;1;0;0;0
I;2;0.018822908401489258;10;278.0;0;[  0   1   2   3   4   5  29  57 129 148];1;1;0;0;0
I;3;0.03035283088684082;10;278.0;0;[  0   2  29  57  81 105 129 131 136 148];1;1;0;0;0
I;4;0.13329005241394043;10;278.0;259.25;[  0   2  29  57  81 105 129 131 136 148];2;2;0;0;0.0009319782257080078
I;5;0.33519697189331055;10;278.0;264.625;[  2  29  57 105 129 131 136 148 150 233];4;4;0;0;0.0026717185974121094
I;6;0.3533592224121094;10;278.0;264.625;[  0   2  29  57  81 105 129 136 148 150];4;4;0;0;0.0026717185974121094
I;7;0.6633651256561279;10;278.0;270.1875;[  0   2  29  57  81 105 129 148 150 227];6;7;0;0;0.0057718753814697266
I;8;0.687859058380127;10;278.0;270.1875;[  0   2  20  29  57 129 131 136 142 148];7;7;0;0;0.0057718753814697266
I;9;0.7128520011901855;10;278.0;270.1875;[  0   2  20  29  57 105 126 129 142 148];7;7;0;0;0.0057718753814697266
I;10;0.7376189231872559;10;278.0;270.1875;[  0   2  29  57  81 105 129 136 142 148];7;7;0;0;0.0057718753814697266
I;11;0.7625432014465332;10;278.0;270.1875;[  0   2  29  57  81 105 129 136 148 150];7;7;0;0;0.0057718753814697266
I;12;1.1742770671844482;10;277.71875;270.6875;[  0   2  29  57  81 105 129 136 148 150];10;10;0;0;0.008370161056518555
I;13;1.7768089771270752;10;277.5;271.6875;[  2   5  29  57  81 105 129 136 148 150];15;15;0;0;0.012713432312011719
I;14;1.8172118663787842;10;276.875;271.6875;[  0   1   2  29  57 105 129 131 148 150];15;15;0;0;0.012713432312011719
I;15;1.8592920303344727;10;276.875;271.6875;[  0   2  29  57  81 105 129 136 148 150];15;15;0;0;0.012713432312011719
I;16;2.6943020820617676;10;276.875;271.984375;[  0   1   2  29  57  81 105 129 148 150];18;21;0;0;0.017923355102539062
I;17;2.7585480213165283;10;276.765625;271.984375;[  0   2  29  57  81 105 129 136 148 150];21;21;0;0;0.017923355102539062
I;18;3.944719076156616;10;276.55859375;272.265625;[  0   2  29  57  81 105 129 136 148 150];27;30;0;0;0.025762319564819336
I;19;5.560931205749512;10;276.48828125;272.546875;[  2  15  29  57  81 105 129 136 148 150];38;41;0;0;0.03515338897705078
I;20;7.493393898010254;10;276.396484375;272.767578125;[  2  15  29  57  81 105 129 136 148 150];50;53;0;0;0.0452733039855957
I;21;9.800144910812378;10;276.388671875;272.9296875;[  2  15  29  57  81 105 129 136 148 150];63;66;0;0;0.05613422393798828
I;22;12.637680292129517;10;276.3173828125;273.0419921875;[  2  15  29  57  81 105 129 136 148 150];77;80;0;0;0.0686028003692627
I;23;15.932358026504517;10;276.302734375;273.1611328125;[  0   2  29  57  81 105 129 136 148 150];88;94;0;0;0.0810549259185791
I;24;19.545541286468506;10;276.296875;273.2451171875;[  0   2  20  29  57  81 105 129 148 150];101;107;0;0;0.09205007553100586
I;25;19.80079698562622;10;276.29492187500097;273.2451171875;[  0   2  29  57  81 105 129 136 148 150];107;107;0;0;0.09205007553100586
I;26;23.653605937957764;10;276.27734375;273.3173828125;[  0   2  29  57  81 105 129 136 148 150];112;118;0;0;0.10185885429382324
I;27;27.59084916114807;10;276.27197265625;273.341796875;[  0   2  29  57  81 105 129 136 148 150];121;127;0;0;0.10939431190490723
I;28;31.91197395324707;10;276.26416015625;273.37646484375;[  0   2  29  57  81 105 129 136 148 150];121;136;0;0;0.11800646781921387
I;29;36.281152963638306;10;276.26318359375;273.408203125;[  0   2  29  57  81 105 129 136 148 150];129;144;0;0;0.1248939037322998
I;30;40.920772075653076;10;276.26318359375;273.42431640625;[  0   2  29  57  81 105 129 136 148 150];135;150;0;0;0.13010740280151367
I;31;45.69371223449707;10;276.26123046875;273.43994140625;[  0   2  29  57  81 105 129 136 148 150];140;155;0;0;0.13445329666137695
I;32;50.40846490859985;10;276.25927734375;273.45556640625;[  0   2  29  57  81 105 129 136 148 150];144;159;0;0;0.13783979415893555
I;33;55.066181898117065;10;276.25927734375;273.46728515625;[  0   2  29  57  81 105 129 136 148 150];147;162;0;0;0.14030909538269043
I;34;59.771028995513916;10;276.25927734375;273.48095703125;[  0   2  29  57  81 105 129 136 148 150];150;165;0;0;0.14275240898132324
I;35;64.66901707649231;10;276.25927734375;273.4873046875;[  0   2  29  57  81 105 129 136 148 150];152;167;0;0;0.14438629150390625
I;36;69.66683220863342;10;276.25927734375;273.4912109375;[  0   2  29  57  81 105 129 136 148 150];153;168;0;0;0.14538049697875977
I;37;74.63032603263855;10;276.25927734375;273.4951171875;[  0   2  29  57  81 105 129 136 148 150];154;169;0;0;0.1462414264678955
C;37;79.63544011116028;10;276.25927734375;273.498046875;[  0   2  29  57  81 105 129 136 148 150];0;170;0;0;0.1470632553100586
