I;1;0.39353227615356445;10;408.0;0;[  0   1   2   3   4  10  30  65 110 134];1;10;0;0
I;2;0.8056561946868896;10;300.0;0;[  0   1   4  10  23  30  65 110 128 134];1;10;0;0
I;3;1.294996976852417;10;300.0;284.1195652173913;[  0   1   4  22  23  65 110 116 124 128];2;21;1;0.00226593017578125
I;4;1.709991216659546;10;300.0;284.1195652173913;[  1   4   8  22  23  30  65 110 116 128];2;21;1;0.00226593017578125
I;5;2.2941291332244873;10;300.0;284.1195652173913;[  0   1   4   8  23  64  65 110 128 134];4;43;3;0.006583213806152344
I;6;2.7262611389160156;10;300.0;284.1195652173913;[  0   1   4   8  23  65 110 116 128 134];4;43;3;0.006583213806152344
I;7;3.51064395904541;10;299.8780017694641;285.77948053589483;[  0   1   4  23  30  65 109 110 128 134];8;87;7;0.014804840087890625
I;8;3.9425179958343506;10;299.8780017694641;285.77948053589483;[  1   4   8  23  30  65 110 116 128 134];8;87;7;0.014804840087890625
I;9;5.029958248138428;10;299.86129455257833;292.58591920666805;[  0   1   4  23  30  65 110 116 128 134];14;1514;8;0.031017065048217773
I;10;6.631211996078491;10;299.84105567615256;294.62144401864356;[  1   4   8  23  30  65 110 116 128 134];24;2726;12;0.05550360679626465
I;11;9.302529096603394;10;299.83635510782716;295.4651873362122;[  0   1   4  23  30  65 110 116 128 134];46;5049;23;0.1078650951385498
I;12;13.42401909828186;10;299.81440525857346;296.1966296280561;[  0   1   4  23  30  65 110 116 128 134];68;8483;35;0.1919252872467041
I;13;18.2188720703125;10;299.80431682674407;296.8054114479815;[  0   1   4  23  30  65 110 116 128 134];108;138137;56;0.3062436580657959
C;13;24.578135013580322;10;299.80431682674407;297.08799543686325;[  0   1   4  23  30  65 110 116 128 134];0;216;216215;86;0.47827935218811035
