1;0.38547706604003906;10;415.0;0;[  0   1  10  29  43  50  57 102 110 117];1;1
2;0.8013651371002197;10;275.0;0.0;[  1  10  29  30  43  50  57  69 102 110];1;1
3;1.2093570232391357;10;275.0;0.0;[  1   2  29  30  43  51  57  69 110 117];1;1
4;1.6135129928588867;10;275.0;0.0;[  1  29  30  43  51  61  69  88 110 117];1;1
5;2.0207271575927734;10;275.0;0.0;[  1   2  10  29  30  42  51  61  69 110];1;1
6;2.428550958633423;10;275.0;0.0;[  1   2  29  30  42  43  51  69 110 115];1;1
7;2.8445980548858643;10;275.0;0.0;[  1   2  29  30  42  43  61  69 110 111];1;1
8;3.2518200874328613;10;275.0;0.0;[  1   2  29  30  42  43  50  61  69 106];1;1
9;3.664646863937378;10;275.0;0.0;[ 1  2 10 29 30 42 43 51 69 91];1;1
10;4.078545093536377;10;275.0;0.0;[ 1  2 29 30 42 43 50 51 69 91];1;1
11;4.494736194610596;10;275.0;0.0;[  1   2  29  30  42  43  51  69  91 110];1;1
12;4.9982640743255615;10;270.0;0.0;[  1   2   3   6  29  30  43  69  88 110];2;2
13;5.407530069351196;10;270.0;0.0;[  1   2  29  30  42  43  69  88  91 110];2;2
14;6.009422063827515;10;260.4375;0.0;[  1   2   3  29  30  43  69  88  91 110];4;4
15;6.800846099853516;10;259.875;0.0;[  1   2   3  29  30  43  69  88  91 110];8;8
16;7.940274000167847;10;259.36328125;0.0;[  1   2   3  29  30  43  69  88  91 110];16;16
17;9.826732158660889;10;258.98828125;0.0;[  1   2   3  29  30  43  69  88  91 110];32;32
18;13.119785070419312;10;258.4130859375;8.375;[  1   2   3  29  30  43  69  88  91 110];62;63
19;18.910874128341675;10;258.0390625;28.169921875;[  1   2   3  29  30  43  69  88  91 110];114;120
20;29.4240300655365;10;257.7608642578125;46.1923828125;[  1   2   3  29  30  43  69  88  91 110];210;225
21;48.43126606941223;10;257.5927734375;65.90478515625;[  1   2   3  29  30  43  69  88  91 110];380;415
22;82.1626329421997;10;257.47703552246094;90.1484375;[  1   2   3  29  30  43  69  88  91 110];660;745
23;143.25110721588135;10;257.3694839477539;114.72607421875;[  1   2   3  29  30  43  69  88  91 110];1120;1305
24;255.94463109970093;10;257.2785453796387;140.84246826171875;[  1   2   3  29  30  43  69  88  91 110];1820;2215
25;453.7942039966583;10;257.20945930480957;165.9362678527832;[  1   2   3  29  30  43  69  88  91 110];2840;3635
26;774.629967212677;10;257.15597581863403;188.50705528259277;[  1   2   3  29  30  43  69  88  91 110];4240;5755
27;1454.3097190856934;10;257.11803007125854;207.0921401977539;[  1   2   3  29  30  43  69  88  91 110];6118;8814
28;2671.862510204315;10;257.0921655893326;221.57932829856873;[  1   2   3  29  30  43  69  88  91 110];8570;13099
1;0.38686585426330566;10;415.0;0;[  0   1  10  29  43  50  57 102 110 117];1;1;0;0
2;0.7915120124816895;10;275.0;0.0;[  1  10  29  30  43  50  57  69 102 110];1;1;0;0
3;1.1975700855255127;10;275.0;0.0;[  1   2  29  30  43  51  57  69 110 117];1;1;0;0
4;1.6041479110717773;10;275.0;0.0;[  1  29  30  43  51  61  69  88 110 117];1;1;0;0
5;2.013334035873413;10;275.0;0.0;[  1   2  10  29  30  42  51  61  69 110];1;1;0;0
6;2.416923761367798;10;275.0;0.0;[  1   2  29  30  42  43  51  69 110 115];1;1;0;0
7;2.82098388671875;10;275.0;0.0;[  1   2  29  30  42  43  61  69 110 111];1;1;0;0
8;3.2386600971221924;10;275.0;0.0;[  1   2  29  30  42  43  50  61  69 106];1;1;0;0
9;3.6476757526397705;10;275.0;0.0;[ 1  2 10 29 30 42 43 51 69 91];1;1;0;0
10;4.056272745132446;10;275.0;0.0;[ 1  2 29 30 42 43 50 51 69 91];1;1;0;0
11;4.468432903289795;10;275.0;0.0;[  1   2  29  30  42  43  51  69  91 110];1;1;0;0
12;4.969283103942871;10;263.38048780487804;0.0;[  1   2   6  29  30  42  43  69  88 110];2;2;1;1
13;5.381540060043335;10;262.5170731707317;0.0;[  1   2   3  29  30  43  69  88  91 110];2;2;1;1
14;5.994772911071777;10;259.6267008985879;0.0;[  1   2   3  29  30  43  69  88  91 110];4;4;3;3
15;6.789042949676514;10;259.34610860674087;0.0;[  1   2   3  29  30  43  69  88  91 110];8;8;7;5
16;8.007396936416626;10;258.7173638731487;0.0;[  1   2   3  29  30  43  69  88  91 110];16;16;15;9
17;10.031911849975586;10;258.21215048097946;0.0;[  1   2   3  29  30  43  69  88  91 110];32;32;31;19
18;13.679219961166382;10;257.8566245600739;0.0;[  1   2   3  29  30  43  69  88  91 110];64;64;63;35
19;20.581511974334717;10;257.70066632796255;0.0;[  1   2   3  29  30  43  69  88  91 110];128;128;127;63
20;33.87790298461914;10;257.61643804718176;6.383573616336429;[  1   2   3  29  30  43  69  88  91 110];250;253;252;114
21;58.23687481880188;10;257.52826894902176;19.70636112016738;[  1   2   3  29  30  43  69  88  91 110];452;479;478;197
22;101.19923186302185;10;257.41766501966686;40.43679126531057;[  1   2   3  29  30  43  69  88  91 110];762;860;859;327
23;176.43770098686218;10;257.340631917331;78.37809580485728;[  1   2   3  29  30  43  69  88  91 110];1210;1465;1464;551
24;307.1847519874573;10;257.27984707662824;111.00924687316527;[  1   2   3  29  30  43  69  88  91 110];1908;2419;2418;938
25;532.5464789867401;10;257.22187165285476;141.08257355289928;[  1   2   3  29  30  43  69  88  91 110];2900;3869;3868;1537
26;962.5685307979584;10;257.1794373565708;163.46223012346823;[  1   2   3  29  30  43  69  88  91 110];4250;5994;5993;2426
27;1705.4707398414612;10;257.1488064527479;184.29014219314917;[  1   2   3  29  30  43  69  88  91 110];6044;9016;9015;3733
28;2911.5628039836884;10;257.12203406063753;201.112264224664;[  1   2   3  29  30  43  69  88  91 110];8368;13200;13199;5558
I;1;0.3961360454559326;10;415.0;0;[  0   1  10  29  43  50  57 102 110 117];1;1;0;0;0
I;2;0.8157668113708496;10;275.0;0.0;[  1  10  29  30  43  50  57  69 102 110];1;1;0;0;0
I;3;1.2349178791046143;10;275.0;0.0;[  1   2  29  30  43  51  57  69 110 117];1;1;0;0;0
I;4;1.6508800983428955;10;275.0;0.0;[  1  29  30  43  51  61  69  88 110 117];1;1;0;0;0
I;5;2.0700509548187256;10;275.0;0.0;[  1   2  10  29  30  42  51  61  69 110];1;1;0;0;0
I;6;2.4842369556427;10;275.0;0.0;[  1   2  29  30  42  43  51  69 110 115];1;1;0;0;0
I;7;2.899416923522949;10;275.0;0.0;[  1   2  29  30  42  43  61  69 110 111];1;1;0;0;0
I;8;3.3224270343780518;10;275.0;0.0;[  1   2  29  30  42  43  50  61  69 106];1;1;0;0;0
I;9;3.73984694480896;10;275.0;0.0;[ 1  2 10 29 30 42 43 51 69 91];1;1;0;0;0
I;10;4.1578357219696045;10;275.0;0.0;[ 1  2 29 30 42 43 50 51 69 91];1;1;0;0;0
I;11;4.58726692199707;10;275.0;0.0;[  1   2  29  30  42  43  51  69  91 110];1;1;0;0;0
I;12;5.103334903717041;10;263.38048780487804;0.0;[  1   2   6  29  30  42  43  69  88 110];2;2;1;1;0.0012788772583007812
I;13;5.524718999862671;10;262.5170731707317;0.0;[  1   2   3  29  30  43  69  88  91 110];2;2;1;1;0.0012788772583007812
I;14;6.149013996124268;10;259.6267008985879;0.0;[  1   2   3  29  30  43  69  88  91 110];4;4;3;3;0.0038449764251708984
I;15;6.968567848205566;10;259.34610860674087;0.0;[  1   2   3  29  30  43  69  88  91 110];8;8;7;5;0.009114980697631836
I;16;8.191817045211792;10;258.7173638731487;0.0;[  1   2   3  29  30  43  69  88  91 110];16;16;15;9;0.01914668083190918
I;17;10.22894811630249;10;258.21215048097946;0.0;[  1   2   3  29  30  43  69  88  91 110];32;32;31;19;0.039499521255493164
I;18;13.894268035888672;10;257.8566245600739;0.0;[  1   2   3  29  30  43  69  88  91 110];64;64;63;35;0.08024048805236816
I;19;20.79747486114502;10;257.70066632796255;0.012427474411675462;[  1   2   3  29  30  43  69  88  91 110];126;127;126;63;0.16211223602294922
I;20;34.12194585800171;10;257.6164557585467;6.389802113013065;[  1   2   3  29  30  43  69  88  91 110];248;251;250;113;0.322052001953125
I;21;57.980278730392456;10;257.5282866603866;21.451455557682404;[  1   2   3  29  30  43  69  88  91 110];442;472;471;196;0.6009674072265625
I;22;99.03216600418091;10;257.41776689773076;44.537703212940364;[  1   2   3  29  30  43  69  88  91 110];718;831;830;320;1.0563294887542725
I;23;168.61357593536377;10;257.3416549463357;82.92457952482093;[  1   2   3  29  30  43  69  88  91 110];1126;1394;1393;528;1.7780213356018066
I;24;288.43150806427;10;257.28201531058795;115.772293461073;[  1   2   3  29  30  43  69  88  91 110];1698;2243;2242;875;2.874396800994873
I;25;482.17204093933105;10;257.2254276280035;146.81972939937492;[  1   2   3  29  30  43  69  88  91 110];2432;3459;3458;1373;4.44846510887146
I;26;858.4081890583038;10;257.1846985674455;172.16430977892034;[  1   2   3  29  30  43  69  88  91 110];3436;5177;5176;2081;6.674306631088257
I;27;1421.6871140003204;10;257.156942760734;194.16270986185984;[  1   2   3  29  30  43  69  88  91 110];4678;7516;7515;3066;9.709412336349487
I;28;2247.2157039642334;10;257.1338440174194;211.15983029392206;[  1   2   3  29  30  43  69  88  91 110];6234;10633;10632;4404;13.760535717010498
