I;1;0.005871772766113281;10;1000000.0;0;[0 1 2 3 4 5 6 7 8 9];1;1;0;0;0
I;2;0.01979804039001465;10;212.0;0;[  0   1   2   3   4   5  30  95 113 251];1;1;0;0;0
I;3;0.03316974639892578;10;174.0;0;[  0   1   2  30  94  95 106 113 227 251];1;1;0;0;0
I;4;0.045851707458496094;10;174.0;0;[  1  30  94  95 101 106 168 227 249 251];1;1;0;0;0
I;5;0.06273889541625977;10;174.0;0;[  1  30  87  94 101 106 113 227 232 251];1;1;0;0;0
I;6;0.07870674133300781;10;174.0;0;[  1  30  93  94 101 106 113 168 227 251];1;1;0;0;0
I;7;0.09518790245056152;10;168.0;0;[  1  30  32  93  94 106 113 168 227 251];1;1;0;0;0
I;8;0.11189985275268555;10;165.0;0;[  1  30  32 101 106 113 189 227 232 251];1;1;0;0;0
I;9;0.1277477741241455;10;165.0;0;[  1  30  93 101 106 113 168 206 227 251];1;1;0;0;0
I;10;0.14460182189941406;10;165.0;0;[  1  30  32  95 101 106 168 189 227 251];1;1;0;0;0
I;11;0.1605067253112793;10;165.0;0;[  1  30  32  93  95 106 168 189 227 251];1;1;0;0;0
I;12;0.1769547462463379;10;165.0;0;[  1  30  32 106 113 168 189 197 227 251];1;1;0;0;0
I;13;0.27697277069091797;10;165.0;127.5;[  1  30  32 106 113 168 189 197 227 251];2;2;0;0;0.0009238719940185547
I;14;0.4144167900085449;10;165.0;134.75;[  1  30  32 106 113 168 189 197 227 251];4;4;0;0;0.0026175975799560547
I;15;0.6940779685974121;10;165.0;142.4375;[  1  30  32  87  95 101 106 227 232 251];8;8;0;0;0.005847930908203125
I;16;1.487703800201416;10;164.0703125;155.46875;[  1  30  32  93  95 101 106 227 232 251];16;16;0;0;0.012555122375488281
I;17;3.029587984085083;10;163.5;156.3984375;[  1  30  32  95 106 168 189 197 227 251];32;32;0;0;0.025753498077392578
I;18;3.1070637702941895;10;163.0546875000003;156.3984375;[  1  30  32  93  95 101 106 227 232 251];32;32;0;0;0.025753498077392578
I;19;5.982007026672363;10;163.0;157.5869140625;[  1  30  32  46  87  95 101 106 227 251];58;61;0;0;0.050148725509643555
I;20;6.116154909133911;10;162.79785156250037;157.5869140625;[  1  30  32  87  95 101 106 227 232 251];61;61;0;0;0.050148725509643555
I;21;11.109734773635864;10;162.199951171875;159.308349609375;[  1  30  32  87  95 101 106 227 232 251];96;109;0;0;0.08987188339233398
I;22;17.868367671966553;10;161.772216796875;160.028564453125;[  1  30  32  87  95 101 106 227 232 251];118;168;0;0;0.13865971565246582
C;22;26.183382034301758;10;161.772216796875;160.3818359375;[  1  30  32  87  95 101 106 227 232 251];0;241;0;0;0.19917774200439453
