1;0.3880789279937744;10;539.0;0;[  0   1   2   3 229 234 243 258 276 283];1;1
2;0.8034780025482178;10;476.0;0.0;[  0   1   2 229 234 243 258 276 282 283];1;1
3;1.2605571746826172;10;476.0;0.0;[  0   1   2 229 234 243 258 276 282 283];2;2
4;1.8337070941925049;10;476.0;0.0;[  2 158 191 199 212 229 258 275 276 282];4;4
5;2.28181791305542;10;476.0;0.0;[  1   2 100 191 199 212 229 258 276 282];4;4
6;3.162022829055786;10;476.0;0.0;[  2 100 191 212 229 234 276 282 352 367];8;8
7;3.669562816619873;10;476.0;0.0;[  2 100 135 191 229 234 243 276 282 352];8;8
8;5.077418088912964;10;476.0;0.0;[  2 100 135 191 229 234 243 276 282 328];16;16
9;7.524024724960327;10;476.0;29.71875;[  2 100 182 199 229 234 276 282 328 352];30;31
10;8.40778398513794;10;476.0;29.71875;[  0   1   2 100 166 199 229 234 276 282];31;31
11;11.833040952682495;10;476.0;237.4375;[  0   1   2 100 199 229 234 276 282 328];32;47
12;15.350847959518433;10;476.0;400.6875;[  0   1   2 100 199 229 234 276 282 328];20;57
13;19.455188989639282;10;475.980224609375;430.375;[  0   1   2 100 199 229 234 276 282 328];24;69
14;24.049649000167847;10;475.9505615234375;452.625;[  0   1   2 100 199 229 234 276 282 328];24;81
15;29.37399697303772;10;475.9307861328125;461.8828125;[  0   1   2 100 199 229 234 276 282 328];28;95
16;35.55846095085144;10;475.9208984375;467.43359375;[  0   1   2 100 199 229 234 276 282 328];32;111
17;42.05028796195984;10;475.9207992553711;471.59375;[  0   1   2 100 199 229 234 276 282 328];28;125
18;49.619518995285034;10;475.9206008911133;472.74498748779297;[  0   1   2 100 199 229 234 276 282 328];36;143
19;57.86581778526306;10;475.9205017089844;473.7806167602539;[  0   1   2 100 199 229 234 276 282 328];36;161
20;67.10596084594727;10;475.9204978942871;474.24184799194336;[  0   1   2 100 199 229 234 276 282 328];40;181
21;77.98139905929565;10;475.92045855522156;474.4446725845337;[  0   1   2 100 199 229 234 276 282 328];52;207
22;90.42363810539246;10;475.92036974430084;474.60400772094727;[  0   1   2 100 199 229 234 276 282 328];60;237
23;103.80076909065247;10;475.92030143737793;474.7198351621628;[  0   1   2 100 199 229 234 276 282 328];56;265
24;117.52473187446594;10;475.92028310894966;474.78131580352783;[  0   1   2 100 199 229 234 276 282 328];44;287
25;131.3110830783844;10;475.9202764928341;474.8066061735153;[  0   1   2 100 199 229 234 276 282 328];32;303
26;144.75134801864624;10;475.9202731847763;474.81744116544724;[  0   1   2 100 199 229 234 276 282 328];16;311
-1;;156.91813397407532;10;475.9202731847763;474.8210514783859;[  0   1   2 100 199 229 234 276 282 328];0;311
