1;0.3912980556488037;10;312.0;0;[  0   1   2  29  57  78  85  98 103 110];1;1
2;0.8317930698394775;10;295.0;0.0;[  0   1  40  51  57  78  98 103 110 119];1;1
3;1.2513608932495117;10;279.0;0.0;[  0   1  40  54  57  78  98 110 119 125];1;1
4;1.6694810390472412;10;275.0;0.0;[  0   1  40  57  78  87  98 110 119 125];1;1
5;2.085340976715088;10;262.0;0.0;[  0   1  18  40  43  57  78  87  98 119];1;1
6;2.5010149478912354;10;262.0;0.0;[  0   1  18  40  43  78  98 103 110 119];1;1
7;2.9358508586883545;10;262.0;0.0;[  0   1  18  40  43  57  78 103 110 119];1;1
8;3.357682943344116;10;262.0;0.0;[  0   1  28  40  43  57  78 103 110 119];1;1
9;3.8370978832244873;10;262.0;0.0;[  0   1  28  40  43  57  78 103 110 119];2;2
10;4.39124608039856;10;262.0;0.0;[  0   1  28  40  43  57  78 103 110 119];4;4
11;5.099346160888672;10;262.0;0.0;[  0   1  28  40  43  57  78 103 110 119];8;8
12;6.083900213241577;10;262.0;0.0;[  0   1  28  40  43  57  78 103 110 119];16;16
13;7.673874139785767;10;262.0;0.0;[  0   1  28  40  43  57  78 103 110 119];32;32
14;10.436787843704224;10;262.0;0.0;[  0   1  28  40  43  57  78 103 110 119];64;64
15;15.547315835952759;10;262.0;0.0;[  0   1  28  40  43  57  78 103 110 119];128;128
16;25.448750972747803;10;249.25;0.0;[  0   1  28  43  51  57  78 103 110 119];256;256
17;44.784477949142456;10;249.25;0.0;[  0   1  28  43  51  57  78 103 110 119];512;512
18;83.55369591712952;10;249.25;0.0;[  0   1  28  43  51  57  78 103 110 119];1024;1024
19;164.0236840248108;10;249.25;0.0;[  0   1  28  43  51  57  78 103 110 119];2048;2048
20;341.9296419620514;10;249.25;0.0;[  0   1  28  43  51  57  78 103 110 119];4096;4096
21;734.2117650508881;10;249.25;0.0;[  0   1  28  43  51  57  78 103 110 119];8192;8192
22;1642.4697132110596;10;249.25;0.0;[  0   1  28  43  51  57  78 103 110 119];16384;16384
