1;0.3930480480194092;10;276.0;0;[  0   1   2   3   8  86  99 104 108 117];1;1
2;0.8128697872161865;10;276.0;0.0;[  0   8  86  99 104 105 108 117 131 134];1;1
3;1.2246348857879639;10;264.0;0.0;[  0   8  15  22  86  99 105 108 117 131];1;1
4;1.6499309539794922;10;254.0;0.0;[  0   8  13  15  33  86  99 105 117 131];1;1
5;2.0822298526763916;10;242.0;0.0;[  0  13  15  33  86  87  99 105 117 131];1;1
6;2.5037238597869873;10;225.0;0.0;[  0   8  22  33  86  99 105 108 132 134];1;1
7;2.9307539463043213;10;225.0;0.0;[  0   1   8  33  86  87 105 117 132 134];1;1
8;3.370073080062866;10;225.0;0.0;[  0   1   8  72  86  87 105 117 132 134];1;1
9;3.779778003692627;10;222.0;0.0;[  0   8  13  15  72  87  99 105 117 134];1;1
10;4.211849927902222;10;217.0;0.0;[  0   1   8  13  86  87 105 117 132 134];1;1
11;4.72955584526062;10;214.0;0.0;[  0   8  22  30  57  72  86  87 105 117];2;2
12;5.174076795578003;10;212.5;0.0;[  0   1   8  13  86  87 105 117 132 134];2;2
13;5.872809886932373;10;211.0;0.0;[  0   8  13  15  86 105 114 117 131 132];4;4
14;6.373863935470581;10;210.5;0.0;[  0   8  13  86  87 105 117 131 132 134];4;4
15;7.259710788726807;10;209.4375;0.0;[  0   8  13  15  33  86  87 105 117 131];8;8
16;7.766602993011475;10;207.625;0.0;[  0   8  13  15  57  86  87 105 117 134];8;8
17;9.041114091873169;10;207.1875;0.0;[  0   8  13  15  57  86  87 105 117 134];16;16
18;11.147946834564209;10;206.421875;13.5625;[  0   8  13  15  57  86  87 105 117 134];30;31
19;14.453053951263428;10;205.67578125;50.90625;[  0   8  13  15  57  86  87 105 117 134];48;55
20;19.560197830200195;10;205.2490234375;72.30859375;[  0   8  13  15  57  86  87 105 117 134];82;96
21;27.827825784683228;10;205.01416015625;99.400390625;[  0   8  13  15  57  86  87 105 117 134];130;161
22;40.74588489532471;10;204.939697265625;121.84423828125;[  0   8  13  57  86  87 105 117 131 134];204;263
23;60.82093787193298;10;204.8836669921875;114.944091796875;[  0   8  13  15  57  86  87 105 117 134];318;422
24;88.87720394134521;10;204.82125854492188;153.8848876953125;[  0   8  13  15  57  86  87 105 117 134];426;635
25;128.35516691207886;10;204.7914276123047;172.72857666015625;[  0   8  13  15  57  86  87 105 117 134];550;910
26;183.64810180664062;10;204.7750015258789;184.90867614746094;[  0   8  13  15  57  86  87 105 117 134];706;1263
27;262.6176428794861;10;204.76482391357422;192.68325805664062;[  0   8  13  15  57  86  87 105 117 134];880;1703
28;371.51183581352234;10;204.7579698562622;196.99007415771484;[  0   8  13  15  57  86  87 105 117 134];1116;2261
29;516.4372699260712;10;204.75461101531982;199.96325874328613;[  0   8  13  15  57  86  87 105 117 134];1318;2920
30;706.6103758811951;10;204.75309562683105;201.72261714935303;[  0   8  13  22  57  86  87 105 117 134];1542;3691
31;1045.4546329975128;10;204.75249826908112;170.89086937904358;[  0   8  13  15  57  86  87 105 117 134];3046;5214
31;1302.6285381317139;10;204.75249826908112;203.16587829589844;[  0   8  13  15  57  86  87 105 117 134];0;6478
1;0.44399499893188477;10;276.0;0;[  0   1   2   3   8  86  99 104 108 117];1;1;0;0
2;0.8791749477386475;10;276.0;0.0;[  0   8  86  99 104 105 108 117 131 134];1;1;0;0
3;1.320662021636963;10;264.0;0.0;[  0   8  15  22  86  99 105 108 117 131];1;1;0;0
4;1.7574260234832764;10;254.0;0.0;[  0   8  13  15  33  86  99 105 117 131];1;1;0;0
5;2.1890971660614014;10;242.0;0.0;[  0  13  15  33  86  87  99 105 117 131];1;1;0;0
6;2.616929054260254;10;225.0;0.0;[  0   8  22  33  86  99 105 108 132 134];1;1;0;0
7;3.0481748580932617;10;225.0;0.0;[  0   1   8  33  86  87 105 117 132 134];1;1;0;0
8;3.486285924911499;10;225.0;0.0;[  0   1   8  72  86  87 105 117 132 134];1;1;0;0
9;3.9194440841674805;10;222.0;0.0;[  0   8  13  15  72  87  99 105 117 134];1;1;0;0
10;4.365242958068848;10;217.0;0.0;[  0   1   8  13  86  87 105 117 132 134];1;1;0;0
11;4.893252849578857;10;214.0;0.0;[  0   8  13  15  57  72  86  87 105 117];2;2;1;1
12;5.340573072433472;10;214.0;0.0;[  0   8  13  15  33  57  86  87 105 117];2;2;1;1
13;5.788478136062622;10;212.02941176470588;0.0;[  0   8  13  15  99 104 105 117 132 134];2;2;1;1
14;6.23470401763916;10;212.02941176470588;0.0;[  0   8  13  15  86  87 105 117 131 132];2;2;1;1
15;6.910802125930786;10;210.41636029411765;0.0;[  0   8  13  15  86  87 105 117 132 134];4;4;3;3
16;7.354532957077026;10;209.64705882352942;0.0;[  0   8  13  15  86  87 105 117 131 134];4;4;3;3
17;8.269330978393555;10;209.05223651960782;0.0;[  0   8  13  15  57  86  87 105 117 134];8;8;7;7
18;9.5802161693573;10;206.78024379113532;0.0;[  0   8  13  15  57  86  87 105 117 134];16;16;15;13
19;11.50810980796814;10;206.36129922347678;35.738608565148084;[  0   8  13  57  86  87 105 114 117 131];26;29;28;20
20;12.167230129241943;10;206.16894108280468;35.738608565148084;[  0   8  13  15  57  86  87 105 117 134];29;29;28;20
21;15.479672193527222;10;205.49499633383164;46.02961896788872;[  0   8  13  57  86  87 105 117 131 134];48;53;52;37
22;16.203005075454712;10;205.4062875548655;46.02961896788872;[  0   8  13  57  86  87 105 117 131 134];53;53;52;37
23;22.466032028198242;10;205.25504526357722;40.26014180174911;[  0   8  13  15  57  86  87 105 117 134];96;101;100;64
24;32.57954001426697;10;205.0617369001071;71.955460073146;[  0   8  13  15  57  86  87 105 117 134];152;177;176;109
25;49.956058979034424;10;204.93996967721546;91.51463044409351;[  0   8  13  15  57  86  87 105 117 134];238;296;295;161
26;75.62739205360413;10;204.876175285149;120.37973157392247;[  0   1   8  13  57  86  87 105 117 134];326;459;458;228
27;111.64028406143188;10;204.8209002888976;137.7939300811753;[  0   8  13  15  57  86  87 105 117 134];476;697;696;351
28;163.88887214660645;10;204.78624494518286;155.95933340588115;[  0   8  13  15  57  86  87 105 117 134];640;1017;1016;502
29;241.26521396636963;10;204.76354106498684;170.93970314778994;[  0   1   8  13  57  86  87 105 117 134];856;1445;1444;723
30;353.88650608062744;10;204.75013584429882;180.7560151000897;[  0   8  13  15  57  86  87 105 117 134];1102;1996;1995;1006
31;508.4348318576813;10;204.74252183285742;189.6773101298819;[  0   1   8  13  57  86  87 105 117 134];1266;2629;2628;1325
32;707.3720860481262;10;204.7367616071925;194.56845708252968;[  0   1   8  13  57  86  87 105 117 134];1560;3409;3408;1736
33;957.8956470489502;10;204.73360905693823;198.1219932248524;[  0   8  13  15  57  86  87 105 117 134];1846;4332;4331;2205
34;1281.158996105194;10;204.73165091223603;200.27898654932898;[  0   8  13  15  57  86  87 105 117 134];2144;5404;5403;2785
35;1657.595337152481;10;204.73051797192412;201.70402038605957;[  0   8  13  15  57  86  87 105 117 134];2300;6554;6553;3407
36;2081.262038230896;10;204.72986118201726;202.497445602516;[  0   8  13  15  57  86  87 105 117 134];2464;7786;7785;4091
36;2435.2468938827515;10;204.72986118201726;203.04816475555967;[  0   8  13  15  57  86  87 105 117 134];0;9005;9004;4813
I;1;0.4006021022796631;10;276.0;0;[  0   1   2   3   8  86  99 104 108 117];1;1;0;0;0
I;2;0.8184902667999268;10;276.0;0.0;[  0   8  86  99 104 105 108 117 131 134];1;1;0;0;0
I;3;1.246246099472046;10;264.0;0.0;[  0   8  15  22  86  99 105 108 117 131];1;1;0;0;0
I;4;1.6759192943572998;10;254.0;0.0;[  0   8  13  15  33  86  99 105 117 131];1;1;0;0;0
I;5;2.112466335296631;10;242.0;0.0;[  0  13  15  33  86  87  99 105 117 131];1;1;0;0;0
I;6;2.5364012718200684;10;225.0;0.0;[  0   8  22  33  86  99 105 108 132 134];1;1;0;0;0
I;7;2.972513198852539;10;225.0;0.0;[  0   1   8  33  86  87 105 117 132 134];1;1;0;0;0
I;8;3.404139995574951;10;225.0;0.0;[  0   1   8  72  86  87 105 117 132 134];1;1;0;0;0
I;9;3.832444190979004;10;222.0;0.0;[  0   8  13  15  72  87  99 105 117 134];1;1;0;0;0
I;10;4.261020183563232;10;217.0;0.0;[  0   1   8  13  86  87 105 117 132 134];1;1;0;0;0
I;11;4.776913166046143;10;214.0;0.0;[  0   8  13  15  57  72  86  87 105 117];2;2;1;1;0.0013120174407958984
I;12;5.20457911491394;10;214.0;0.0;[  0   8  13  15  33  57  86  87 105 117];2;2;1;1;0.0013120174407958984
I;13;5.635017395019531;10;212.02941176470588;0.0;[  0   8  13  15  99 104 105 117 132 134];2;2;1;1;0.0013120174407958984
I;14;6.066265106201172;10;212.02941176470588;0.0;[  0   8  13  15  86  87 105 117 131 132];2;2;1;1;0.0013120174407958984
I;15;6.729286193847656;10;210.41636029411765;0.0;[  0   8  13  15  86  87 105 117 132 134];4;4;3;3;0.004281282424926758
I;16;7.166479110717773;10;209.64705882352942;0.0;[  0   8  13  15  86  87 105 117 131 134];4;4;3;3;0.004281282424926758
I;17;8.081024169921875;10;209.05223651960782;0.0;[  0   8  13  15  57  86  87 105 117 134];8;8;7;7;0.009697437286376953
I;18;9.420679330825806;10;206.78024379113532;0.0;[  0   8  13  15  57  86  87 105 117 134];16;16;15;13;0.020752906799316406
I;19;11.383284091949463;10;206.36129922347678;35.738608565148084;[  0   8  13  57  86  87 105 114 117 131];26;29;28;20;0.03902268409729004
I;20;12.03626012802124;10;206.16894108280468;35.738608565148084;[  0   8  13  15  57  86  87 105 117 134];29;29;28;20;0.03902268409729004
I;21;15.432674169540405;10;205.49499633383164;46.02961896788872;[  0   8  13  57  86  87 105 117 131 134];48;53;52;37;0.07240724563598633
I;22;16.174633264541626;10;205.4062875548655;46.02961896788872;[  0   8  13  57  86  87 105 117 131 134];53;53;52;37;0.07240724563598633
I;23;22.588556051254272;10;205.25504526357722;40.26014180174911;[  0   8  13  15  57  86  87 105 117 134];96;101;100;64;0.13997912406921387
I;24;32.750707387924194;10;205.0617369001071;71.955460073146;[  0   8  13  15  57  86  87 105 117 134];152;177;176;109;0.24574971199035645
I;25;48.95151901245117;10;204.93996967721546;91.51463044409351;[  0   8  13  15  57  86  87 105 117 134];238;296;295;161;0.40935492515563965
I;26;72.71195435523987;10;204.87634642300526;121.10082704456383;[  0   8  13  15  57  86  87 105 117 134];320;456;455;226;0.6275441646575928
I;27;109.34933710098267;10;204.82130818643907;138.52879841517134;[  0   8  13  15  57  86  87 105 117 134];468;690;689;346;0.9461743831634521
I;28;163.09029817581177;10;204.78718208631716;157.47453591907657;[  0   8  13  15  57  86  87 105 117 134];612;996;995;489;1.3665904998779297
I;29;238.30984115600586;10;204.76510300963207;173.45559051495013;[  0   8  13  15  57  86  87 105 117 134];810;1401;1400;697;1.9256482124328613
I;30;347.72401118278503;10;204.7525598143615;182.54642602442956;[  0   1   8  13  57  86  87 105 117 134];1022;1912;1911;958;2.6338443756103516
I;31;489.41571712493896;10;204.74529567557212;190.4923503471056;[  0   8  13  15  57  86  87 105 117 134];1200;2512;2511;1260;3.4623396396636963
I;32;681.2790620326996;10;204.73975060823807;195.40485743493662;[  0   1   8  13  57  86  87 105 117 134];1476;3250;3249;1650;4.4967591762542725
I;33;925.2794990539551;10;204.736966199926;198.98431394972846;[  0   8  13  15  57  86  87 105 117 134];1726;4113;4112;2091;5.694325685501099
I;34;1234.2746920585632;10;204.7351960957727;200.76740801601414;[  0   8  13  15  57  86  87 105 117 134];2006;5116;5115;2634;7.104124069213867
I;35;1595.185128211975;10;204.73414773953394;201.9322882180302;[  0   8  13  15  57  86  87 105 117 134];2184;6208;6207;3222;8.641824960708618
I;36;1997.3629403114319;10;204.73354501959528;202.6562782937839;[  0   8  13  15  57  86  87 105 117 134];2338;7377;7376;3886;10.28714895248413
C;36;2334.2455821037292;10;204.73354501959528;203.11564437713616;[  0   8  13  15  57  86  87 105 117 134];0;8519;8518;4566;11.897729396820068
