1;0.38312816619873047;10;315.0;0;[  0   1   2   3  16  32  55  73  89 174];1;1
2;0.7808423042297363;10;247.0;0.0;[  0  16  17  32  55  89 169 174 212 223];1;1
3;1.1951260566711426;10;236.0;0.0;[  0  16  17  73  89 167 169 174 212 223];1;1
4;1.6038401126861572;10;234.0;0.0;[  0  16  17  73  89 115 167 174 212 223];1;1
5;2.0208702087402344;10;227.0;0.0;[ 15  17  32  73  89 115 167 174 212 223];1;1
6;2.432208299636841;10;218.0;0.0;[  0  14  15  73  89 115 167 174 212 223];1;1
7;2.844945192337036;10;217.0;0.0;[ 14  15  16  73  89 115 167 174 212 223];1;1
8;3.3637802600860596;10;217.0;0.0;[ 14  15  16  32  73 115 167 174 212 223];2;2
9;3.9749321937561035;10;217.0;0.0;[ 14  15  16  32  73 115 167 174 212 223];4;4
10;4.8211681842803955;10;216.5;0.0;[ 14  15  16  32  40  73 167 174 212 223];8;8
11;5.947895050048828;10;216.0;53.6875;[  1  14  15  16  32  73 167 174 212 223];12;14
12;7.456439018249512;10;215.0;107.375;[  1  14  15  16  32  73 167 174 212 223];16;22
12;8.033477306365967;10;215.0;214.75;[  1  14  15  16  32  73 167 174 212 223];0;22
1;0.38883209228515625;10;315.0;0;[  0   1   2   3  16  32  55  73  89 174];1;1
2;0.795706033706665;10;247.0;0.0;[  0  16  17  32  55  89 169 174 212 223];1;1
3;1.213799238204956;10;236.0;0.0;[  0  16  17  73  89 167 169 174 212 223];1;1
4;1.633131980895996;10;234.0;0.0;[  0  16  17  73  89 115 167 174 212 223];1;1
5;2.0566980838775635;10;227.0;0.0;[ 15  17  32  73  89 115 167 174 212 223];1;1
6;2.4741060733795166;10;218.0;0.0;[  0  14  15  73  89 115 167 174 212 223];1;1
7;2.8831899166107178;10;217.0;0.0;[ 14  15  16  73  89 115 167 174 212 223];1;1
8;3.414547920227051;10;217.0;0.0;[ 14  15  16  32  73 115 167 174 212 223];2;2
9;4.032356023788452;10;217.0;0.0;[ 14  15  16  32  73 115 167 174 212 223];4;4
10;4.8974609375;10;216.5;0.0;[ 14  15  16  32  40  73 167 174 212 223];8;8
11;6.0460731983184814;10;216.0;53.6875;[  1  14  15  16  32  73 167 174 212 223];12;14
12;7.5844080448150635;10;215.0;107.375;[  1  14  15  16  32  73 167 174 212 223];16;22
-1;;8.17082691192627;10;215.0;214.75;[  1  14  15  16  32  73 167 174 212 223];0;22
