1;0.42192912101745605;10;204.0;0;[  0   1   2   3   4   5   6   7  94 111];1;1
2;0.863645076751709;10;187.0;0.0;[  0   1   2   3   4  89  93  94 111 128];1;1
3;1.2983229160308838;10;165.0;0.0;[  0   1   2   3   4  89  93  94 111 128];1;1
3;1.4490461349487305;10;165.0;162.625;[  0   1   2   3   4  89  93  94 111 128];0;3
I;1;0.400130033493042;10;204.0;0;[  0   1   2   3   4   5   6   7  94 111];1;1
I;2;0.8200750350952148;10;187.0;0.0;[  0   1   2   3   4  89  93  94 111 128];1;1
I;3;1.2435240745544434;10;165.0;0.0;[  0   1   2   3   4  89  93  94 111 128];1;1
C;3;1.4031329154968262;10;165.0;162.625;[  0   1   2   3   4  89  93  94 111 128];0;3
I;1;0.38834190368652344;10;204.0;0;[  0   1   2   3   4   5   6   7  94 111];1;1
I;2;0.7905111312866211;10;187.0;0;[  0   1   2   3   4  89  93  94 111 128];1;1
I;3;1.1845371723175049;10;165.0;0;[  0   1   2   3   4  89  93  94 111 128];1;1
C;3;1.3997738361358643;10;165.0;162.625;[  0   1   2   3   4  89  93  94 111 128];0;3
I;1;0.4236569404602051;10;204.0;0;[  0   1   2   3   4   5   6   7  94 111];1;1
I;2;0.8736209869384766;10;187.0;0;[  0   1   2   3   4  89  93  94 111 128];1;1
I;3;1.3191449642181396;10;165.0;0;[  0   1   2   3   4  89  93  94 111 128];1;1
C;3;1.561263084411621;10;165.0;162.625;[  0   1   2   3   4  89  93  94 111 128];0;3
