1;0.42157506942749023;10;408.0;0;[  0   1   2   3   4  10  30  65 110 134];1;1
2;0.8660750389099121;10;300.0;0.0;[  0   1   4  10  23  30  65 110 128 134];1;1
3;1.7424430847167969;10;300.0;149.25;[  1   4  10  22  23  30  65 110 116 128];8;11
4;2.1968839168548584;10;300.0;149.25;[  1   4  10  23  64  65  84 103 110 128];11;11
5;2.7202320098876953;10;300.0;149.25;[  0   1   4  22  23  30  65 110 128 134];11;11
6;3.999721050262451;10;299.92578125;204.671875;[  1   4   8  23  30  65 110 116 128 134];20;27
7;5.454519987106323;10;299.84765625;54.6796875;[  0   1   4  23  30  65 110 116 128 134];38;46
8;7.206115007400513;10;299.841796875;258.142578125;[  0   1   4  23  30  65 110 116 128 134];34;63
9;9.567255020141602;10;299.816162109375;266.37890625;[  1   4   8  23  30  65 110 116 128 134];54;90
10;13.123118162155151;10;299.8111572265625;177.9658203125;[  1   4   8  23  30  65 110 116 128 134];100;140
11;18.394536018371582;10;299.8035888671875;229.400634765625;[  0   1   4  23  30  65 110 116 128 134];152;216
12;26.111933946609497;10;299.7983703613281;282.60272216796875;[  0   1   4  23  30  65 110 116 128 134];216;324
13;37.849409103393555;10;299.79443359375;285.88287353515625;[  0   1   4  23  30  65 109 110 128 134];344;496
14;39.63295793533325;10;299.79443359375;285.88287353515625;[  0   1   4  23  30  65 110 116 128 134];496;496
15;58.064960956573486;10;299.7915496826172;288.9105987548828;[  0   1   4  23  30  65 110 116 128 134];526;759
16;85.84722709655762;10;299.78882026672363;291.4163475036621;[  0   1   4  23  30  65 110 116 128 134];784;1151
17;128.44702696800232;10;299.7869529724121;293.2061061859131;[  0   1   4  23  30  65 110 116 128 134];1186;1744
18;192.67489004135132;10;299.78508710861206;294.7679967880249;[  0   1   4  23  30  65 110 116 128 134];1706;2597
19;285.6111400127411;10;299.7841831445694;296.13634181022644;[  0   1   4  23  30  65 110 116 128 134];2246;3720
19;408.1651599407196;10;299.7841831445694;297.1957185268402;[  0   1   4  23  30  65 110 116 128 134];0;5067
I;1;0.40288615226745605;10;408.0;0;[  0   1   2   3   4  10  30  65 110 134];1;1
I;2;0.8262951374053955;10;300.0;0.0;[  0   1   4  10  23  30  65 110 128 134];1;1
I;3;1.676666259765625;10;300.0;149.25;[  1   4  10  22  23  30  65 110 116 128];8;11
I;4;2.112920045852661;10;300.0;149.25;[  1   4  10  23  64  65  84 103 110 128];11;11
I;5;2.6212692260742188;10;300.0;149.25;[  0   1   4  22  23  30  65 110 128 134];11;11
I;6;3.942589282989502;10;299.92578125;204.671875;[  1   4   8  23  30  65 110 116 128 134];20;27
I;7;5.397402048110962;10;299.84765625;59.16015625;[  0   1   4  23  30  65 110 116 128 134];36;45
I;8;7.123866081237793;10;299.841796875;262.775390625;[  0   1   4  23  30  65 110 116 128 134];30;60
I;9;9.413336038589478;10;299.816162109375;269.900390625;[  0   1   4  23  30  65 109 110 128 134];48;84
I;10;10.026233196258545;10;299.816162109375;269.900390625;[  0   1   4  23  30  65 110 116 128 134];84;84
I;11;13.209216117858887;10;299.8111572265625;277.5810546875;[  1   4   8  23  30  65 110 116 128 134];70;119
I;12;18.04959011077881;10;299.8035888671875;185.303955078125;[  0   1   4  23  30  65 110 116 128 134];132;185
I;13;25.035382986068726;10;299.7983703613281;285.07464599609375;[  0   1   4  23  30  65 110 116 128 134];182;276
I;14;35.569244146347046;10;299.79443359375;288.2703552246094;[  0   1   4  23  30  65 110 116 128 134];278;415
I;15;50.632190227508545;10;299.7915267944336;291.32784271240234;[  0   1   4  23  30  65 110 116 128 134];392;611
I;16;72.52065420150757;10;299.78888511657715;293.35164642333984;[  0   1   4  23  30  65 110 116 128 134];568;895
I;17;103.27322006225586;10;299.78733348846436;295.20687675476074;[  0   1   4  23  30  65 110 116 128 134];740;1265
I;18;142.2049241065979;10;299.7858135700226;296.7579803466797;[  0   1   4  23  30  65 110 116 128 134];816;1673
C;18;184.25759100914001;10;299.7858135700226;297.88402795791626;[  0   1   4  23  30  65 110 116 128 134];0;2006
