1;0.3891928195953369;10;565.0;0;[  0   1   2   3   4   5 113 137 164 296];1;1
2;0.8019518852233887;10;565.0;0.0;[  2 106 111 113 137 164 277 296 298 323];1;1
3;1.222465991973877;10;565.0;0.0;[  2   3 106 111 113 137 164 296 323 342];1;1
4;1.6396589279174805;10;565.0;0.0;[  2   3 111 113 137 164 277 296 299 342];1;1
5;2.059964895248413;10;565.0;0.0;[  2   3 106 113 137 164 277 296 317 342];1;1
6;2.475182056427002;10;552.0;0.0;[  2 111 113 137 164 206 277 296 317 342];1;1
7;2.8968749046325684;10;552.0;0.0;[  2 106 113 137 164 206 254 277 296 342];1;1
8;3.3126158714294434;10;546.0;0.0;[  2 106 113 137 206 254 296 298 299 342];1;1
9;3.733560085296631;10;544.0;0.0;[  2 106 113 137 164 206 296 298 299 342];1;1
-1;;3.784010887145996;10;544.0;543.0;[  2 106 113 137 164 206 296 298 299 342];0;1
