1;0.3962409496307373;10;260.0;0;[  0   1   2   3   4   5   6 115 119 128];1;1
2;0.8093249797821045;10;260.0;0.0;[  0   1   4   9  52  58 115 119 128 142];1;1
3;1.2210469245910645;10;260.0;0.0;[  0   4   9  52  58 115 119 123 128 142];1;1
4;1.6391510963439941;10;260.0;0.0;[  0   4  38  52  84 115 119 123 128 142];1;1
5;2.1231069564819336;10;247.5;0.0;[  0   4   9  58  84 115 119 123 128 142];2;2
6;2.636965036392212;10;247.5;0.0;[  0   4   9  58  84 115 119 123 128 142];4;4
7;3.2710769176483154;10;245.25;0.0;[  0   4   9  58  84 115 119 123 128 142];8;8
8;4.11029314994812;10;244.515625;0.0;[  0   4   9  58  84 115 119 123 128 142];16;16
9;5.337517976760864;10;243.9609375;13.15625;[  0   4   9  58  84 115 119 123 128 142];30;31
10;7.184654951095581;10;243.021484375;48.453125;[  0   4   9  58  84 115 119 123 128 142];50;56
11;10.04573106765747;10;242.6904296875;85.8203125;[  0   4   9  58  84 115 119 123 128 142];80;96
12;14.493314027786255;10;242.40576171875;120.2646484375;[  0   4   9  58  84 115 119 123 128 142];124;158
13;21.008087873458862;10;242.2823486328125;157.1220703125;[  0   4   9  58  84 115 119 123 128 142];172;244
14;30.19239115715027;10;242.20660400390625;185.9285888671875;[  0   4   9  58  84 115 119 123 128 142];226;357
15;42.85524797439575;10;242.1595916748047;205.7742919921875;[  0   4   9  58  84 115 119 123 128 142];290;502
16;59.794301986694336;10;242.129638671875;219.02615356445312;[  0   4   9  58  84 115 119 123 128 142];364;684
17;82.21858406066895;10;242.1128387451172;227.3410186767578;[  0   4   9  58  84 115 119 123 128 142];458;913
18;111.03101897239685;10;242.1025848388672;232.74080276489258;[  0   4   9  58  84 115 119 123 128 142];566;1196
19;148.3045530319214;10;242.09726095199585;236.1150302886963;[  0   4   9  58  84 115 119 123 128 142];694;1543
20;195.35238695144653;10;242.09425902366638;238.31074857711792;[  0   4   9  58  84 115 119 123 128 142];818;1952
21;253.2522521018982;10;242.09289824962616;239.67237949371338;[  0   4   9  58  84 115 119 123 128 142];928;2416
21;318.6690819263458;10;242.09289824962616;240.49484598636627;[  0   4   9  58  84 115 119 123 128 142];0;2915
1;0.3937110900878906;10;260.0;0;[  0   1   2   3   4   5   6 115 119 128];1;1;0;0
2;0.7948250770568848;10;260.0;0.0;[  0   1   4   9  52  58 115 119 128 142];1;1;0;0
3;1.2127370834350586;10;260.0;0.0;[  0   4   9  52  58 115 119 123 128 142];1;1;0;0
4;1.6259582042694092;10;260.0;0.0;[  0   4  38  52  84 115 119 123 128 142];1;1;0;0
5;2.095449209213257;10;247.38010204081633;0.0;[  0   1   4  52  58 115 119 123 128 142];2;2;1;1
6;2.62123703956604;10;247.23105553696888;0.0;[  0   1   4  52  58 115 119 123 128 142];4;4;3;2
7;3.278233051300049;10;245.85095349615256;0.0;[  0   1   9  10  52 115 119 123 128 142];8;8;7;5
8;4.167375087738037;10;244.35047717857634;56.670792907326856;[  0   4   9  58  84 115 119 123 128 142];14;15;14;8
9;5.538967132568359;10;243.36597650714998;0.0;[  0   4   9  58  84 115 119 123 128 142];30;30;29;18
10;7.527878284454346;10;243.06933974035934;39.81678778068604;[  0   4   9  58  84 115 119 123 128 142];44;52;51;29
11;10.69690227508545;10;242.65716042601528;84.02223348355734;[  0   4   9  58  84 115 119 123 128 142];76;90;89;49
12;15.641284227371216;10;242.45073531728022;118.10872365916141;[  0   4   9  58  84 115 119 123 128 142];118;149;148;79
13;22.68152403831482;10;242.25003607240396;158.3961363630773;[  0   4   9  58  84 115 119 123 128 142];154;226;225;119
14;32.31293225288391;10;242.19666542620453;178.77167953519677;[  0   4   9  58  84 115 119 123 128 142];200;326;325;166
15;45.16002011299133;10;242.14128285610232;197.3149332555232;[  0   4   9  58  84 115 119 123 128 142];248;450;449;229
16;61.83270502090454;10;242.1109868112065;210.23508376938912;[  0   4   9  58  84 115 119 123 128 142];306;603;602;296
17;83.23014807701111;10;242.09395836405633;219.72387305517032;[  0   4   9  58  84 115 119 123 128 142];374;790;789;378
18;110.59856510162354;10;242.0827941085783;228.297930737533;[  0   4   9  58  84 115 119 123 128 142];458;1019;1018;479
19;146.0924642086029;10;242.0750888267249;232.48846396969662;[  0   4   9  58  84 115 119 123 128 142];596;1317;1316;604
20;192.12392020225525;10;242.06982168141602;235.97727612316413;[  0   4   9  58  84 115 119 123 128 142];736;1685;1684;740
21;250.72028017044067;10;242.06741240665934;238.1322522395209;[  0   4   9  58  84 115 119 123 128 142];882;2126;2125;917
22;325.27244901657104;10;242.06608514741865;239.31852988038747;[  0   4   9  58  84 115 119 123 128 142];1066;2659;2658;1131
22;408.49509620666504;10;242.06608514741865;240.18862956868293;[  0   4   9  58  84 115 119 123 128 142];0;3264;3263;1398
