I;1;0.0047419071197509766;10;1000000.0;0;[0 1 2 3 4 5 6 7 8 9];1;1;0;0;0
I;2;0.01378178596496582;10;337.0;0;[  0   1   2   3   4   5  75  95 130 145];1;1;0;0;0
I;3;0.02296280860900879;10;337.0;0;[  0   1   2   3  75  93  95 111 130 145];1;1;0;0;0
I;4;0.03261971473693848;10;337.0;0;[  1  74  75  93  95 111 130 135 136 145];1;1;0;0;0
I;5;0.04187488555908203;10;337.0;0;[  0   1  10  61  75  93  95 111 130 145];1;1;0;0;0
I;6;0.051120758056640625;10;337.0;0;[  0   1  29  74  75  93  95 111 130 145];1;1;0;0;0
I;7;0.11926984786987305;10;337.0;277.0;[  1  10  74  75  93  95 111 121 130 145];2;2;0;0;0.0009889602661132812
I;8;0.24278664588928223;10;337.0;283.375;[  1  10  75  86  93  95 111 121 130 145];4;4;0;0;0.002728700637817383
I;9;0.4999277591705322;10;335.0;298.375;[  1  63  75  86  93  95 111 121 130 145];8;8;0;0;0.006098747253417969
I;10;0.5200326442718506;10;331.25;298.375;[  0   1  63  75  86  93  95 111 130 145];8;8;0;0;0.006098747253417969
I;11;0.5412049293518066;10;329.25;298.375;[  1  74  75  86  93  95 111 121 130 145];8;8;0;0;0.006098747253417969
I;12;1.0233879089355469;10;329.25;306.4375;[  1  74  75  86  93  95 111 121 130 145];16;16;0;0;0.01262664794921875
I;13;1.7498807907104492;10;329.09375;309.625;[  1  63  75  86  93  95 111 121 130 145];32;32;0;0;0.02532649040222168
I;14;1.8059189319610596;10;328.96875;309.625;[  1  63  75  86  93  95 111 121 130 145];32;32;0;0;0.02532649040222168
I;15;3.7382566928863525;10;328.4296875;314.5;[  1  63  75  86  93  95 111 121 130 145];64;64;0;0;0.0518801212310791
I;16;6.4217047691345215;10;327.490234375;317.0;[  1  63  75  86  93  95 111 121 130 145];122;125;0;0;0.10029268264770508
I;17;11.351787805557251;10;326.8056640625;318.833984375;[  1  63  75  86  93  95 111 121 130 145];224;237;0;0;0.19018340110778809
I;18;20.461829900741577;10;326.2548828125;320.282470703125;[  1  74  75  86  93  95 111 121 130 145];410;442;1;0;0.3550715446472168
I;19;21.160403966903687;10;326.25;320.282470703125;[  0   1  74  75  86  93  95 111 130 145];442;442;1;0;0.3550715446472168
I;20;21.857144832611084;10;326.25;320.282470703125;[  1  63  75  86  93  95 103 111 130 145];442;442;1;0;0.3550715446472168
I;21;22.528008937835693;10;326.1899414062507;320.282470703125;[  1  63  75  86  93  95 111 121 130 145];442;442;1;0;0.3550715446472168
I;22;45.07113766670227;10;326.07568359375;321.371337890625;[  1  74  75  86  93  95 111 112 130 145];696;790;1;0;0.639693021774292
I;23;46.28794980049133;10;326.07568359375;321.371337890625;[  1  74  75  86  93  95 103 111 130 145];790;790;1;0;0.639693021774292
I;24;47.50438475608826;10;325.82275390625;321.371337890625;[  1  63  75  86  93  95 111 121 130 145];790;790;1;0;0.639693021774292
I;25;66.77182960510254;10;325.68896484375;321.58740234375;[  1  63  75  86  93  95 111 121 130 145];896;904;1;0;0.7346189022064209
I;26;88.35351276397705;10;325.61883544921875;321.77593994140625;[  1  63  75  86  93  95 111 121 130 145];1014;1029;1;0;0.8366799354553223
I;27;111.7758457660675;10;325.59429931640625;321.88555908203125;[  1  63  75  86  93  95 111 121 130 145];1112;1137;1;0;0.9253156185150146
I;28;136.0704686641693;10;325.56134033203125;321.9858093261719;[  1  63  75  86  93  95 111 121 130 145];1192;1227;1;0;0.9986755847930908
I;29;161.31532382965088;10;325.5478210449219;322.0645751953125;[  1  63  75  86  93  95 111 121 130 145];1264;1300;1;0;1.0588762760162354
I;30;187.24615287780762;10;325.5281066894531;322.1100158691406;[  1  63  75  86  93  95 111 121 130 145];1306;1358;1;0;1.1063041687011719
I;31;213.67904782295227;10;325.5189514160156;322.1682434082031;[  1  63  75  86  93  95 111 121 130 145];1342;1404;1;0;1.1439247131347656
I;32;240.15126991271973;10;325.5054626464844;322.1940612792969;[  1  63  75  86  93  95 111 121 130 145];1370;1432;1;0;1.1669979095458984
I;33;266.75189089775085;10;325.5014343261719;322.20770263671875;[  1  63  75  86  93  95 111 121 130 145];1387;1449;1;0;1.1808812618255615
I;34;293.31763195991516;10;325.49749755859375;322.21533203125;[  1  63  75  86  93  95 111 121 130 145];1399;1461;1;0;1.1906192302703857
I;35;320.07120180130005;10;325.4935607910156;322.2224426269531;[  1  63  75  86  93  95 111 121 130 145];1408;1470;1;0;1.198035717010498
I;36;346.71716570854187;10;325.49176025390625;322.2249450683594;[  1  63  75  86  93  95 111 121 130 145];1413;1475;1;0;1.2021028995513916
I;37;373.5712640285492;10;325.4912414550781;322.2266845703125;[  1  63  75  86  93  95 111 121 130 145];1417;1479;1;0;1.2053637504577637
I;38;400.27408385276794;10;325.4912414550781;322.227294921875;[  1  63  75  86  93  95 111 121 130 145];1420;1482;1;0;1.2078020572662354
I;39;427.28650879859924;10;325.4895935058594;322.2294006347656;[  1  63  75  86  93  95 111 121 130 145];1423;1485;1;0;1.2102510929107666
I;40;454.1752986907959;10;325.4879455566406;322.23126220703125;[  1  63  75  86  93  95 111 121 130 145];1425;1487;1;0;1.2118721008300781
I;41;481.06741094589233;10;325.4874267578125;322.2320251464844;[  1  63  75  86  93  95 111 121 130 145];1426;1488;1;0;1.2126803398132324
C;41;507.8964626789093;10;325.4874267578125;322.2327880859375;[  1  63  75  86  93  95 111 121 130 145];0;1489;1;0;1.2134971618652344
I;1;0.004991054534912109;10;1000000.0;0;[0 1 2 3 4 5 6 7 8 9];1;1;0;0;0
I;2;0.013913154602050781;10;337.0;0;[  0   1   2   3   4   5  75  95 130 145];1;1;0;0;0
I;3;0.02358412742614746;10;337.0;0;[  0   1   2   3  75  93  95 111 130 145];1;1;0;0;0
I;4;0.03421211242675781;10;337.0;0;[  1  74  75  93  95 111 130 135 136 145];1;1;0;0;0
I;5;0.043813228607177734;10;337.0;0;[  0   1  10  61  75  93  95 111 130 145];1;1;0;0;0
I;6;0.05354499816894531;10;337.0;0;[  0   1  29  74  75  93  95 111 130 145];1;1;0;0;0
I;7;0.1289050579071045;10;331.2179487179488;284.11538461538464;[  1   4  74  75  93  95 111 121 130 145];2;2;0;0;0
I;8;0.14023613929748535;10;330.95512820512846;284.11538461538464;[  0   1  75  86  93  95 111 121 130 145];2;2;0;0;0
I;9;0.28186917304992676;10;329.4807692307693;303.8079126602564;[  1  63  75  86  93  95 111 121 130 145];4;4;0;0;0
I;10;0.549109935760498;10;328.734375;311.5619090544872;[  1  63  75  86  93  95 111 121 130 145];8;8;0;0;0
I;11;0.938500165939331;10;327.9162803177392;315.8542934464374;[  1  63  75  86  93  95 111 121 130 145];16;16;0;0;0
I;12;1.5419111251831055;10;326.462954544579;318.54493380466437;[  1  63  75  86  93  95 111 121 130 145];24;28;0;0;0
I;13;2.69153094291687;10;326.224358974359;320.3174018495699;[  1  74  75  86  93  95 103 111 130 145];48;52;0;0;0
I;14;2.7801051139831543;10;325.7108482888728;320.3174018495699;[  1  63  75  86  93  95 111 121 130 145];52;52;0;0;0
I;15;6.009650945663452;10;325.5287319345248;321.1519774638393;[  1  63  75  86  93  95 111 121 130 145];96;100;0;0;0
I;16;6.6183390617370605;10;325.5287319345248;321.28814473772775;[  1  63  75  86  93  95 111 121 130 145];108;109;0;0;0
I;17;7.324230909347534;10;325.5058752176563;321.48903179253927;[  1  74  75  86  93  95 111 121 130 145];118;120;0;0;0
I;18;7.517518043518066;10;325.47010743115874;321.48903179253927;[  1  63  75  86  93  95 111 121 130 145];120;120;0;0;0
I;19;10.37961196899414;10;325.46686574207;321.5966650865507;[  1  63  75  86  93  95 111 121 130 145];128;130;0;0;0
I;20;13.360679864883423;10;325.46611615812026;321.73635819365893;[  1  63  75  86  93  95 111 121 130 145];133;140;0;0;0
I;21;16.501287937164307;10;325.45189919608595;321.84192922571384;[  1  63  75  86  93  95 111 121 130 145];140;149;0;0;0
I;22;19.792341947555542;10;325.44920479620055;321.91989723797064;[  1  63  75  86  93  95 111 121 130 145];149;158;0;0;0
I;23;23.18252205848694;10;325.4326923478967;321.97912157845167;[  1  63  75  86  93  95 111 121 130 145];156;165;0;0;0
I;24;26.666722059249878;10;325.4208062978459;322.0339916508277;[  1  63  75  86  93  95 111 121 130 145];162;171;0;0;0
I;25;30.142003059387207;10;325.4208062978459;322.0491791060693;[  1  63  75  86  93  95 111 121 130 145];166;175;0;0;0
I;26;33.72285318374634;10;325.4186607134686;322.0753734268382;[  1  63  75  86  93  95 111 121 130 145];170;179;0;0;0
I;27;37.353996992111206;10;325.4163618730644;322.09146530966797;[  1  63  75  86  93  95 111 121 130 145];173;182;0;0;0
I;28;41.064083099365234;10;325.4163618730644;322.1140530052694;[  1  63  75  86  93  95 111 121 130 145];176;185;0;0;0
I;29;44.724794149398804;10;325.41624943547197;322.11730827608255;[  1  63  75  86  93  95 111 121 130 145];178;187;0;0;0
I;30;48.510818004608154;10;325.41624943547197;322.12956219563506;[  1  63  75  86  93  95 111 121 130 145];180;189;0;0;0
I;31;52.28243613243103;10;325.41466828182814;322.1504685604823;[  1  63  75  86  93  95 111 121 130 145];181;191;0;0;0
I;32;56.02747917175293;10;325.41466828182814;322.15838881218184;[  1  63  75  86  93  95 111 121 130 145];182;192;0;0;0
I;33;59.78389501571655;10;325.41466828182814;322.159208705652;[  1  63  75  86  93  95 111 121 130 145];183;193;0;0;0
C;33;63.5648980140686;10;325.41466828182814;322.1642942514797;[  1  63  75  86  93  95 111 121 130 145];0;194;0;0;0
