1;0.399843692779541;10;399.0;0;[  0   1   2   5  38 115 223 241 244 299];1;1
2;0.8278000354766846;10;351.0;0.0;[  5  38 115 223 241 244 248 291 299 308];1;1
3;1.2656309604644775;10;351.0;0.0;[  3   5 115 214 223 241 248 291 299 308];1;1
4;1.6966149806976318;10;345.0;0.0;[  5  38 115 214 241 248 291 299 308 348];1;1
5;2.1494808197021484;10;343.0;0.0;[  5  38  50 115 214 241 248 291 299 308];1;1
6;2.582608938217163;10;341.0;0.0;[  5  38  50 115 214 241 259 291 299 308];1;1
7;3.1466000080108643;10;333.75;0.0;[  5  38  50 115 202 214 241 291 299 308];2;2
8;3.8383219242095947;10;333.75;0.0;[  5  38  50 115 202 214 241 291 299 308];4;4
9;4.8017730712890625;10;323.1875;0.0;[  5  37  38 115 202 206 214 291 299 308];8;8
10;6.2471230030059814;10;319.6328125;40.5;[  5  37  38 115 202 206 214 291 299 308];14;15
11;8.29261589050293;10;316.791015625;117.9921875;[  5  37  48 115 206 214 223 291 299 308];20;25
12;11.918485879898071;10;316.34912109375;31.734375;[  5  37  38 115 202 206 214 291 299 308];44;47
13;15.92351484298706;10;316.038330078125;231.388671875;[  5  37  38 115 206 214 291 299 308 323];32;63
14;22.473732709884644;10;315.8553466796875;206.2606201171875;[  5  37  38 115 206 214 291 299 308 323];68;97
15;30.7192599773407;10;315.7604522705078;261.8412170410156;[  5  37  38 115 206 214 291 299 308 323];72;133
16;41.49803805351257;10;315.7174987792969;280.117431640625;[  5  37  38 115 206 214 291 299 308 323];90;178
17;55.039984941482544;10;315.7003479003906;293.6550750732422;[  5  37  38 115 202 206 214 291 299 308];108;232
18;69.90633177757263;10;315.6904487609863;291.847900390625;[  5  37  38 115 206 214 291 299 308 323];94;279
19;89.58566784858704;10;315.67807960510254;303.3278388977051;[  5  37  38 115 206 214 291 299 308 323];146;352
20;113.22692584991455;10;315.6739721298218;308.6404266357422;[  5  37  38 115 206 214 291 299 308 323];160;432
21;141.54159784317017;10;315.6719009876251;311.4556405544281;[  5  37  38 115 206 214 291 299 308 323];180;522
21;172.23018980026245;10;315.6719009876251;313.0334703922272;[  5  37  38 115 206 214 291 299 308 323];0;616
1;0.4395921230316162;10;399.0;0;[  0   1   2   5  38 115 223 241 244 299];1;1;0;0
2;0.895637035369873;10;351.0;0.0;[  5  38 115 223 241 244 248 291 299 308];1;1;0;0
3;1.3600220680236816;10;351.0;0.0;[  3   5 115 214 223 241 248 291 299 308];1;1;0;0
4;1.8303511142730713;10;345.0;0.0;[  5  38 115 214 241 248 291 299 308 348];1;1;0;0
5;2.2926430702209473;10;343.0;0.0;[  5  38  50 115 214 241 248 291 299 308];1;1;0;0
6;2.7569780349731445;10;341.0;0.0;[  5  38  50 115 214 241 259 291 299 308];1;1;0;0
7;3.3616902828216553;10;326.0;0.0;[  5  37  38 115 202 206 214 291 299 308];2;2;1;1
8;4.125205993652344;10;316.8238726191372;0.0;[  5  37  38 115 202 206 214 291 299 308];4;4;3;3
9;5.219127178192139;10;316.52625715648;0.0;[  5  37  38 115 206 214 291 299 308 323];8;8;7;6
10;6.6831769943237305;10;315.84940731619;36.50348189415042;[  5  37  38 115 206 214 291 299 308 323];12;14;13;11
11;8.66966724395752;10;315.80808979119394;239.46417000964357;[  5  37  38 115 202 206 214 291 299 308];16;22;21;15
12;11.337999105453491;10;315.78423709473503;220.98805678937987;[  5  37  38 115 206 214 291 299 308 323];22;33;32;19
13;15.096281290054321;10;315.7375067021982;255.727649600456;[  5  37  38 115 206 214 291 299 308 323];32;49;48;27
14;20.075773000717163;10;315.70447360801546;277.7041425540642;[  5  37  38 115 202 206 214 291 299 308];40;69;68;36
15;25.500752925872803;10;315.70405371376256;259.9676017619414;[  5  37  38 115 202 206 214 291 299 308];34;86;85;37
16;32.122503995895386;10;315.70017690333606;271.550432837575;[  5  37  38 115 202 206 214 291 299 308];42;107;106;43
17;40.195327043533325;10;315.69560485929503;284.66016416658624;[  5  37  38 115 206 214 291 299 308 323];50;132;131;55
18;52.817615270614624;10;315.68124550642665;294.2426870682783;[  5  37  38 115 206 214 291 299 308 323];108;186;185;79
19;69.66283130645752;10;315.6672041907694;303.50262038546833;[  5  37  38 115 206 214 291 299 308 323];138;255;254;108
20;88.49860000610352;10;315.6627802551259;309.414237593135;[  5  37  38 115 206 214 291 299 308 323];120;315;314;141
21;108.57858729362488;10;315.6612903971081;312.38851818713744;[  5  37  38 115 206 214 291 299 308 323];98;364;363;166
21;129.85711121559143;10;315.6612903971081;313.4115486953541;[  5  37  38 115 206 214 291 299 308 323];0;414;413;195
