I;1;0.0006759166717529297;10;1000000.0;0;[0 1 2 3 4 5 6 7 8 9];1;1
I;2;0.011501073837280273;10;234.0;0.0;[  0   1   2   3   4   5   6   7 177 190];1;1
I;3;0.022686004638671875;10;234.0;0.0;[  0   4  80 147 152 177 189 190 197 213];1;1
I;4;0.032814741134643555;10;234.0;0.0;[  4  50 177 190 197 227 228 229 231 236];1;1
I;5;0.04403185844421387;10;234.0;0.0;[  4  93 155 177 189 190 197 227 230 231];1;1
I;6;0.05487370491027832;10;234.0;0.0;[  4 131 155 177 189 190 197 229 230 236];1;1
I;7;0.09162187576293945;10;234.0;0.0;[  4 131 155 177 189 190 197 229 230 236];2;2
I;8;0.16715073585510254;10;234.0;0.0;[  4  50  80 149 152 155 177 189 190 229];4;4
I;9;0.18282389640808105;10;234.0;0.0;[  4   5  80 131 147 149 177 189 190 197];4;4
I;10;0.3327498435974121;10;234.0;0.0;[  4   5  80 131 149 152 177 189 190 197];8;8
I;11;0.35315394401550293;10;234.0;0.0;[  4  94 131 149 152 155 177 189 190 197];8;8
I;12;0.37500691413879395;10;234.0;0.0;[  4  50  80  94 149 152 177 189 190 197];8;8
I;13;0.6465427875518799;10;234.0;0.0;[  4  94 104 131 149 152 177 189 190 197];16;16
I;14;0.7029528617858887;10;233.71875000000045;0.0;[  4  50  65 131 149 152 177 189 190 197];16;16
I;15;0.7354927062988281;10;233.0;0.0;[ 50  65  94 131 149 152 177 189 190 197];16;16
I;16;0.7741010189056396;10;232.1484375;0.0;[ 59  65  94 131 149 152 177 189 190 197];16;16
I;17;0.8103718757629395;10;232.0;0.0;[ 50  59  94 124 149 152 189 190 195 197];16;16
I;18;0.8440988063812256;10;231.3984375;0.0;[  0   4  50 149 152 177 189 190 195 197];16;16
I;19;0.8782708644866943;10;231.2734375;0.0;[  4  50  65 149 152 177 189 190 195 197];16;16
I;20;0.911949872970581;10;231.2734375;0.0;[  0   4  50  80 149 152 189 190 195 197];16;16
I;21;0.9474518299102783;10;231.1171875;0.0;[  0   4  50 149 152 177 189 190 195 197];16;16
I;22;1.4700710773468018;10;231.0078125000004;14.625;[  4  50  59  94 124 149 152 189 190 197];30;31
I;23;1.532193899154663;10;230.6640625;14.625;[  0   4  50  65 149 152 177 189 190 197];31;31
I;24;1.5956199169158936;10;230.2734375;14.625;[  4  50  80 149 152 155 177 189 190 197];31;31
I;25;1.662761926651001;10;230.1328125;14.625;[ 50  59  94 124 131 149 152 189 190 197];31;31
I;26;1.7258150577545166;10;230.03906250000034;14.625;[ 50  65  94 149 152 155 189 190 195 197];31;31
I;27;1.792788028717041;10;229.958984375;14.625;[  0   4  50  80 149 152 155 177 190 197];31;31
I;28;1.8555469512939453;10;229.724609375;14.625;[  0   4  50  59 149 152 177 189 190 197];31;31
I;29;1.922461986541748;10;229.505859375;14.625;[  4  50  80 131 149 152 155 189 190 197];31;31
I;30;1.9905509948730469;10;229.427734375;14.625;[  0   4  50  80 149 152 177 189 190 197];31;31
I;31;2.0573549270629883;10;229.318359375;14.625;[ 80  94 124 131 149 152 155 189 190 197];31;31
I;32;2.12205171585083;10;229.31054687500077;14.625;[  0   4  50 149 152 155 177 189 190 197];31;31
I;33;2.188654899597168;10;229.271484375;14.625;[ 50  65  93  94 149 152 177 189 190 197];31;31
I;34;2.255276918411255;10;229.240234375;14.625;[  0   4  50  80 149 152 177 189 190 197];31;31
I;35;3.2315378189086914;10;229.22460937500023;57.03125;[  1  50  65  91  94 149 152 189 190 197];48;55
I;36;3.329380750656128;10;229.224609375;57.03125;[ 50  59  65  94 149 152 155 189 190 197];55;55
I;37;3.445249080657959;10;228.80273437500057;57.03125;[  4  50  80 131 149 152 177 189 190 197];55;55
I;38;3.555440902709961;10;228.802734375;57.03125;[ 50  59  65  94 131 149 152 189 190 197];55;55
I;39;3.6666858196258545;10;228.755859375;57.03125;[ 50  65  94 131 149 152 155 189 190 197];55;55
I;40;3.793781042098999;10;228.623046875;57.03125;[  4  50  80  94 124 149 152 189 190 197];55;55
I;41;3.910961866378784;10;228.623046875;57.03125;[  4  50  80  94 124 149 152 155 190 197];55;55
I;42;4.023677825927734;10;228.61865234375;57.03125;[  0   4  50  80 149 152 155 189 190 197];55;55
I;43;4.130573749542236;10;228.57617187500114;57.03125;[  4  50 131 149 152 177 189 190 195 197];55;55
I;44;4.2355568408966064;10;228.576171875;57.03125;[  4  94 124 131 149 152 177 189 190 197];55;55
I;45;4.345475912094116;10;228.49755859375;57.03125;[  0   4  50 149 152 177 189 190 195 197];55;55
I;46;4.469810962677002;10;228.41943359375;57.03125;[  0   4  50  80 149 152 177 189 190 197];55;55
I;47;6.213037014007568;10;228.412109375;95.6064453125;[  4  50  80 131 149 152 155 177 190 197];74;92
I;48;6.377262830734253;10;228.38085937500105;95.6064453125;[  4  50  80  94 131 149 152 155 190 197];92;92
I;49;6.547909736633301;10;228.349609375;95.6064453125;[  4  94 124 131 149 152 155 177 190 197];92;92
I;50;6.728047847747803;10;228.25927734375;95.6064453125;[  0   4  50 149 152 155 177 189 190 197];92;92
I;51;6.907418727874756;10;228.23193359375;95.6064453125;[  0   1   4  50 149 152 177 189 190 197];92;92
I;52;7.084756851196289;10;228.23193359375;95.6064453125;[  0   4  50 149 152 177 189 190 195 197];92;92
I;53;7.252051830291748;10;228.19775390625094;95.6064453125;[  0   4  50  80 149 152 177 189 190 197];92;92
I;54;10.100740909576416;10;228.1928710937507;125.4375;[  4  50 124 131 149 152 177 189 190 197];114;149
I;55;10.34406304359436;10;228.177734375;125.4375;[  1  80  94 124 131 149 152 189 190 197];149;149
I;56;10.590477705001831;10;228.16210937500003;125.4375;[  4  50 131 149 152 155 177 189 190 197];149;149
I;57;10.841569900512695;10;228.15771484375045;125.4375;[  1  50  80  94 104 149 152 189 190 197];149;149
I;58;11.09162974357605;10;228.12646484375;125.4375;[ 50  65  80  93  94 149 152 189 190 197];149;149
I;59;11.34296703338623;10;228.12646484375;125.4375;[ 50  80  94 124 131 149 152 189 190 197];149;149
I;60;11.59342885017395;10;228.099609375;125.4375;[ 50  80  94 124 131 149 152 155 190 197];149;149
I;61;11.835846900939941;10;228.09899902343864;125.4375;[  4  50 131 149 152 177 189 190 195 197];149;149
I;62;12.080118894577026;10;228.091796875;125.4375;[  4  50  59 131 149 152 177 189 190 197];149;149
I;63;12.347816944122314;10;228.08398437500065;125.4375;[  4  50  59 104 149 152 177 189 190 197];149;149
I;64;12.613224983215332;10;228.05224609375;125.4375;[  0  50  59  80 149 152 177 189 190 197];149;149
I;65;12.854898929595947;10;228.04833984375006;125.4375;[  0   4  50  80 149 152 155 177 190 197];149;149
I;66;13.135403871536255;10;228.0482177734375;125.4375;[  0   4  50  80 149 152 177 189 190 197];149;149
I;67;17.655694723129272;10;228.00524902343872;146.8035888671875;[  4  50  80 131 149 152 177 189 190 197];180;239
I;68;18.024807929992676;10;227.98974609375;146.8035888671875;[ 50  65  80  94 149 152 177 189 190 197];239;239
I;69;18.38913369178772;10;227.9711914062512;146.8035888671875;[  0   4  50 149 152 177 189 190 195 197];239;239
I;70;18.75268578529358;10;227.939208984375;146.8035888671875;[  0   4  50  80 149 152 177 189 190 197];239;239
I;71;25.976775884628296;10;227.935546875;165.1181640625;[ 50  80  94 104 149 152 155 189 190 197];278;378
I;72;26.51970887184143;10;227.89990234375;165.1181640625;[  0   4  50  80 149 152 155 189 190 197];378;378
I;73;27.061510801315308;10;227.87414550781253;165.1181640625;[ 50  80 131 149 152 155 177 189 190 197];378;378
I;74;27.618135690689087;10;227.8541259765625;165.1181640625;[ 59  65  94 104 131 149 152 189 190 197];378;378
I;75;28.197507858276367;10;227.84509277343773;165.1181640625;[  1  50  93  94 124 149 152 189 190 197];378;378
I;76;28.752970933914185;10;227.84130859375074;165.1181640625;[  0  50  59  65  94 149 152 189 190 197];378;378
I;77;29.319323778152466;10;227.82867431640625;165.1181640625;[  0   4  50  80 149 152 177 189 190 197];378;378
I;78;40.595831871032715;10;227.82666015625;178.7825164794922;[  0   1   4  50 149 152 177 189 190 197];432;594
I;79;41.432596921920776;10;227.79345703125102;178.7825164794922;[  0   4  50 149 152 155 177 189 190 197];594;594
I;80;42.251039028167725;10;227.78173828125;178.7825164794922;[  4  50  80 131 149 152 155 177 190 197];594;594
I;81;43.06595301628113;10;227.76257324218847;178.7825164794922;[  4  50  80 131 149 152 177 189 190 197];594;594
I;82;43.886353969573975;10;227.7589111328125;178.7825164794922;[  4  50  94 104 131 149 152 189 190 197];594;594
I;83;44.74787187576294;10;227.7441406250009;178.7825164794922;[  4  94 124 131 149 152 155 189 190 197];594;594
I;84;45.58707308769226;10;227.74365234375;178.7825164794922;[  0   4  50  59 149 152 155 189 190 197];594;594
I;85;46.42050004005432;10;227.73921585083008;178.7825164794922;[  0   4  50  80 149 152 177 189 190 197];594;594
I;86;64.01238870620728;10;227.7186279296875;189.50325775146484;[  0   4  50  80 149 152 155 177 190 197];670;929
I;87;65.23951387405396;10;227.7083740234375;189.50325775146484;[  0   4  50 149 152 177 189 190 195 197];929;929
I;88;66.51027393341064;10;227.68505859375;189.50325775146484;[  0   4  50  93 149 152 177 189 190 197];929;929
I;89;67.80090689659119;10;227.68505859375114;189.50325775146484;[  0   4  50 131 149 152 177 189 190 197];929;929
I;90;69.04760885238647;10;227.68099021911704;189.50325775146484;[  0   4  50  80 149 152 177 189 190 197];929;929
I;91;96.44252586364746;10;227.6480712890625;198.22323989868164;[  4  50  94 124 149 152 177 189 190 197];1024;1441
I;92;98.362459897995;10;227.63785266876255;198.22323989868164;[  0   4  50  80 149 152 177 189 190 197];1441;1441
I;93;140.80014085769653;10;227.62255859375;205.42921543121338;[  4  50 131 149 152 155 177 190 195 197];1526;2204
I;94;143.76758670806885;10;227.62255859375;205.42921543121338;[ 50  59  65  93  94 149 152 189 190 197];2204;2204
I;95;146.6804769039154;10;227.62255859375;205.42921543121338;[ 50  59  65  94 131 149 152 189 190 197];2204;2204
I;96;149.5926170349121;10;227.6086344718933;205.42921543121338;[  0   4  50  80 149 152 177 189 190 197];2204;2204
I;97;213.98375988006592;10;227.60189819335938;211.0045006275177;[  4  50  80  93 149 152 155 177 190 197];2244;3326
I;98;218.35289072990417;10;227.60189819335938;211.0045006275177;[  4  50  80 131 149 152 155 177 190 197];3326;3326
I;99;222.7345108985901;10;227.58962953090779;211.0045006275177;[  0   4  50  80 149 152 177 189 190 197];3326;3326
I;100;319.6112039089203;10;227.5895729064951;215.29999685287476;[  4  50  80 131 149 152 177 189 190 197];3244;4948
I;101;326.0485038757324;10;227.5850830078125;215.29999685287476;[  4  50 131 149 152 155 177 189 190 197];4948;4948
I;102;332.6716468334198;10;227.57688641548268;215.29999685287476;[  0   4  50  80 149 152 177 189 190 197];4948;4948
I;103;476.342050075531;10;227.56914567947388;218.77621626853943;[  0   4  50  80 149 152 177 189 190 197];4482;7189
I;104;683.8719098567963;10;227.56449910998344;221.34640660881996;[  0   4  50  80 149 152 177 189 190 197];5998;10188
I;105;978.3451898097992;10;227.5621337890625;223.1683093905449;[  0  50  65  94 149 152 177 189 190 197];7792;14084
I;106;996.7513411045074;10;227.56173165887594;223.1683093905449;[  0   4  50  80 149 152 177 189 190 197];14084;14084
I;107;1403.6525707244873;10;227.56001821160316;224.41449624300003;[  0   4  50  80 149 152 177 189 190 197];9844;19006
I;108;1953.190673828125;10;227.5590399382636;225.27771636098623;[  0   4  50  80 149 152 177 189 190 197];11744;24878
C;108;2669.655429840088;10;227.5590399382636;225.83277893438935;[  0   4  50  80 149 152 177 189 190 197];0;31518
