I;1;0.005545854568481445;10;1000000.0;0;[0 1 2 3 4 5 6 7 8 9];1;1;0;0;0
I;2;0.014189958572387695;10;206.0;0;[  0   1   2   3   4   5  14  19  86 128];1;1;0;0;0
I;3;0.023726940155029297;10;206.0;0;[  0   1   2  14  19  86  91  95 105 128];1;1;0;0;0
I;4;0.03221702575683594;10;196.0;0;[  2  14  19  80  86  90  91  95 128 138];1;1;0;0;0
I;5;0.04308176040649414;10;196.0;0;[  1   2  14  19  80  86  90  91  95 128];1;1;0;0;0
I;6;0.1157827377319336;10;194.7283653846157;187.2283653846154;[  1   2  14  19  80  86  90  91  95 128];2;2;0;0;0
I;7;0.20515704154968262;10;193.14010989011012;189.2295673076923;[  1   2  14  19  80  86  90  91  95 128];3;3;0;0;0
I;8;0.30680012702941895;10;193.14010989011012;189.6583962912088;[  1   2  14  19  80  86  90  91  95 128];4;4;0;0;0
I;9;0.4678499698638916;10;193.14010989011012;190.06632039835165;[  1   2  14  19  80  86  90  91  95 128];6;6;0;0;0
I;10;0.6750948429107666;10;193.06863839285745;190.58250343406593;[  1   2  14  19  80  86  90  91  95 128];8;8;0;0;0
I;11;0.8686649799346924;10;193.06863839285745;190.68971067994505;[  1   2  14  19  80  86  90  91  95 128];9;9;0;0;0
I;12;1.1499297618865967;10;193.06863839285745;190.9280777815934;[  1   2  14  19  80  86  90  91  95 128];11;11;0;0;0
I;13;1.404181957244873;10;193.03290264423111;191.10675652472528;[  1   2  14  19  80  86  90  91  95 128];12;12;0;0;0
C;13;1.667268991470337;10;193.03290264423111;191.16036014766485;[  1   2  14  19  80  86  90  91  95 128];0;13;0;0;0
