I;1;0.0004611015319824219;10;1000000.0;0;[0 1 2 3 4 5 6 7 8 9];1;1;0;0;0
I;2;0.00864410400390625;10;446.0;0;[ 0  1  2  3  4  5  6  7 28 55];1;1;0;0;0
I;3;0.01632404327392578;10;446.0;0;[ 0  2 25 28 46 50 55 71 79 98];1;1;0;0;0
I;4;0.02348804473876953;10;446.0;0;[  0   1  28  46  55 114 115 116 117 118];1;1;0;0;0
I;5;0.03165698051452637;10;446.0;0;[  0   1  28  55  57  98 114 115 117 118];1;1;0;0;0
I;6;0.039388179779052734;10;446.0;0;[  0   1   2  28  46  55  57 116 117 123];1;1;0;0;0
I;7;0.10168123245239258;10;446.0;394.71874999999994;[  0   3  28  46  55  57 116 117 118 123];2;2;1;1;0.0021889209747314453
I;8;0.11037206649780273;10;446.0;394.71874999999994;[  0   1   3  28  46  55  71  98 115 123];2;2;1;1;0.0021889209747314453
I;9;0.1209261417388916;10;446.0;394.71874999999994;[  0   1   2   3  28  46  55  72  83 123];2;2;1;1;0.0021889209747314453
I;10;0.3895101547241211;10;446.0;423.15861772544145;[  0   1   2   3  28  43  46  55  83 117];8;8;7;4;0.012079954147338867
I;11;0.800137996673584;10;446.0;435.2015896500578;[  0   1   3  28  55  72  83  98 100 117];14;15;14;11;0.028222084045410156
I;12;0.8305232524871826;10;446.0;435.2015896500578;[  0   1   3  28  43  46  55  57 103 117];15;15;14;11;0.028222084045410156
I;13;0.8614070415496826;10;445.95813017287463;435.2015896500578;[  0   2   3  28  43  55  71  72  83 117];15;15;14;11;0.028222084045410156
I;14;0.8933300971984863;10;446.0;435.2015896500578;[  0   1   3  28  43  55  98 100 103 117];15;15;14;11;0.028222084045410156
I;15;0.9438891410827637;10;445.95813017287463;435.2015896500578;[  0   1   2   3  28  43  46  55  57 117];15;15;14;11;0.028222084045410156
I;16;0.9730780124664307;10;445.9738254706551;435.2015896500578;[  0   1   3  28  43  55  98 100 102 103];15;15;14;11;0.028222084045410156
I;17;1.0072650909423828;10;445.8044911935433;435.2015896500578;[  0   1   3  28  43  55  98 100 102 103];15;15;14;11;0.028222084045410156
I;18;1.8268461227416992;10;445.7511057515864;435.2015896500578;[ 0  1  2  3 28 33 43 55 57 98];30;30;29;25;0.06029915809631348
I;19;1.8811230659484863;10;445.7367413694711;435.2015896500578;[  0   1   3  28  33  43  55  98 100 103];30;30;29;25;0.06029915809631348
I;20;1.9367191791534424;10;445.7367413694712;435.2015896500578;[  0   1   3  28  33  43  55  98 100 102];30;30;29;25;0.06029915809631348
I;21;1.9970290660858154;10;445.7367413694711;435.2015896500578;[  0   1   3  28  33  43  55  98 100 117];30;30;29;25;0.06029915809631348
I;22;2.0643911361694336;10;445.6101357120211;435.2015896500578;[  0   1   2   3  28  43  55  83  98 103];30;30;29;25;0.06029915809631348
I;23;2.131728172302246;10;445.61013571202216;435.2015896500578;[  0   1   2   3  28  43  55  83  98 117];30;30;29;25;0.06029915809631348
I;24;2.1913530826568604;10;445.61013571202216;435.2015896500578;[  0   1   2   3  28  43  55  98 100 103];30;30;29;25;0.06029915809631348
I;25;2.2522010803222656;10;445.610135712021;435.2015896500578;[  0   1   2   3  28  43  46  55  57 117];30;30;29;25;0.06029915809631348
I;26;2.312455177307129;10;445.610135712021;435.2015896500578;[  0   1   2   3  28  43  55  98 100 117];30;30;29;25;0.06029915809631348
I;27;2.380462169647217;10;445.5701402348134;435.2015896500578;[  0   2   3  28  43  55  57  71 103 117];30;30;29;25;0.06029915809631348
I;28;2.449158191680908;10;445.5666026829153;435.2015896500578;[  0   1   2   3  28  43  55  57  98 117];30;30;29;25;0.06029915809631348
C;28;3.7829082012176514;10;445.5666026829153;441.57364490705913;[  0   1   2   3  28  43  55  57  98 117];0;52;51;39;0.11158204078674316
