I;1;0.40309882164001465;10;300.0;0;[  0   1   2   3   4 117 178 200 212 287];1;1
I;2;0.8346099853515625;10;272.0;0.0;[  0   1   2 117 178 200 212 287 289 342];1;1
I;3;1.2650439739227295;10;272.0;0.0;[  1 117 177 178 198 200 212 287 289 342];1;1
I;4;1.7679269313812256;10;272.0;0.0;[  1 117 177 178 198 200 212 287 289 342];2;2
I;5;2.389185905456543;10;272.0;0.0;[  1 117 177 178 200 212 279 289 339 342];4;4
I;6;2.820870876312256;10;272.0;0.0;[  1   2 117 177 178 200 212 279 289 342];4;4
I;7;3.6058409214019775;10;272.0;0.0;[  1   2 117 178 198 200 212 279 289 342];8;8
I;8;4.842185974121094;10;272.0;0.0;[  1   2 105 117 178 198 200 279 289 342];16;16
I;9;6.821686029434204;10;272.0;0.0;[  1   2 117 177 178 200 279 289 342 346];32;32
I;10;10.316703081130981;10;272.0;17.0;[  1 117 178 198 200 212 287 289 298 342];60;62
I;11;16.614459991455078;10;272.0;42.5;[  1 117 178 194 198 212 289 298 306 342];108;116
I;12;26.16722011566162;10;272.0;125.19140625;[  1   2 117 177 178 212 289 298 306 342];138;185
I;13;40.69482779502869;10;272.0;165.44140625;[  1 105 117 178 179 198 289 298 317 342];200;285
I;14;41.8443968296051;10;272.0;165.44140625;[  1 105 117 178 198 279 289 298 317 342];285;285
I;15;63.567296743392944;10;272.0;175.3125;[  1 117 178 194 198 252 289 298 306 342];300;435
I;16;94.0071120262146;10;272.0;216.580322265625;[  1 105 117 178 198 267 289 298 306 342];360;615
I;17;132.52608180046082;10;272.0;246.234130859375;[  1 105 117 178 198 232 289 296 298 342];380;805
I;18;173.73238897323608;10;272.0;263.300537109375;[  1 105 117 178 198 232 289 296 298 342];246;928
I;19;220.57016897201538;10;272.0;267.03546142578125;[  1 105 117 178 198 232 289 296 298 342];266;1061
I;20;273.9954340457916;10;272.0;269.01840591430664;[  1 105 117 178 198 232 289 296 298 342];292;1207
C;20;334.6884708404541;10;272.0;270.0263423919678;[  1 105 117 178 198 232 289 296 298 342];0;1377
