I;1;0.006087303161621094;10;1000000.0;0;[0 1 2 3 4 5 6 7 8 9];1;1;0;0;0
I;2;0.022343873977661133;10;220.0;0;[  0   1   2  13  61  98 151 168 181 211];1;1;0;0;0
I;3;0.041172027587890625;10;206.0;0;[  0   1  26  41  61  98 151 181 193 211];1;1;0;0;0
I;4;0.05881023406982422;10;198.0;0;[  0  26  41  61  98 163 181 182 193 211];1;1;0;0;0
I;5;0.07795310020446777;10;190.0;0;[  0  26  41  61  98 163 181 182 193 234];1;1;0;0;0
I;6;0.09735512733459473;10;182.0;0;[  0  41  69  98 153 163 181 182 193 211];1;1;0;0;0
I;7;0.11699604988098145;10;179.0;0;[  0  26  98 153 163 181 182 193 211 268];1;1;0;0;0
I;8;0.13790416717529297;10;178.0;0;[ 41  61  69  98 153 163 181 182 193 211];1;1;0;0;0
I;9;0.15854120254516602;10;177.0;0;[ 41  61  69  98 153 163 181 182 193 211];1;1;0;0;0
I;10;0.30664491653442383;10;175.25;159.0;[ 41  61  69  98 153 163 181 182 193 211];2;2;0;0;0.0009319782257080078
I;11;0.5595488548278809;10;175.25;160.75;[ 41  61  69  98 153 163 181 182 193 211];4;4;0;0;0.002682924270629883
I;12;1.101149082183838;10;175.25;162.1875;[ 41  61  98 153 163 181 182 193 211 234];8;8;0;0;0.006014585494995117
I;13;1.143963098526001;10;175.0;162.1875;[ 41  61  69  98 153 163 181 182 193 211];8;8;0;0;0.006014585494995117
I;14;2.0735809803009033;10;174.28125;163.8125;[ 41  61  69  98 153 163 181 182 193 211];15;15;0;0;0.012075185775756836
I;15;3.6376771926879883;10;173.625;165.171875;[ 41  61  69  98 153 163 181 182 193 211];26;26;0;0;0.021193981170654297
I;16;6.2425291538238525;10;173.0;166.359375;[ 26  69  98 153 163 181 182 193 211 337];44;44;0;0;0.03607535362243652
I;17;6.3747992515563965;10;172.9453125;166.359375;[ 26  61  69  98 153 163 181 182 193 211];44;44;0;0;0.03607535362243652
I;18;10.56308102607727;10;172.5390625;167.45703125;[ 26  61  69  98 153 163 181 182 193 211];72;72;0;0;0.05929851531982422
I;19;16.52798891067505;10;172.2802734375;168.119140625;[ 26  61  69  98 153 163 181 182 193 211];108;108;0;0;0.08928799629211426
I;20;24.928100109100342;10;172.2265625;168.648193359375;[ 26  69  98 153 163 181 182 193 211 337];156;156;0;0;0.12935423851013184
I;21;25.333912134170532;10;172.08349609375023;168.648193359375;[ 41  61  69  98 153 163 181 182 193 211];156;156;0;0;0.12935423851013184
I;22;35.857053995132446;10;172.0;168.659912109375;[  0  26  69  98 163 181 182 193 211 337];206;206;0;0;0.17075490951538086
I;23;36.39987111091614;10;172.0;168.659912109375;[  0  41  61  98 163 181 182 193 211 234];206;206;0;0;0.17075490951538086
I;24;36.92169117927551;10;171.93554687500063;168.659912109375;[ 26  69  98 153 163 181 182 193 211 337];206;206;0;0;0.17075490951538086
I;25;37.45414614677429;10;171.92138671875;168.659912109375;[ 41  61  69  98 153 163 181 182 193 211];206;206;0;0;0.17075490951538086
I;26;50.73080492019653;10;171.876708984375;169.0111083984375;[ 41  61  69  98 153 163 181 182 193 211];265;266;0;0;0.2206568717956543
I;27;67.14150619506836;10;171.8388671875;169.3291015625;[  0  41  61  98 181 182 193 211 268 275];332;334;0;0;0.2774837017059326
I;28;67.98443913459778;10;171.83886718750063;169.3291015625;[ 26  69  98 153 163 181 182 193 211 337];334;334;0;0;0.2774837017059326
I;29;68.84737515449524;10;171.8388671875;169.3291015625;[  0  41  61  98 181 182 193 211 234 275];334;334;0;0;0.2774837017059326
I;30;69.72232699394226;10;171.811767578125;169.3291015625;[  0  26  98 163 181 182 193 211 234 337];334;334;0;0;0.2774837017059326
I;31;70.57484316825867;10;171.8050537109375;169.3291015625;[ 41  61  69  98 153 163 181 182 193 211];334;334;0;0;0.2774837017059326
I;32;89.09740424156189;10;171.8050537109376;169.4735107421875;[ 26  61  69  98 153 163 181 182 193 211];392;397;0;0;0.33011770248413086
I;33;90.119558095932;10;171.7999267578125;169.4735107421875;[  0  26  69  98 163 181 182 193 211 337];397;397;0;0;0.33011770248413086
I;34;91.13410997390747;10;171.799072265625;169.4735107421875;[  0  26  69  98 163 181 182 193 211 337];397;397;0;0;0.33011770248413086
C;34;112.61921525001526;10;171.799072265625;170.52008056640625;[  0  26  69  98 163 181 182 193 211 337];0;466;0;0;0.38759517669677734
