I;1;0.005895853042602539;10;1000000.0;0;[0 1 2 3 4 5 6 7 8 9];1;1;0;0;0
I;2;0.018363237380981445;10;212.0;0;[  0   1   2   3   4   5  30  95 113 251];1;1;0;0;0
I;3;0.030434131622314453;10;174.0;0;[  0   1   2  30  94  95 106 113 227 251];1;1;0;0;0
I;4;0.04399514198303223;10;174.0;0;[  1  30  94  95 101 106 168 227 249 251];1;1;0;0;0
I;5;0.05888104438781738;10;174.0;0;[  1  30  87  94 101 106 113 227 232 251];1;1;0;0;0
I;6;0.07431197166442871;10;174.0;0;[  1  30  93  94 101 106 113 168 227 251];1;1;0;0;0
I;7;0.09101319313049316;10;168.0;0;[  1  30  32  93  94 106 113 168 227 251];1;1;0;0;0
I;8;0.1065058708190918;10;165.0;0;[  1  30  32 101 106 113 189 227 232 251];1;1;0;0;0
I;9;0.12290811538696289;10;165.0;0;[  1  30  93 101 106 113 168 206 227 251];1;1;0;0;0
I;10;0.1386890411376953;10;165.0;0;[  1  30  32  95 101 106 168 189 227 251];1;1;0;0;0
I;11;0.15408897399902344;10;165.0;0;[  1  30  32  93  95 106 168 189 227 251];1;1;0;0;0
I;12;0.1708521842956543;10;165.0;0;[  1  30  32 106 113 168 189 197 227 251];1;1;0;0;0
I;13;0.272611141204834;10;165.0;127.5;[  1  30  32 106 113 168 189 197 227 251];2;2;0;0;0.0009920597076416016
I;14;0.46890807151794434;10;165.0;134.75;[  1  30  32 106 113 168 189 197 227 251];4;4;0;0;0.0027742385864257812
I;15;0.8777930736541748;10;165.0;142.4375;[  1  30  32  87  95 101 106 227 232 251];8;8;0;0;0.006200551986694336
I;16;1.6788380146026611;10;164.0703125;155.46875;[  1  30  32  93  95 101 106 227 232 251];16;16;0;0;0.013093948364257812
I;17;2.7043089866638184;10;163.5;155.875;[  1  30  32  95 106 168 189 197 227 251];24;24;0;0;0.019867897033691406
I;18;2.765561103820801;10;163.0546875000003;155.875;[  1  30  32  93  95 101 106 227 232 251];24;24;0;0;0.019867897033691406
I;19;4.49048113822937;10;163.0;156.8056640625;[  1  30  32  46  93  95 101 106 227 251];39;39;0;0;0.03228878974914551
I;20;4.601984024047852;10;162.91894531250037;156.8056640625;[  1  30  32  87  95 101 106 227 232 251];39;39;0;0;0.03228878974914551
I;21;7.6960608959198;10;162.439208984375;158.831787109375;[  1  30  32  87  95 101 106 227 232 251];66;68;0;0;0.056823015213012695
I;22;11.159827947616577;10;162.188720703125;159.339111328125;[  1  30  32  87  95 101 106 227 232 251];89;89;0;0;0.0742635726928711
I;23;15.311743974685669;10;161.917236328125;159.729736328125;[  1  30  32  87  95 101 106 227 232 251];110;111;0;0;0.09270310401916504
I;24;19.505697011947632;10;161.870361328125;159.849853515625;[  1  30  32  87  95 101 106 227 232 251];123;124;1;1;0.10562992095947266
I;25;23.957422018051147;10;161.81561279296875;159.942138671875;[  1  30  32  93  95 101 106 227 232 251];134;135;1;1;0.1146857738494873
I;26;28.48324203491211;10;161.81561279296875;159.942138671875;[  1  30  32  93  95 101 106 227 232 251];141;142;1;1;0.12047719955444336
I;27;32.958373069763184;10;161.81561279296875;159.942138671875;[  1  30  32  87  95 101 106 227 232 251];144;145;2;2;0.12498021125793457
I;28;38.2225821018219;10;161.74041748046875;160.09796142578125;[  1  30  32  87  95 101 106 227 232 251];146;158;2;2;0.1359114646911621
I;29;42.99955916404724;10;161.74041748046875;160.10528564453125;[  1  30  32  87  95 101 106 227 232 251];158;159;2;2;0.13672542572021484
I;30;47.85749006271362;10;161.73797607421875;160.11212158203125;[  1  30  32  87  95 101 106 227 232 251];159;160;2;2;0.13756346702575684
I;31;52.71345400810242;10;161.73114013671875;160.11895751953125;[  1  30  32  87  95 101 106 227 232 251];160;161;2;2;0.1383955478668213
C;31;57.55999517440796;10;161.73114013671875;160.11895751953125;[  1  30  32  87  95 101 106 227 232 251];0;161;2;2;0.1383955478668213
