1;0.38024330139160156;10;408.0;0;[  0   1   2   3   4  10  30  65 110 134];1;1;0;0
2;0.7843971252441406;10;300.0;0.0;[  0   1   4  10  23  30  65 110 128 134];1;1;0;0
3;1.2686142921447754;10;300.0;0.0;[  0   1   4  10  23  30  65 110 128 134];2;2;0.06612110137939453;1
4;1.8494601249694824;10;300.0;0.0;[  0   1   4  10  23  30  65 110 128 134];4;4;0.18489766120910645;3
5;2.646444082260132;10;300.0;74.625;[  0   1   4  10  23  65 110 128 131 132];6;7;0.47789478302001953;7
6;3.086627244949341;10;300.0;74.625;[  0   1   4   8  10  23  64  65 110 128];7;7;0.47789478302001953;7
7;3.5322601795196533;10;300.0;74.625;[  0   1   4   8  22  23  65 110 128 134];7;7;0.47789478302001953;7
8;3.97280216217041;10;300.0;74.625;[  1   4   8  10  23  30  65 110 116 128];7;7;0.47789478302001953;7
9;4.37633204460144;10;300.0;74.625;[  1   4  10  22  23  30  65 110 116 128];7;7;0.47789478302001953;7
10;5.585317134857178;10;300.0;0.0;[  0   1   4  23  30  64  65 116 128 134];14;14;0.8980107307434082;14
11;6.006281137466431;10;300.0;0.0;[  0   1   4  23  30  65 110 116 128 134];14;14;0.8980107307434082;14
12;7.72429633140564;10;300.0;186.25;[  1   4   8  23  30  65 109 110 128 134];12;20;1.72670316696167;28
13;8.139156103134155;10;300.0;186.25;[  0   1   4  23  30  65 110 116 128 134];20;20;1.72670316696167;28
14;10.43237018585205;10;299.8828125;223.265625;[  1   4   8  22  23  30  65 110 128 134];16;28;2.9271950721740723;48
15;13.99384617805481;10;299.84765625;90.3125;[  0   1   4  23  30  65 110 116 128 134];46;51;4.636735677719116;76
16;19.086087226867676;10;299.841796875;260.771484375;[  0   1   4  23  30  65 110 116 128 134];32;67;7.699926853179932;127
17;25.60250496864319;10;299.816162109375;274.955078125;[  0   1   4  23  30  65 110 116 128 134];38;86;11.731345891952515;194
18;34.15055727958679;10;299.807861328125;277.99755859375;[  1   4   8  23  30  65 110 116 128 134];58;115;16.966508388519287;280
19;46.16111636161804;10;299.805419921875;221.1712646484375;[  0   1   4  23  30  65 110 116 128 134];106;168;23.957807779312134;395
20;62.48620009422302;10;299.79957580566406;286.043212890625;[  0   1   4  23  30  65 110 116 128 134];114;225;34.11301898956299;563
21;84.28581023216248;10;299.7955551147461;289.15283203125;[  0   1   4  23  30  65 110 116 128 134];152;301;47.693822145462036;788
22;112.71026015281677;10;299.7924690246582;292.3539581298828;[  1   4   8  23  30  65 110 116 128 134];176;389;65.90263175964355;1089
23;113.55695724487305;10;299.79228591918945;292.3539581298828;[  1   4   8  23  30  65 110 116 128 134];389;389;65.90263175964355;1089
24;150.5839171409607;10;299.7897701263428;264.6786193847656;[  1   4   8  23  30  65 110 116 128 134];238;508;89.61777186393738;1478
25;198.08135509490967;10;299.78990745544434;277.38545417785645;[  0   1   4  23  30  65 110 116 128 134];280;648;120.53894925117493;1986
26;255.97424626350403;10;299.7891938686371;296.08187198638916;[  0   1   4  23  30  65 110 116 128 134];262;779;159.6938374042511;2634
26;324.7990891933441;10;299.7891938686371;297.0069077014923;[  0   1   4  23  30  65 110 116 128 134];0;936;206.838928937912;3413
1;0.387861967086792;10;408.0;0;[  0   1   2   3   4  10  30  65 110 134];1;1;0;0
2;0.7914440631866455;10;300.0;0.0;[  0   1   4  10  23  30  65 110 128 134];1;1;0;0
3;1.2823400497436523;10;300.0;0.0;[  0   1   4  10  23  30  65 110 128 134];2;2;0.06481409072875977;1
4;1.8594202995300293;10;300.0;0.0;[  0   1   4  10  23  30  65 110 128 134];4;4;0.18220233917236328;3
5;2.6701629161834717;10;300.0;74.625;[  0   1   4  10  23  65 110 128 131 132];6;7;0.46677327156066895;7
6;3.1228370666503906;10;300.0;74.625;[  0   1   4   8  10  23  64  65 110 128];7;7;0.46677327156066895;7
7;3.5642812252044678;10;300.0;74.625;[  0   1   4   8  22  23  65 110 128 134];7;7;0.46677327156066895;7
8;4.009626150131226;10;300.0;74.625;[  1   4   8  10  23  30  65 110 116 128];7;7;0.46677327156066895;7
9;4.424934148788452;10;300.0;74.625;[  1   4  10  22  23  30  65 110 116 128];7;7;0.46677327156066895;7
10;5.623812198638916;10;300.0;0.0;[  0   1   4  23  30  64  65 116 128 134];14;14;0.880746603012085;14
11;6.053531169891357;10;300.0;0.0;[  0   1   4  23  30  65 110 116 128 134];14;14;0.880746603012085;14
12;7.721248149871826;10;300.0;204.84375;[  1   4   8  23  30  65 109 110 128 134];10;19;1.7015340328216553;28
13;8.154471158981323;10;300.0;204.84375;[  0   1   4  23  30  65 110 116 128 134];19;19;1.7015340328216553;28
14;10.269345998764038;10;299.921875;241.828125;[  1   4  22  23  30  51  65 110 128 134];12;25;2.8207712173461914;47
15;13.378297090530396;10;299.8515625;94.765625;[  0   1   4  22  23  30  65 110 128 134];38;44;4.319850206375122;72
16;17.659883975982666;10;299.841796875;249.30859375;[  1   4   8  23  30  65 110 116 128 134];24;56;6.9237329959869385;116
17;23.146661281585693;10;299.834228515625;234.267578125;[  0   1   4  23  30  65 110 116 128 134];34;73;10.277527332305908;172
18;29.810322999954224;10;299.816162109375;289.07763671875;[  1   4   8  23  30  65 110 116 128 134];24;85;14.695146083831787;245
19;37.6349880695343;10;299.80987548828125;267.36181640625;[  0   1   4  23  30  65 110 116 128 134];38;104;19.78993797302246;330
20;46.82287001609802;10;299.8062438964844;291.27935791015625;[  0   1   4  23  30  65 110 116 128 134];36;122;25.937172174453735;434
21;57.7693293094635;10;299.80358123779297;289.7463073730469;[  0   1   4  23  30  65 110 116 128 134];48;146;33.23650646209717;556
22;70.35754704475403;10;299.80198669433594;296.00244140625;[  0   1   4  23  30  65 110 116 128 134];44;168;41.87262678146362;702
23;84.60185289382935;10;299.8003158569336;293.9264373779297;[  0   1   4  23  30  65 110 116 128 134];42;189;51.88848042488098;870
24;100.40104699134827;10;299.7974739074707;296.17050552368164;[  1   4   8  23  30  65 110 116 128 134];40;209;63.13403582572937;1059
25;118.1503381729126;10;299.7959032058716;278.4833679199219;[  0   1   4  23  30  65 110 116 128 134];54;236;75.69339323043823;1268
25;136.70628309249878;10;299.7959032058716;297.41865730285645;[  0   1   4  23  30  65 110 116 128 134];0;250;89.71045517921448;1504
I;1;0.3961508274078369;10;408.0;0;[  0   1   2   3   4  10  30  65 110 134];1;1;0;0
I;2;0.8121569156646729;10;300.0;0;[  0   1   4  10  23  30  65 110 128 134];1;1;0;0
I;3;1.4023289680480957;10;300.0;283.5;[  0   1   4  10  23  30  65 110 128 134];2;2;0.11712408065795898;1
I;4;2.1364598274230957;10;300.0;289.125;[  0   1   4  10  23  30  65 110 128 134];4;4;0.33789801597595215;3
I;5;3.1865580081939697;10;300.0;291.1875;[  0   1   4  10  23  65 110 128 131 132];6;7;0.7775533199310303;7
I;6;3.655385971069336;10;300.0;291.1875;[  0   1   4   8  10  23  64  65 110 128];7;7;0.7775533199310303;7
I;7;4.11649489402771;10;300.0;291.1875;[  0   1   4   8  22  23  65 110 128 134];7;7;0.7775533199310303;7
I;8;4.589486837387085;10;300.0;291.1875;[  1   4   8  10  23  30  65 110 116 128];7;7;0.7775533199310303;7
I;9;5.0189290046691895;10;300.0;291.1875;[  1   4  10  22  23  30  65 110 116 128];7;7;0.7775533199310303;7
I;10;6.84683084487915;10;300.0;291.1875;[  0   1   4  23  30  64  65 116 128 134];14;14;1.5551211833953857;14
I;11;7.289535999298096;10;300.0;291.1875;[  0   1   4  23  30  65 110 116 128 134];14;14;1.5551211833953857;14
I;12;9.81815791130066;10;300.0;296.484375;[  1   4   8  23  30  65 110 116 128 134];8;18;3.1075685024261475;28
I;13;13.263298988342285;10;299.921875;296.484375;[  1   4   8  22  23  30  65 110 128 134];18;27;5.124454975128174;46
I;14;18.518091201782227;10;299.8515625;296.484375;[  0   1   4  22  23  30  65 110 128 134];34;44;8.163365840911865;73
C;14;25.689079999923706;10;299.8515625;298.0341796875;[  0   1   4  22  23  30  65 110 128 134];0;62;13.08763337135315;117
