1;0.4182169437408447;10;291.0;0;[  0   1   2   3   4   5   8 170 194 199];1;1
2;0.8493330478668213;10;291.0;0.0;[  0   1   2   8  31  37  55 170 194 199];1;1
3;1.2969081401824951;10;291.0;0.0;[  0   3   8  31  55  90 109 170 194 199];1;1
4;1.738874912261963;10;285.0;0.0;[  0   8  31  55  78  90  99 109 194 199];1;1
5;2.1808741092681885;10;278.0;0.0;[  8  31  55  59  78  90 109 185 194 199];1;1
6;2.627236843109131;10;275.0;0.0;[  8  31  55  78  83  90 109 151 194 199];1;1
7;3.0738210678100586;10;275.0;0.0;[  8  31  55  59  78  83  90 109 194 199];1;1
8;3.5215649604797363;10;263.0;0.0;[  0   8  31  59  78  90  99 109 194 199];1;1
9;4.059226989746094;10;263.0;0.0;[  0   8  31  59  78  90  99 109 194 199];2;2
10;4.710087060928345;10;263.0;0.0;[  0   8  31  59  78  90  99 109 194 199];4;4
11;5.596683025360107;10;263.0;0.0;[  0   3   8  31  55  59  90  99 194 199];8;8
12;6.820719003677368;10;263.0;32.875;[  0   3   8  31  55  59  90  99 194 199];14;15
13;8.601547002792358;10;262.6953125;81.8125;[  0   3   8  31  55  59  90  99 194 199];22;26
14;11.16975998878479;10;262.54296875;122.59375;[  0   3   8  31  55  59  90  99 194 199];34;43
15;14.999963998794556;10;262.394775390625;155.25;[  0   3   8  31  55  59  90  99 194 199];52;69
16;20.59988522529602;10;262.267333984375;183.7421875;[  0   3   8  31  55  59  90  99 194 199];76;107
17;28.744302988052368;10;262.2242736816406;205.11474609375;[  0   3   8  31  55  59  90  99 194 199];110;162
18;40.561259031295776;10;262.1951446533203;220.83059692382812;[  0   3   8  31  55  59  90  99 194 199];158;241
19;57.33021903038025;10;262.1769256591797;233.2224884033203;[  0   3   8  31  55  59  90  99 194 199];218;350
20;80.91273188591003;10;262.1598644256592;241.8116683959961;[  0   3   8  31  55  59  90  99 194 199];300;500
21;113.80924081802368;10;262.1491107940674;247.84955406188965;[  0   3   8  31  55  59  90  99 194 199];408;704
22;158.7299611568451;10;262.1418855190277;252.20183992385864;[  0   3   8  31  55  59  90  99 194 199];540;974
23;219.6172800064087;10;262.1370177268982;255.275714635849;[  0   3   8  31  55  59  90  99 194 199];690;1319
24;300.16800117492676;10;262.1338851451874;257.27762269973755;[  0   3   8  31  55  59  90  99 194 199];872;1755
25;404.8990969657898;10;262.131899446249;258.5938348174095;[  0   3   8  31  55  59  90  99 194 199];1076;2293
26;541.3480231761932;10;262.1306185275316;259.4311202764511;[  0   3   8  31  55  59  90  99 194 199];1302;2944
27;711.4122750759125;10;262.12991048395634;259.94576171040535;[  0   3   8  31  55  59  90  99 194 199];1558;3723
28;927.1695690155029;10;262.1295145340264;260.2423314675689;[  0   3   8  31  55  59  90  99 194 199];1910;4678
29;1201.4131348133087;10;262.1293041110039;260.42606946080923;[  0   3   8  31  55  59  90  99 194 199];2324;5840
30;1552.5326550006866;10;262.1291803540662;260.5342040490359;[  0   3   8  31  55  59  90  99 194 199];2884;7282
31;2008.3792462348938;10;262.1291119668167;260.60286541935056;[  0   3   8  31  55  59  90  99 194 199];3522;9043
32;2593.270634174347;10;262.12907247210387;260.64534065756015;[  0   3   8  31  55  59  90  99 194 199];4258;11172
33;3347.7093460559845;10;262.12904793029884;260.6726699062856;[  0   3   8  31  55  59  90  99 194 199];4924;13634
1;0.4022688865661621;10;291.0;0;[  0   1   2   3   4   5   8 170 194 199];1;1
2;0.8153300285339355;10;291.0;0.0;[  0   1   2   8  31  37  55 170 194 199];1;1
3;1.2391541004180908;10;291.0;0.0;[  0   3   8  31  55  90 109 170 194 199];1;1
4;1.6670291423797607;10;285.0;0.0;[  0   8  31  55  78  90  99 109 194 199];1;1
5;2.0889432430267334;10;278.0;0.0;[  8  31  55  59  78  90 109 185 194 199];1;1
6;2.510822296142578;10;275.0;0.0;[  8  31  55  78  83  90 109 151 194 199];1;1
7;2.9377830028533936;10;275.0;0.0;[  8  31  55  59  78  83  90 109 194 199];1;1
8;3.363976001739502;10;263.0;0.0;[  0   8  31  59  78  90  99 109 194 199];1;1
9;3.87791109085083;10;263.0;0.0;[  0   8  31  59  78  90  99 109 194 199];2;2
10;4.500415086746216;10;263.0;0.0;[  0   8  31  59  78  90  99 109 194 199];4;4
11;5.347694158554077;10;263.0;0.0;[  0   3   8  31  55  59  90  99 194 199];8;8
12;6.525922060012817;10;263.0;32.875;[  0   3   8  31  55  59  90  99 194 199];14;15
13;8.241185188293457;10;262.6953125;81.8125;[  0   3   8  31  55  59  90  99 194 199];22;26
14;10.71488904953003;10;262.54296875;122.59375;[  0   3   8  31  55  59  90  99 194 199];34;43
15;14.410815000534058;10;262.394775390625;155.25;[  0   3   8  31  55  59  90  99 194 199];52;69
16;19.818297147750854;10;262.267333984375;183.7421875;[  0   3   8  31  55  59  90  99 194 199];76;107
17;27.691932201385498;10;262.2242736816406;205.11474609375;[  0   3   8  31  55  59  90  99 194 199];110;162
18;39.0566291809082;10;262.1951446533203;220.83059692382812;[  0   3   8  31  55  59  90  99 194 199];158;241
19;55.17294120788574;10;262.1769256591797;233.2224884033203;[  0   3   8  31  55  59  90  99 194 199];218;350
20;77.78110408782959;10;262.1598644256592;241.8116683959961;[  0   3   8  31  55  59  90  99 194 199];300;500
21;109.35308122634888;10;262.1491107940674;247.84955406188965;[  0   3   8  31  55  59  90  99 194 199];408;704
22;152.25573301315308;10;262.1418855190277;252.20183992385864;[  0   3   8  31  55  59  90  99 194 199];540;974
23;210.53002500534058;10;262.1370177268982;255.275714635849;[  0   3   8  31  55  59  90  99 194 199];690;1319
24;287.64365315437317;10;262.1338851451874;257.27762269973755;[  0   3   8  31  55  59  90  99 194 199];872;1755
25;387.4761652946472;10;262.131899446249;258.5938348174095;[  0   3   8  31  55  59  90  99 194 199];1076;2293
26;517.396861076355;10;262.1306185275316;259.4311202764511;[  0   3   8  31  55  59  90  99 194 199];1302;2944
27;679.817723274231;10;262.12991048395634;259.94576171040535;[  0   3   8  31  55  59  90  99 194 199];1558;3723
28;886.1576509475708;10;262.1295145340264;260.2423314675689;[  0   3   8  31  55  59  90  99 194 199];1910;4678
29;1148.569874048233;10;262.1293041110039;260.42606946080923;[  0   3   8  31  55  59  90  99 194 199];2324;5840
30;1484.8844301700592;10;262.1291803540662;260.5342040490359;[  0   3   8  31  55  59  90  99 194 199];2884;7282
31;1924.1582951545715;10;262.1291119668167;260.60286541935056;[  0   3   8  31  55  59  90  99 194 199];3522;9043
32;2472.127902030945;10;262.12907247210387;260.64534065756015;[  0   3   8  31  55  59  90  99 194 199];4258;11172
33;3202.5769441127777;10;262.12904793029884;260.6726699062856;[  0   3   8  31  55  59  90  99 194 199];4924;13634
