I;1;0.005272865295410156;10;1000000.0;0;[0 1 2 3 4 5 6 7 8 9];1;1;0;0;0
I;2;0.025931119918823242;10;260.0;0;[  0   1   2   3   4   5   6  69 223 249];1;1;0;0;0
I;3;0.04285907745361328;10;260.0;0;[  0   2   7  69 176 223 249 266 272 290];1;1;0;0;0
I;4;0.06136298179626465;10;260.0;0;[  1   2   7  69 214 223 239 249 272 366];1;1;0;0;0
I;5;0.08016109466552734;10;259.0;0;[  1   2   7  41  69 214 223 239 249 272];1;1;0;0;0
I;6;0.0986640453338623;10;259.0;0;[  1   2   7  41  69 214 223 239 249 266];1;1;0;0;0
I;7;0.11723899841308594;10;250.0;0;[  0   1   7  41  69 214 223 239 249 290];1;1;0;0;0
I;8;0.2512540817260742;10;250.0;222.0;[  0   1   7  41  69 214 223 239 249 290];2;2;0;0;0.0009207725524902344
I;9;0.45062780380249023;10;250.0;224.75;[  1   2   7  41  69  96 223 239 249 290];4;4;0;0;0.0026226043701171875
I;10;0.47713804244995117;10;247.75;224.75;[  0   1   2   7  41  69 223 239 249 290];4;4;0;0;0.0026226043701171875
I;11;0.5038118362426758;10;247.75;224.75;[  1   2   7  41  69 214 223 239 249 290];4;4;0;0;0.0026226043701171875
I;12;0.5283370018005371;10;247.25;224.75;[  1   7  15  41  69  96 223 239 249 266];4;4;0;0;0.0026226043701171875
I;13;1.0729217529296875;10;247.25;226.75;[  1   7  15  41  69  96 223 239 249 266];8;8;0;0;0.005963802337646484
I;14;1.8134968280792236;10;247.25;228.625;[  1   7  41  69  96 178 223 239 249 290];16;16;0;0;0.012298345565795898
I;15;1.8667221069335938;10;247.1875;228.625;[  1   7  41  69  96 178 223 239 249 266];16;16;0;0;0.012298345565795898
I;16;3.97664475440979;10;247.1875;230.8125;[  1   7  41  69  72  96 223 239 249 266];32;32;0;0;0.02547478675842285
I;17;4.067767858505249;10;246.6953125;230.8125;[  1   7  41  69  72  96 223 239 249 266];32;32;0;0;0.02547478675842285
I;18;8.182477712631226;10;246.6953125;233.0546875;[  1   7  41  69  96 178 223 239 249 290];64;64;0;0;0.051822662353515625
I;19;8.349372863769531;10;245.75;233.0546875;[  1   2   7  41  69  96 223 239 249 290];64;64;0;0;0.051822662353515625
I;20;8.517174005508423;10;245.75;233.0546875;[  1   7  41  69  96 223 239 249 290 298];64;64;0;0;0.051822662353515625
I;21;8.689610958099365;10;245.74609375;233.0546875;[  1   7  41  69  96 178 223 239 249 290];64;64;0;0;0.051822662353515625
I;22;16.609542846679688;10;245.74609375;234.98046875;[  0   1   7  41  69  96 223 239 249 290];120;124;0;0;0.10161519050598145
I;23;16.937068700790405;10;245.62500000000043;234.98046875;[  1   2   7  41  69  96 223 239 249 266];124;124;0;0;0.10161519050598145
I;24;17.243700981140137;10;245.4609375;234.98046875;[  1   2   7  41  69  96 223 239 249 266];124;124;0;0;0.10161519050598145
I;25;31.28561282157898;10;245.3828125;239.5458984375;[  1   7  41  69  96 214 223 239 249 266];206;227;0;0;0.18649840354919434
I;26;31.83958888053894;10;245.1875;239.5458984375;[  1   7  41  69  96 223 239 249 266 298];227;227;0;0;0.18649840354919434
I;27;32.385069847106934;10;244.849609375;239.5458984375;[  0   1   7  41  69  96 223 239 249 290];227;227;0;0;0.18649840354919434
I;28;32.96000289916992;10;244.849609375;239.5458984375;[  1   7  41  69  96 178 223 239 249 266];227;227;0;0;0.18649840354919434
I;29;33.50879907608032;10;244.81640625000068;239.5458984375;[  1   2   7  41  69  96 223 239 249 266];227;227;0;0;0.18649840354919434
I;30;56.98665499687195;10;244.5419921875;240.608642578125;[  1   2   7  41  69 214 223 239 249 266];334;394;0;0;0.32304811477661133
I;31;57.93206286430359;10;244.4892578125;240.608642578125;[  1   7  41  69  96 223 239 249 266 298];394;394;0;0;0.32304811477661133
I;32;58.89569091796875;10;244.46337890625134;240.608642578125;[  1   2   7  41  69  96 223 239 249 266];394;394;0;0;0.32304811477661133
I;33;97.1780149936676;10;244.459716796875;241.344482421875;[  1   7  41  69  88  96 223 239 249 266];524;656;0;0;0.5363814830780029
I;34;98.73456001281738;10;244.383544921875;241.344482421875;[  1   7  41  69  96 223 239 249 266 298];656;656;0;0;0.5363814830780029
I;35;100.3186388015747;10;244.3076171875;241.344482421875;[  1   7  41  69  72  96 223 239 249 266];656;656;0;0;0.5363814830780029
I;36;101.9561219215393;10;244.3076171875;241.344482421875;[  1   7  41  69  96 178 223 239 249 266];656;656;0;0;0.5363814830780029
I;37;103.54217600822449;10;244.28198242187634;241.344482421875;[  1   2   7  41  69  96 223 239 249 266];656;656;0;0;0.5363814830780029
I;38;164.17335677146912;10;244.2490234375;241.83590698242188;[  1   7  41  69  96 214 223 239 249 266];804;1058;0;0;0.8636791706085205
C;38;166.69331097602844;10;244.2490234375;241.83590698242188;[  1   7  41  69  96 214 223 239 249 266];0;1058;0;0;0.8636791706085205
I;1;0.005572080612182617;10;1000000.0;0;[0 1 2 3 4 5 6 7 8 9];1;1;0;0;0
I;2;0.028275251388549805;10;260.0;0;[  0   1   2   3   4   5   6  69 223 249];1;1;0;0;0
I;3;0.04573321342468262;10;260.0;0;[  0   2   7  69 176 223 249 266 272 290];1;1;0;0;0
I;4;0.06371307373046875;10;260.0;0;[  1   2   7  69 214 223 239 249 272 366];1;1;0;0;0
I;5;0.08206605911254883;10;259.0;0;[  1   2   7  41  69 214 223 239 249 272];1;1;0;0;0
I;6;0.1004800796508789;10;259.0;0;[  1   2   7  41  69 214 223 239 249 266];1;1;0;0;0
I;7;0.11916804313659668;10;250.0;0;[  0   1   7  41  69 214 223 239 249 290];1;1;0;0;0
I;8;0.25037097930908203;10;250.0;222.0;[  0   1   7  41  69 214 223 239 249 290];2;2;0;0;0.0009162425994873047
I;9;0.4416649341583252;10;250.0;224.75;[  1   2   7  41  69  96 223 239 249 290];4;4;0;0;0.002604246139526367
I;10;0.46825313568115234;10;247.75;224.75;[  0   1   2   7  41  69 223 239 249 290];4;4;0;0;0.002604246139526367
I;11;0.4942760467529297;10;247.75;224.75;[  1   2   7  41  69 214 223 239 249 290];4;4;0;0;0.002604246139526367
I;12;0.5192172527313232;10;247.25;224.75;[  1   7  15  41  69  96 223 239 249 266];4;4;0;0;0.002604246139526367
I;13;1.0432839393615723;10;247.25;226.75;[  1   7  15  41  69  96 223 239 249 266];8;8;0;0;0.005925178527832031
I;14;1.7590250968933105;10;247.25;228.625;[  1   7  41  69  96 178 223 239 249 290];16;16;0;0;0.012259483337402344
I;15;1.8129122257232666;10;247.1875;228.625;[  1   7  41  69  96 178 223 239 249 266];16;16;0;0;0.012259483337402344
I;16;3.8334529399871826;10;247.1875;230.8125;[  1   7  41  69  72  96 223 239 249 266];32;32;0;0;0.025564193725585938
I;17;3.925261974334717;10;246.6953125;230.8125;[  1   7  41  69  72  96 223 239 249 266];32;32;0;0;0.025564193725585938
I;18;7.993967056274414;10;246.6953125;233.0546875;[  1   7  41  69  96 178 223 239 249 290];64;64;0;0;0.05179953575134277
I;19;8.162003993988037;10;245.75;233.0546875;[  1   2   7  41  69  96 223 239 249 290];64;64;0;0;0.05179953575134277
I;20;8.330227851867676;10;245.75;233.0546875;[  1   7  41  69  96 223 239 249 290 298];64;64;0;0;0.05179953575134277
I;21;8.500482082366943;10;245.74609375;233.0546875;[  1   7  41  69  96 178 223 239 249 290];64;64;0;0;0.05179953575134277
I;22;16.271810054779053;10;245.74609375;234.98046875;[  0   1   7  41  69  96 223 239 249 290];120;124;0;0;0.1016242504119873
I;23;16.595909118652344;10;245.62500000000043;234.98046875;[  1   2   7  41  69  96 223 239 249 266];124;124;0;0;0.1016242504119873
I;24;16.90519118309021;10;245.4609375;234.98046875;[  1   2   7  41  69  96 223 239 249 266];124;124;0;0;0.1016242504119873
I;25;30.681385278701782;10;245.3828125;239.5458984375;[  1   7  41  69  96 214 223 239 249 266];206;227;0;0;0.186356782913208
I;26;31.247016191482544;10;245.1875;239.5458984375;[  1   7  41  69  96 223 239 249 266 298];227;227;0;0;0.186356782913208
I;27;31.800721168518066;10;244.849609375;239.5458984375;[  0   1   7  41  69  96 223 239 249 290];227;227;0;0;0.186356782913208
I;28;32.38171410560608;10;244.849609375;239.5458984375;[  1   7  41  69  96 178 223 239 249 266];227;227;0;0;0.186356782913208
I;29;32.93510699272156;10;244.81640625000068;239.5458984375;[  1   2   7  41  69  96 223 239 249 266];227;227;0;0;0.186356782913208
I;30;56.170644998550415;10;244.5419921875;240.608642578125;[  1   2   7  41  69 214 223 239 249 266];334;394;0;0;0.32451844215393066
I;31;57.131000995635986;10;244.4892578125;240.608642578125;[  1   7  41  69  96 223 239 249 266 298];394;394;0;0;0.32451844215393066
I;32;58.11259698867798;10;244.46337890625134;240.608642578125;[  1   2   7  41  69  96 223 239 249 266];394;394;0;0;0.32451844215393066
I;33;96.08702611923218;10;244.459716796875;241.344482421875;[  1   7  41  69  88  96 223 239 249 266];524;656;0;0;0.5388216972351074
I;34;97.66600704193115;10;244.383544921875;241.344482421875;[  1   7  41  69  96 223 239 249 266 298];656;656;0;0;0.5388216972351074
I;35;99.2653911113739;10;244.3076171875;241.344482421875;[  1   7  41  69  72  96 223 239 249 266];656;656;0;0;0.5388216972351074
I;36;100.90396213531494;10;244.3076171875;241.344482421875;[  1   7  41  69  96 178 223 239 249 266];656;656;0;0;0.5388216972351074
I;37;102.51214098930359;10;244.28198242187634;241.344482421875;[  1   2   7  41  69  96 223 239 249 266];656;656;0;0;0.5388216972351074
I;38;162.75207901000977;10;244.2490234375;241.83590698242188;[  1   7  41  69  96 214 223 239 249 266];804;1058;0;0;0.8696732521057129
C;38;165.31265807151794;10;244.2490234375;241.83590698242188;[  1   7  41  69  96 214 223 239 249 266];0;1058;0;0;0.8696732521057129
