I;1;0.005924224853515625;10;1000000.0;0;[0 1 2 3 4 5 6 7 8 9];1;1;0;0;0
I;2;0.023417234420776367;10;387.0;0;[  0   1   2   3  21  42 144 173 276 370];1;1;0;0;0
I;3;0.04109811782836914;10;312.0;0;[  0  21  42  48 144 173 269 276 319 370];1;1;0;0;0
I;4;0.05981922149658203;10;312.0;0;[  0   1  21  48 144 163 173 269 319 368];1;1;0;0;0
I;5;0.07893824577331543;10;312.0;0;[  0   1  14  21  48 144 173 269 276 319];1;1;0;0;0
I;6;0.09841012954711914;10;312.0;0;[  0   1  21  48  60 144 163 269 276 319];1;1;0;0;0
I;7;0.11834025382995605;10;312.0;0;[  0   1  21  48  76 144 178 269 276 319];1;1;0;0;0
I;8;0.13893914222717285;10;310.0;0;[  0   1  21  76 144 178 268 269 276 319];1;1;0;0;0
I;9;0.16080212593078613;10;310.0;0;[  0   1  21  60 144 178 268 269 276 319];1;1;0;0;0
I;10;0.18181610107421875;10;307.0;0;[  0   1  21  60 144 173 178 268 269 319];1;1;0;0;0
I;11;0.20480632781982422;10;307.0;0;[  0   1  60 144 173 178 269 309 319 370];1;1;0;0;0
I;12;0.22629308700561523;10;306.0;0;[  0  21  76 163 173 178 276 309 319 370];1;1;0;0;0
I;13;0.2474203109741211;10;306.0;0;[  0   1  21  42 144 173 178 276 309 319];1;1;0;0;0
I;14;0.4095742702484131;10;306.0;242.5;[  0   1  21  76 144 173 178 268 276 319];2;2;0;0;0.0009751319885253906
I;15;0.4365713596343994;10;300.75;242.5;[  0   1   3  21  42 173 178 268 276 319];2;2;0;0;0.0009751319885253906
I;16;0.4615051746368408;10;300.75;242.5;[  0   1   3  21  76 144 178 268 276 319];2;2;0;0;0.0009751319885253906
I;17;0.48505115509033203;10;300.75;242.5;[  0   1   3  21  60 144 178 268 276 319];2;2;0;0;0.0009751319885253906
I;18;0.5121762752532959;10;300.25;242.5;[  0   1   3  21  60 144 178 268 276 319];2;2;0;0;0.0009751319885253906
I;19;0.8162572383880615;10;294.0;269.3125;[  0   3  21  44 160 163 173 250 276 319];4;4;0;0;0.002813100814819336
I;20;0.8444421291351318;10;291.93750000000057;269.3125;[  0   1   3  21  44 144 163 173 276 319];4;4;0;0;0.002813100814819336
I;21;0.873272180557251;10;289.0;269.3125;[  0   3  21  44 144 163 173 256 276 319];4;4;0;0;0.002813100814819336
I;22;0.9039983749389648;10;289.0;269.3125;[  0   1  21 144 173 230 250 256 276 319];4;4;0;0;0.002813100814819336
I;23;0.9332113265991211;10;288.1875;269.3125;[  0   1  21  44 163 173 256 276 319 370];4;4;0;0;0.002813100814819336
I;24;0.9657511711120605;10;283.1875;269.3125;[  0   1  21  76 144 173 178 256 276 319];4;4;0;0;0.002813100814819336
I;25;0.9984142780303955;10;283.1875;269.3125;[  0   1  21  76 144 173 178 268 276 319];4;4;0;0;0.002813100814819336
I;26;1.0623350143432617;10;280.4375;269.3125;[  0   3  21 160 163 173 230 250 276 319];4;4;0;0;0.002813100814819336
I;27;1.4607460498809814;10;280.0625;269.3125;[  0   3  21 160 163 173 230 250 276 319];6;6;0;0;0.004578828811645508
I;28;2.0575621128082275;10;278.9375;270.5078125;[  0   1   3  21  76 144 178 276 309 319];9;9;0;0;0.007570505142211914
I;29;2.1277682781219482;10;278.9375;270.5078125;[  0   1   3  21  45  60 268 276 319 370];9;9;0;0;0.007570505142211914
I;30;2.1980643272399902;10;278.9375;270.5078125;[  0   1   3  21  60 144 178 276 309 319];9;9;0;0;0.007570505142211914
I;31;2.2669923305511475;10;277.9375;270.5078125;[  0   1   3  21 144 173 178 250 276 319];9;9;0;0;0.007570505142211914
I;32;2.334735155105591;10;277.6054687500008;270.5078125;[  0   1   3  21 173 178 230 250 276 319];9;9;0;0;0.007570505142211914
I;33;3.1533021926879883;10;277.4375;270.5078125;[  0   3 144 163 173 230 250 256 276 319];12;12;0;0;0.010103702545166016
I;34;3.29461407661438;10;277.4375;270.5078125;[  0   3  21 144 173 230 250 256 276 319];12;12;0;0;0.010103702545166016
I;35;3.3957231044769287;10;277.4375;270.5078125;[  0   1   3  21 144 173 230 250 276 319];12;12;0;0;0.010103702545166016
I;36;3.4861772060394287;10;277.4375;270.5078125;[  0   3  21 144 163 173 230 250 276 319];12;12;0;0;0.010103702545166016
I;37;3.5864951610565186;10;277.3125;270.5078125;[  0   1   3  21  60 144 185 230 276 319];12;12;0;0;0.010103702545166016
I;38;4.411123275756836;10;277.3125;270.5078125;[  0   1   3  21  60 144 185 230 276 319];15;15;0;0;0.012631416320800781
I;39;5.394151210784912;10;277.3125;270.5078125;[  0   1   3  21  60 144 185 230 276 319];18;18;0;0;0.015199422836303711
I;40;6.671165227890015;10;277.3125;270.5078125;[  0   1   3  21  60 144 185 230 276 319];23;23;0;0;0.019630908966064453
I;41;8.489750146865845;10;277.3125;271.15625;[  0   1   3  21  60 144 185 230 276 319];31;31;0;0;0.026472091674804688
I;42;10.92879843711853;10;277.3125;272.64453125;[  0   1   3  21 144 163 173 250 276 319];41;41;0;0;0.03522133827209473
I;43;11.134668111801147;10;277.1875;272.64453125;[  0   1   3  21  42 173 185 276 309 319];41;41;0;0;0.03522133827209473
I;44;11.31623125076294;10;277.1875;272.64453125;[  0   1   3  21  60 144 178 268 276 319];41;41;0;0;0.03522133827209473
I;45;14.12145733833313;10;277.1875;273.197265625;[  0   1   3  21  42 163 173 268 276 319];50;50;0;0;0.043170928955078125
I;46;14.31835126876831;10;277.1875;273.197265625;[  0   1   3  21  42 173 185 268 276 319];50;50;0;0;0.043170928955078125
I;47;14.522833347320557;10;277.15625;273.197265625;[  0   1   3  21 144 173 185 250 276 319];50;50;0;0;0.043170928955078125
I;48;17.609994173049927;10;277.15625;273.9671630859375;[  0   1   3  21 144 163 173 250 276 319];55;58;0;0;0.049861907958984375
I;49;17.841113090515137;10;277.0843505859375;273.9671630859375;[  0   1   3  21 144 163 173 250 276 319];58;58;0;0;0.049861907958984375
I;50;20.735419273376465;10;277.046875;273.9671630859375;[  0   1   3  21  60 144 178 268 276 319];60;60;0;0;0.05153703689575195
I;51;23.66990828514099;10;277.0257568359375;273.9671630859375;[  0   1   3  21 144 173 185 250 276 319];61;62;0;0;0.05330705642700195
I;52;23.920964241027832;10;277.0257568359375;273.9671630859375;[  0   1   3  21 144 163 173 250 276 319];62;62;0;0;0.05330705642700195
I;53;27.054524183273315;10;277.0234375;273.9671630859375;[  0   1   3  21  60 144 185 268 276 319];58;65;0;0;0.05619406700134277
I;54;27.289111137390137;10;277.0234375;273.9671630859375;[  0   1   3  21  60 144 178 268 276 319];65;65;0;0;0.05619406700134277
I;55;30.476932287216187;10;277.0234375;273.9671630859375;[  0   1   3  21  60 144 178 268 276 319];67;68;0;0;0.058756351470947266
I;56;33.77941608428955;10;277.0234375;273.9833984375;[  0   1   3  21  60 144 178 268 276 319];71;71;0;0;0.0612645149230957
I;57;37.23752808570862;10;277.0234375;274.1064453125;[  0   1   3  21  60 144 178 268 276 319];74;74;0;0;0.06385493278503418
I;58;40.82507634162903;10;277.01171875;274.1845703125;[  0   1   3  21  60 144 178 268 276 319];76;76;0;0;0.06555867195129395
I;59;44.42087411880493;10;277.0;274.2001953125;[  0   1   3  21  60 144 178 268 276 319];77;77;0;0;0.06644368171691895
I;60;47.937705278396606;10;276.98828125;274.2236328125;[  0   1   3  21  60 144 178 268 276 319];78;78;0;0;0.06728148460388184
C;60;51.21249723434448;10;276.98828125;274.2236328125;[  0   1   3  21  60 144 178 268 276 319];0;78;0;0;0.06728148460388184
