I;1;0.00463414192199707;10;1000000.0;0;[0 1 2 3 4 5 6 7 8 9];1;1;0;0;0
I;2;0.013019323348999023;10;295.0;0;[  0   1   2   3   4  11  31  82  86 132];1;1;0;0;0
I;3;0.02184009552001953;10;246.0;0;[  0   1   2  11  31  32  82  86 121 132];1;1;0;0;0
I;4;0.029586315155029297;10;246.0;0;[  0   3  11  31  32  34  86 121 128 132];1;1;0;0;0
I;5;0.039748191833496094;10;244.0;0;[  0   3  11  23  31  32  34  43 121 132];1;1;0;0;0
I;6;0.049523353576660156;10;240.0;0;[  2   3  11  23  31  32  34  82 121 132];1;1;0;0;0
I;7;0.05990409851074219;10;240.0;0;[  2   3  11  31  32  34  39  82 121 132];1;1;0;0;0
I;8;0.07171416282653809;10;232.0;0;[  2  11  31  32  34  44  66  71 121 132];1;1;0;0;0
I;9;0.08263516426086426;10;232.0;0;[  2   3  11  31  32  34  66  71 121 132];1;1;0;0;0
I;10;0.1458141803741455;10;232.0;190.5;[  2   3  11  31  32  34  66  71 121 132];2;2;0;0;0
I;11;0.2736639976501465;10;232.0;194.875;[  2  11  31  32  34  43  44 102 121 132];4;4;0;0;0
I;12;0.5160791873931885;10;229.96875;201.8125;[  2  11  31  32  34  43  44 102 121 132];8;8;0;0;0
I;13;0.9500131607055664;10;229.0;204.625;[  0   2   3  11  32  34  66  86 121 132];15;15;0;0;0
I;14;0.9853150844573975;10;229.0;204.625;[  0   2   3  11  25  31  32  34  66 132];15;15;0;0;0
I;15;1.0461711883544922;10;227.9921875;204.625;[  2   3  11  31  32  34  66 102 121 132];15;15;0;0;0
I;16;1.0852112770080566;10;227.0;204.625;[  0   2   3  11  23  32  34  86  90 132];15;15;0;0;0
I;17;1.123702049255371;10;226.6796875;204.625;[  2   3  11  31  32  34  66 102 121 132];15;15;0;0;0
I;18;1.865044355392456;10;226.359375;204.625;[  2   3  11  31  32  43  44 102 121 132];26;26;0;0;0
I;19;1.9202439785003662;10;226.359375;204.625;[  2  11  31  32  34  43  44 102 121 132];26;26;0;0;0
I;20;1.9808571338653564;10;224.921875;204.625;[  2  11  31  32  34  43  44 102 121 132];26;26;0;0;0
I;21;3.4582672119140625;10;224.3984375;207.421875;[  0   2   3  11  31  32  34  43 121 132];51;51;0;0;0
I;22;3.5573172569274902;10;224.3984375;207.421875;[  0   2   3  11  31  32  43  44 121 132];51;51;0;0;0
I;23;3.653578996658325;10;224.328125;207.421875;[  2  11  31  32  34  43  44 102 121 132];51;51;0;0;0
I;24;6.188592195510864;10;224.171875;208.923828125;[  2   3  11  31  32  34  66 102 121 132];91;91;0;0;0
I;25;6.345457315444946;10;224.1713867187507;208.923828125;[  2  11  31  32  34  43  44 102 121 132];91;91;0;0;0
I;26;10.761104106903076;10;224.0;210.818359375;[  0   2  11  34  39  82  86 102 121 132];161;161;0;0;0
I;27;11.015077114105225;10;224.0;210.818359375;[  0   2  11  23  32  34  43  82  86 132];161;161;0;0;0
I;28;11.300167322158813;10;223.816162109375;210.818359375;[  2  11  31  32  34  43  44 102 121 132];161;161;0;0;0
I;29;18.714999198913574;10;223.74169921875;212.67822265625;[  2   3  11  31  32  34  66  67 121 132];275;275;0;0;0
I;30;19.157780408859253;10;223.7026367187507;212.67822265625;[  2   3  11  31  32  34  66 102 121 132];275;275;0;0;0
I;31;19.585524082183838;10;223.3184814453125;212.67822265625;[  2  11  31  32  34  43  44 102 121 132];275;275;0;0;0
I;32;31.972686052322388;10;223.0;214.293212890625;[  2   3  11  31  32  34  66  86 102 132];456;456;0;0;0
I;33;32.66500401496887;10;223.0;214.293212890625;[  2   3  11  25  31  32  34  66 102 132];456;456;0;0;0
I;34;33.39501428604126;10;222.9302978515625;214.293212890625;[  2  11  31  32  34  43  44 102 121 132];456;456;0;0;0
I;35;52.39927124977112;10;222.8204345703125;215.63156127929688;[  2   3  11  31  32  34  66 102 121 132];728;728;0;0;0
I;36;53.55117321014404;10;222.60540771484375;215.63156127929688;[  2  11  31  32  34  43  44 102 121 132];728;728;0;0;0
I;37;81.71952819824219;10;222.39874267578125;216.7203826904297;[  2  11  31  32  34  44  82 102 121 132];1106;1106;0;0;0
I;38;83.44281816482544;10;222.3745117187503;216.7203826904297;[  2  11  31  32  34  66  82 102 121 132];1106;1106;0;0;0
I;39;85.12921810150146;10;222.37083435058594;216.7203826904297;[  2  11  31  32  34  43  44 102 121 132];1106;1106;0;0;0
I;40;123.85316205024719;10;222.2086791992192;217.45711517333984;[  2   3  11  31  32  34  66  82 102 132];1583;1584;0;0;0
I;41;126.2891173362732;10;222.1851348876953;217.45711517333984;[  2  11  31  32  34  43  44 102 121 132];1584;1584;0;0;0
I;42;178.20900917053223;10;222.1702651977539;218.0411376953125;[  2  11  26  31  32  34  43  44 121 132];2151;2158;0;0;0
I;43;181.5060441493988;10;222.07354736328227;218.0411376953125;[  2   3  11  31  32  34  66 102 121 132];2158;2158;0;0;0
I;44;184.88149523735046;10;222.0538101196294;218.0411376953125;[  2  11  31  32  34  43  44 102 121 132];2158;2158;0;0;0
I;45;248.95685815811157;10;222.029296875;218.4762134552002;[  0   2   3  11  31  32  34  66 121 132];2788;2797;0;0;0
I;46;253.25184416770935;10;221.9962158203125;218.4762134552002;[  0   2  11  31  32  34  43  66 121 132];2797;2797;0;0;0
I;47;257.5561480522156;10;221.95982551574707;218.4762134552002;[  2  11  31  32  34  43  44 102 121 132];2797;2797;0;0;0
I;48;332.863135099411;10;221.9009780883789;218.7421760559082;[  2  11  31  32  34  43  44 102 121 132];3395;3425;0;0;0
I;49;419.0715751647949;10;221.85480499267578;218.95244026184082;[  2  11  31  32  34  43  44 102 121 132];4014;4059;0;0;0
I;50;514.5670912265778;10;221.81562519073486;219.12445735931396;[  2  11  31  32  34  43  44 102 121 132];4588;4641;0;0;0
I;51;616.9846642017365;10;221.79421520233154;219.22582149505615;[  2  11  31  32  34  43  44 102 121 132];5024;5118;0;0;0
I;52;725.0639250278473;10;221.78269577026367;219.32275485992432;[  2  11  31  32  34  43  44 102 121 132];5393;5524;0;0;0
I;53;835.5930380821228;10;221.76734733581543;219.3732500076294;[  2  11  31  32  34  43  44 102 121 132];5701;5837;0;0;0
I;54;949.3242843151093;10;221.75628232955933;219.4098882675171;[  2  11  31  32  34  43  44 102 121 132];5936;6091;0;0;0
I;55;1065.309284210205;10;221.75043725967407;219.43443298339844;[  2  11  31  32  34  43  44 102 121 132];6137;6292;0;0;0
I;56;1182.867959022522;10;221.74541330337524;219.4604082107544;[  2  11  31  32  34  43  44 102 121 132];6297;6452;0;0;0
I;57;1301.5705351829529;10;221.74240732192993;219.4826421737671;[  2  11  31  32  34  43  44 102 121 132];6405;6563;0;0;0
I;58;1420.0972411632538;10;221.73857736587524;219.4966630935669;[  2  11  31  32  34  43  44 102 121 132];6473;6633;0;0;0
I;59;1538.6070551872253;10;221.73474740982056;219.50610828399658;[  2  11  31  32  34  43  44 102 121 132];6513;6674;0;0;0
I;60;1657.2750351428986;10;221.7333436012268;219.509108543396;[  2  11  31  32  34  43  44 102 121 132];6531;6693;0;0;0
I;61;1774.8228149414062;10;221.7333436012268;219.51013660430908;[  2  11  31  32  34  43  44 102 121 132];6543;6705;0;0;0
I;62;1892.7583072185516;10;221.73312425613403;219.51109409332275;[  2  11  31  32  34  43  44 102 121 132];6553;6715;0;0;0
I;63;2010.440442085266;10;221.73312425613403;219.51167392730713;[  2  11  31  32  34  43  44 102 121 132];6561;6723;0;0;0
I;64;2129.329300403595;10;221.73296117782593;219.51202487945557;[  2  11  31  32  34  43  44 102 121 132];6568;6730;0;0;0
I;65;2247.5992629528046;10;221.7326865196228;219.5130376815796;[  2  11  31  32  34  43  44 102 121 132];6575;6737;0;0;0
I;66;2365.6855461597443;10;221.7326865196228;219.51324939727783;[  2  11  31  32  34  43  44 102 121 132];6579;6741;0;0;0
I;67;2484.3129391670227;10;221.73257493972778;219.51353549957275;[  2  11  31  32  34  43  44 102 121 132];6583;6745;0;0;0
I;68;2602.9177861213684;10;221.73226976394653;219.51387119293213;[  2  11  31  32  34  43  44 102 121 132];6586;6748;0;0;0
I;69;2721.7122271060944;10;221.7321629524231;219.51404285430908;[  2  11  31  32  34  43  44 102 121 132];6588;6750;0;0;0
I;70;2839.954106092453;10;221.73194932937622;219.51422595977783;[  2  11  31  32  34  43  44 102 121 132];6590;6752;0;0;0
I;71;2958.577308177948;10;221.73194932937622;219.5143060684204;[  2  11  31  32  34  43  44 102 121 132];6591;6753;0;0;0
I;72;3077.6925461292267;10;221.73184251785278;219.51439762115479;[  2  11  31  32  34  43  44 102 121 132];6592;6754;0;0;0
I;73;3196.807148218155;10;221.73184251785278;219.51447772979736;[  2  11  31  32  34  43  44 102 121 132];6593;6755;0;0;0
I;74;3314.9542112350464;10;221.73184251785278;219.51451206207275;[  2  11  31  32  34  43  44 102 121 132];6594;6756;0;0;0
C;74;3433.3054962158203;10;221.73184251785278;219.51454639434814;[  2  11  31  32  34  43  44 102 121 132];0;6757;0;0;0
