1;0.377849817276001;10;358.0;0;[  0   1   2   3   4   5 217 267 272 320];1;1
2;0.7879140377044678;10;357.0;0.0;[  3   8   9  35 176 217 267 272 320 338];1;1
3;1.1967370510101318;10;320.0;0.0;[  0   8  35  48  80 217 267 272 320 338];1;1
4;1.6063790321350098;10;293.0;0.0;[  3  35  48  80  94 217 267 270 272 338];1;1
5;2.0206007957458496;10;290.0;0.0;[  3   8  48  80  94 217 267 270 272 338];1;1
6;2.425701856613159;10;290.0;0.0;[  0   3   8  80  94 217 267 270 272 338];1;1
7;2.8374767303466797;10;288.0;0.0;[  3   8  48  60  80 217 267 270 272 338];1;1
8;3.252283811569214;10;283.0;0.0;[  0   3   8  48  80 217 267 270 320 338];1;1
9;3.6634817123413086;10;283.0;0.0;[  0   3   8  48  80 217 267 270 272 338];1;1
10;4.225600957870483;10;283.0;0.0;[  0   3   8  48  80 217 267 270 272 338];2;2
11;4.948697805404663;10;283.0;0.0;[  0   3   8  48  80 217 267 270 272 338];4;4
12;6.021996974945068;10;283.0;0.0;[  0   3   8  48  80 217 267 270 272 338];8;8
13;7.659456968307495;10;283.0;35.25;[  0   3   8  48  80 267 270 272 320 338];14;15
14;10.103348016738892;10;282.7353515625;87.90625;[  0   3   8  48  80 267 270 272 320 338];22;26
15;13.240137815475464;10;282.6845703125;167.0;[  0   3   8  48  80 217 267 270 272 338];26;39
16;18.491761922836304;10;282.6318359375;153.65234375;[  0   3   8  48  80 217 267 270 272 338];50;64
17;25.713023900985718;10;282.5825500488281;202.0069580078125;[  0   3   8  48  80 217 267 270 272 338];64;96
18;35.16329908370972;10;282.5510711669922;233.91961669921875;[  0   3   8  48  80 267 270 272 320 338];78;135
19;45.783949851989746;10;282.52414321899414;261.4013977050781;[  0   3   8  48  80 267 270 272 320 338];72;171
20;58.453880071640015;10;282.5138416290283;270.2320785522461;[  0   3   8  48  80 267 270 272 320 338];80;211
21;71.7757260799408;10;282.50819396972656;276.7204837799072;[  0   3   8  48  80 267 270 272 320 338];66;244
22;83.85999202728271;10;282.5068187713623;280.2428922653198;[  0   3   8  48  80 267 270 272 320 338];30;259
23;95.88599300384521;10;282.50639057159424;280.89815521240234;[  0   3   8  48  80 267 270 272 320 338];22;270
24;108.53890776634216;10;282.5062303543091;281.0706968307495;[  0   3   8  48  80 267 270 272 320 338];24;282
25;121.51824998855591;10;282.50616228580475;281.19174695014954;[  0   3   8  48  80 267 270 272 320 338];20;292
26;134.0300669670105;10;282.50614976882935;281.2608816623688;[  0   3   8  48  80 267 270 272 320 338];8;296
-1;;145.33717489242554;10;282.50614976882935;281.2782611846924;[  0   3   8  48  80 267 270 272 320 338];0;296
