I;1;0.0075719356536865234;10;1000000.0;0;[0 1 2 3 4 5 6 7 8 9];1;1;0;0;0
I;2;0.020998239517211914;10;219.0;0;[  0   1   2   3   4   5   6  46 184 219];1;1;0;0;0
I;3;0.0334010124206543;10;219.0;0;[  0   1   2  44  46  67 107 142 184 219];1;1;0;0;0
I;4;0.04474806785583496;10;219.0;0;[  1  29  44  46  67 107 184 209 213 219];1;1;0;0;0
I;5;0.05688023567199707;10;219.0;0;[  1  29  44  46 107 145 184 210 214 219];1;1;0;0;0
I;6;0.07006621360778809;10;219.0;0;[  1  29  44  46 107 145 182 184 209 219];1;1;0;0;0
I;7;0.17073416709899902;10;214.25;134.0;[  1  29  44  46 107 145 160 182 184 219];2;2;0;0;0.0008790493011474609
I;8;0.34827113151550293;10;214.25;164.875;[  1  29  44  46 107 145 160 182 184 219];4;4;0;0;0.002618074417114258
I;9;0.708477258682251;10;210.09375;179.59375;[  1   4  29  44  46 107 145 160 184 209];8;8;0;0;0.006024599075317383
I;10;0.7348248958587646;10;210.09375;179.59375;[  1  29  44  46 107 145 160 184 209 219];8;8;0;0;0.006024599075317383
I;11;0.7620501518249512;10;209.09375;179.59375;[  1  29  44  46 107 145 160 182 184 219];8;8;0;0;0.006024599075317383
I;12;1.329077959060669;10;207.09375;188.109375;[  1  29  44  46  67 107 148 160 184 209];13;13;0;0;0.010843515396118164
I;13;1.365630865097046;10;207.09375;188.109375;[  1   3  29  44  46 107 145 160 184 209];13;13;0;0;0.010843515396118164
I;14;1.4025530815124512;10;205.328125;188.109375;[  1   3   4  29  44  46 107 145 160 184];13;13;0;0;0.010843515396118164
I;15;1.4386391639709473;10;205.0625;188.109375;[  1  29  44  46 107 145 160 184 209 219];13;13;0;0;0.010843515396118164
I;16;1.4749419689178467;10;204.828125;188.109375;[  1  29  44  46 107 145 160 164 184 209];13;13;0;0;0.010843515396118164
I;17;2.489180088043213;10;203.5625;195.7109375;[  1  29  44  46 107 145 160 184 209 219];20;23;0;0;0.019588470458984375
I;18;2.543661117553711;10;202.720703125;195.7109375;[  1   4  29  44  46  67 107 160 184 209];23;23;0;0;0.019588470458984375
I;19;2.600085973739624;10;202.720703125;195.7109375;[  1   4  29  44  46 107 145 160 184 209];23;23;0;0;0.019588470458984375
I;20;2.6560959815979004;10;202.162109375;195.7109375;[  1   4  29  44  46 107 145 160 184 209];23;23;0;0;0.019588470458984375
I;21;3.7887401580810547;10;202.095703125;197.9208984375;[  1   3  29  44  46 107 145 160 184 209];31;31;0;0;0.02647542953491211
I;22;3.8578500747680664;10;202.0;197.9208984375;[  1   3  29  44  46 107 145 160 184 209];31;31;0;0;0.02647542953491211
I;23;5.1913840770721436;10;201.7109375;198.60546875;[  1   4  29  44  46 107 145 160 184 209];38;38;0;0;0.032640695571899414
I;24;5.2745490074157715;10;201.508544921875;198.60546875;[  1   3  29  44  46  67 107 160 184 209];38;38;0;0;0.032640695571899414
I;25;5.357964038848877;10;201.50854492187534;198.60546875;[  1   3  29  44  46 107 145 160 184 209];38;38;0;0;0.032640695571899414
I;26;6.625014066696167;10;201.50634765625;199.046875;[  1   4  29  44  46  67 107 160 184 209];41;41;0;0;0.03516960144042969
I;27;6.713000297546387;10;201.50634765625;199.046875;[  1   4  29  44  46 107 145 160 184 209];41;41;0;0;0.03516960144042969
I;28;6.805341958999634;10;201.28979492187534;199.046875;[  1   3  29  44  46 107 145 160 184 209];41;41;0;0;0.03516960144042969
I;29;8.095784187316895;10;201.27783203125037;199.26474609375;[  1   4  29  44  46 107 145 160 184 209];43;43;1;1;0.038935184478759766
I;30;9.375738143920898;10;201.27783203125037;199.26474609375;[  1   4  29  44  46 107 145 160 184 209];44;44;1;1;0.03975725173950195
I;31;10.657788038253784;10;201.27294921875;199.26474609375;[  1   4  29  44  46 107 145 160 184 209];45;45;1;1;0.04057025909423828
C;31;11.97661805152893;10;201.27294921875;199.26474609375;[  1   4  29  44  46 107 145 160 184 209];0;46;1;1;0.04140138626098633
