I;1;0.0009920597076416016;10;1000000.0;0;[0 1 2 3 4 5 6 7 8 9];1;1;0;0;0
I;2;0.018896102905273438;10;245.0;0;[  0   1   2   3   8  85 241 265 271 335];1;1;0;0;0
I;3;0.03602027893066406;10;174.0;0;[  0   8  79  81  85 229 241 265 271 335];1;1;0;0;0
I;4;0.05344986915588379;10;174.0;0;[  8  79  81  85 229 241 271 288 335 371];1;1;0;0;0
I;5;0.20066189765930176;10;174.0;142.4918032786885;[  8  79  81  85 229 288 289 335 365 366];2;2;1;1;0.003451824188232422
I;6;0.4775819778442383;10;174.0;158.77269197584127;[  8  79  81  85 229 233 288 289 335 360];4;4;3;3;0.010828733444213867
I;7;1.5902760028839111;10;174.0;168.17814327485382;[  8  10  79  81 229 271 288 289 335 340];12;14;13;7;0.05001187324523926
I;8;1.6389641761779785;10;174.0;168.17814327485382;[  8  10  79  81  85 229 288 289 335 340];14;14;13;7;0.05001187324523926
I;9;1.6892321109771729;10;174.0;168.17814327485382;[  8  10  79  81  85 229 233 288 335 340];14;14;13;7;0.05001187324523926
I;10;1.739366054534912;10;173.0;168.17814327485382;[  8  79  81  85 219 233 288 335 339 340];14;14;13;7;0.05001187324523926
I;11;1.7902581691741943;10;173.0;168.17814327485382;[  8  10  79  81  85 233 271 288 335 340];14;14;13;7;0.05001187324523926
I;12;1.8406713008880615;10;173.0;168.17814327485382;[  8  79  81  85 233 288 335 339 340 360];14;14;13;7;0.05001187324523926
I;13;1.8921489715576172;10;172.7484283625731;168.17814327485382;[  8  79  81  85 219 233 288 335 340 360];14;14;13;7;0.05001187324523926
I;14;1.9445250034332275;10;172.72500000000002;168.17814327485382;[  8  79  81  85 233 288 335 339 340 360];14;14;13;7;0.05001187324523926
I;15;3.4639110565185547;10;172.3398848684212;168.8544189495255;[  8  79  81  85 219 229 233 288 335 340];20;24;23;15;0.1093282699584961
I;16;3.5379722118377686;10;172.28343750000002;168.8544189495255;[  8  79  81  85 229 233 288 335 340 360];24;24;23;15;0.1093282699584961
I;17;3.612281084060669;10;172.08263888888888;168.8544189495255;[  8  79  81  85 219 233 271 288 335 340];24;24;23;15;0.1093282699584961
I;18;3.689152956008911;10;172.08263888888888;168.8544189495255;[  8  79  81  85 219 233 241 288 335 340];24;24;23;15;0.1093282699584961
I;19;3.7664549350738525;10;171.92809141621132;168.8544189495255;[  8  79  81  85 219 233 241 288 335 340];24;24;23;15;0.1093282699584961
I;20;6.398287057876587;10;171.82978801169594;168.8544189495255;[  8  79  81  85 229 233 288 335 340 360];36;42;41;31;0.16991782188415527
I;21;6.5199480056762695;10;171.6342927631582;168.8544189495255;[  8  79  81  85 229 233 288 335 339 340];42;42;41;31;0.16991782188415527
I;22;6.644569158554077;10;171.60363486842127;168.8544189495255;[  8  79  81  85 219 233 288 335 339 340];42;42;41;31;0.16991782188415527
I;23;6.770363092422485;10;171.5471875;168.8544189495255;[  8  79  81  85 233 288 335 339 340 360];42;42;41;31;0.16991782188415527
I;24;6.896786212921143;10;171.53511115080653;168.8544189495255;[  8  79  81  85 233 288 335 339 340 360];42;42;41;31;0.16991782188415527
I;25;11.460431098937988;10;171.5;169.70691288221784;[  8  79  81  85 219 229 233 288 335 339];62;73;72;39;0.3095893859863281
I;26;11.692360162734985;10;171.5;169.70691288221784;[  8  10  79  81  85 229 233 288 335 339];73;73;72;39;0.3095893859863281
I;27;11.891693115234375;10;171.5;169.70691288221784;[  8  10  79  81  85 229 233 288 335 360];73;73;72;39;0.3095893859863281
I;28;12.092458009719849;10;171.46116411876636;169.70691288221784;[  8  79  81  85 233 288 335 339 340 360];73;73;72;39;0.3095893859863281
C;28;20.12377905845642;10;171.46116411876636;170.1821998703651;[  8  79  81  85 233 288 335 339 340 360];0;128;127;55;0.5419514179229736
