1;0.39308738708496094;10;397.0;0;[ 0  1  2  3  4 31 39 45 86 88];1;1
2;0.8017053604125977;10;369.0;0.0;[ 0  1 24 30 31 39 45 54 86 88];1;1
3;1.2157502174377441;10;369.0;0.0;[ 0  5 24 30 31 39 42 54 86 88];1;1
4;1.6639940738677979;10;369.0;0.0;[ 0 21 24 30 31 42 45 54 86 88];2;2
5;2.1467981338500977;10;369.0;0.0;[ 0  5 22 24 30 39 45 54 86 88];4;4
6;2.5762321949005127;10;369.0;0.0;[ 0 21 24 30 31 39 42 54 86 88];4;4
7;3.1756012439727783;10;369.0;0.0;[ 0 22 24 30 31 42 45 54 86 88];8;8
8;3.840879201889038;10;369.0;184.5;[ 0 22 24 30 31 42 45 54 86 88];8;12
9;4.708244323730469;10;369.0;184.5;[ 0 22 24 30 31 42 45 54 86 88];16;20
10;5.86693811416626;10;368.8125;230.625;[ 0 21 24 30 31 42 45 54 86 88];24;32
11;7.963216066360474;10;368.71484375;0.0;[ 0 22 24 30 31 42 45 54 86 88];64;64
12;10.570052146911621;10;368.681640625;276.75;[ 0 22 24 30 31 42 45 54 86 88];64;96
13;14.504956245422363;10;368.6513671875;291.0234375;[ 0 22 24 30 31 42 45 54 86 88];108;150
14;20.2035231590271;10;368.620361328125;312.4609375;[ 0 22 24 30 31 42 45 54 86 88];156;228
15;28.28393530845642;10;368.5977783203125;329.68310546875;[ 0 22 24 30 31 42 45 54 86 88];216;336
16;39.63662099838257;10;368.5869140625;341.5264892578125;[ 0 22 24 30 31 42 45 54 86 88];300;486
17;54.91147327423096;10;368.57923889160156;351.36346435546875;[ 0 22 24 30 31 42 45 54 86 88];380;676
18;73.51438522338867;10;368.57474517822266;359.5042724609375;[ 0 22 24 30 31 42 45 54 86 88];396;874
19;94.48451018333435;10;368.572265625;364.34056091308594;[ 0 22 24 30 31 42 45 54 86 88];360;1054
19;111.94637107849121;10;368.572265625;368.10174560546875;[ 0 22 24 30 31 42 45 54 86 88];0;1078
