1;0.390643835067749;10;274.0;0;[  0   1   2   3   4   5   6   7  58 101];1;1
2;0.8051767349243164;10;274.0;0.0;[  0   1   2   3   4  31  48  56  58 101];1;1
3;1.2123126983642578;10;274.0;0.0;[  0   1   2  31  48  56  58  77 101 113];1;1
4;1.6189687252044678;10;274.0;0.0;[  1   2  31  48  56  58  76  77 101 113];1;1
5;2.0601158142089844;10;270.25;0.0;[  1   2  31  48  56  58  76  77 101 113];2;2
6;2.5130696296691895;10;268.0625;137.0;[  1   2  31  48  56  58  76  77 101 113];2;3
7;3.0193817615509033;10;267.375;137.0;[  1   2  31  48  56  58  76  77 101 113];4;5
8;3.5679678916931152;10;266.8828125;168.25;[  1   2  31  48  56  58  76  77 101 113];6;8
9;4.2335569858551025;10;266.8828125;199.5390625;[  1   2  31  48  56  58  76  77 101 113];8;12
10;5.009872674942017;10;266.8623046875;207.267578125;[  1   2  31  48  56  58  76  77 101 113];14;19
11;6.001885890960693;10;266.748046875;219.7705078125;[  1   2  31  48  56  58  76  77 101 113];22;30
12;7.246824741363525;10;266.748046875;236.560791015625;[  1   2  31  48  56  58  76  77 101 113];28;44
13;8.842168807983398;10;266.7426452636719;246.08447265625;[  1   2  31  48  56  58  76  77 101 113];38;63
14;10.863142728805542;10;266.7252655029297;253.43170166015625;[  1   2  31  48  56  58  76  77 101 113];48;87
15;13.292873859405518;10;266.7239074707031;259.3107452392578;[  1   2  31  48  56  58  76  77 101 113];52;113
16;16.040748596191406;10;266.7219886779785;263.09771728515625;[  1   2  31  48  56  58  76  77 101 113];48;137
16;18.252460718154907;10;266.7219886779785;266.01676177978516;[  1   2  31  48  56  58  76  77 101 113];0;142
