1;0.3820056915283203;10;285.0;0;[  0   1   2   3   4   5  95 108 129 216];1;1
2;0.792717695236206;10;285.0;0.0;[  0   1   2   3  94  95 101 108 129 216];1;1
3;1.1959028244018555;10;285.0;0.0;[  0   1  89  93  94  95 101 108 129 216];1;1
4;1.5994198322296143;10;285.0;0.0;[  1  93  94  95 101 108 129 164 206 216];1;1
5;2.012938976287842;10;285.0;0.0;[  1   4  93  94  95 101 108 129 206 216];1;1
6;2.4187707901000977;10;278.0;0.0;[  1   4  93  94  95  96 101 108 129 216];1;1
7;2.9129836559295654;10;272.0;0.0;[  1   4  93  94  95 108 129 164 206 216];2;2
8;3.4943888187408447;10;271.0;0.0;[  1   4  93  94  95 101 108 129 164 216];4;4
9;4.046752691268921;10;270.25;201.75;[  1   4  93  94  95 101 108 129 164 216];2;5
-1;;4.175175905227661;10;270.25;269.875;[  1   4  93  94  95 101 108 129 164 216];0;5
