1;0.40876078605651855;10;402.0;0;[  0   1   2   3   4   5   6  90  92 154];1;1
2;0.8438758850097656;10;387.0;0.0;[  0   1   2  56  90  92 109 154 314 329];1;1
3;1.2717599868774414;10;370.0;0.0;[  0   1   3  56  92 109 154 203 239 329];1;1
4;1.6967740058898926;10;355.0;0.0;[  0   1  56  90  92  95 109 203 239 329];1;1
5;2.133880138397217;10;355.0;0.0;[  0   1   3  90  92  95 109 202 203 329];1;1
6;2.565706968307495;10;355.0;0.0;[  0   1   3  90  92  95 109 154 203 329];1;1
7;2.9952919483184814;10;355.0;0.0;[  0   2   3  90  95 109 154 203 314 329];1;1
8;3.428433895111084;10;351.0;0.0;[  0  90  95 109 110 154 174 203 239 329];1;1
9;3.856703042984009;10;351.0;0.0;[  0   2   3  90  95 109 110 154 203 329];1;1
10;4.463802814483643;10;351.0;0.0;[  0   2   3  90  95 109 110 154 203 329];2;2
11;5.2501561641693115;10;351.0;0.0;[  0   2   3  90  95 109 110 154 203 329];4;4
12;6.410505056381226;10;351.0;0.0;[  0   2   3  90  95 109 110 154 203 329];8;8
13;8.35515809059143;10;351.0;0.0;[  0   3  90  95 109 110 154 203 292 329];16;16
14;8.838171005249023;10;350.0;0.0;[  0  92  95 109 110 154 203 238 292 329];16;16
15;9.336583852767944;10;349.375;0.0;[  0   2   3  90  95 109 110 154 203 329];16;16
16;12.92865800857544;10;347.5625;0.0;[  0  92  95 109 110 154 203 238 292 329];32;32
17;13.486413955688477;10;347.5625;0.0;[  0   2   3  92  95 109 110 154 203 329];32;32
18;20.086652994155884;10;345.84765625;21.390625;[  0   3  90  95 109 110 154 203 292 329];60;62
19;20.7931809425354;10;345.53515625;21.390625;[  0  92  95 109 110 154 203 238 292 329];62;62
20;21.40889596939087;10;345.46875;21.390625;[  0   3  92  95 109 110 154 174 203 329];62;62
21;34.558253049850464;10;344.40625;0.0;[  0  90  95 109 110 154 203 292 314 329];124;124
22;35.354511976242065;10;344.3046875;0.0;[  0   3  90  95 109 110 154 174 203 329];124;124
23;60.222357988357544;10;343.12939453125;23.8984375;[  0  90  95 109 110 154 203 292 314 329];234;241
24;61.464385986328125;10;342.888671875;23.8984375;[  0   2   3  92  95 109 110 154 203 329];241;241
25;105.68196415901184;10;340.7725830078125;71.40625;[  0   2   3  92  95 109 110 154 203 329];404;443
26;185.21986389160156;10;339.67889404296875;103.376953125;[  0   2   3  92  95 109 110 154 203 329];710;798
27;322.7948040962219;10;338.6150665283203;143.431884765625;[  0   2  90  95 109 110 124 154 203 329];1178;1387
28;584.4161360263824;10;338.15056228637695;89.81646728515625;[  0   2  92  95 109 110 124 154 203 329];2180;2477
29;1035.4183249473572;10;337.59045028686523;153.032470703125;[  0   2  92  95 109 110 124 154 203 329];3464;4209
30;1756.9006688594818;10;337.2853922843933;227.01140594482422;[  0   2  92  95 109 110 124 154 203 329];4886;6652
31;2964.0414640903473;10;337.12344431877136;259.757040977478;[  0   2  90  95 109 110 124 154 203 329];7172;10238
