1;0.37799906730651855;10;471.0;0;[  0   1   4  15  21  34  37  39 110 130];1;1;0;0
2;0.7938947677612305;10;416.0;0.0;[  4  15  34  37  47  62  79  87 110 130];1;1;0;0
3;1.191924810409546;10;332.0;0.0;[  0   4  15  34  37  38  39  47 110 123];1;1;0;0
4;1.5959148406982422;10;332.0;0.0;[  0   1   4  21  38  39  47 110 124 130];1;1;0;0
5;1.995229959487915;10;332.0;0.0;[  0   1   4  21  38  39  62  83 110 130];1;1;0;0
6;2.4049839973449707;10;332.0;0.0;[  0   1   4  15  21  35  38  39  62 130];1;1;0;0
7;2.923346757888794;10;332.0;0.0;[  0   1   4  15  21  35  38  39  62 130];2;2;0.06819486618041992;1
8;3.5764548778533936;10;332.0;0.0;[  0   1   4  21  34  36  38  39  62 130];4;4;0.19145417213439941;3
9;4.002468109130859;10;332.0;0.0;[  0   1   4  15  34  36  38  39  47 130];4;4;0.19145417213439941;3
10;4.442085027694702;10;332.0;0.0;[  0   1   4  34  36  38  39  62  89 130];4;4;0.19145417213439941;3
11;4.8633058071136475;10;332.0;0.0;[  0   1   4  15  34  36  38  39  79 130];4;4;0.19145417213439941;3
12;5.281991720199585;10;331.75;0.0;[  0   1   4  15  34  38  39  79  94 130];4;4;0.19145417213439941;3
13;6.3031837940216064;10;331.5;0.0;[  0   1   4  34  38  39  79  89  94 130];8;8;0.49218106269836426;7
14;7.843116998672485;10;329.78125;0.0;[  0   4  15  21  35  36  38  39  62 130];16;16;1.0016405582427979;15
15;8.291306972503662;10;329.71875;0.0;[  0   4   6  15  21  36  38  39  62 130];16;16;1.0016405582427979;15
16;10.906290769577026;10;329.6875;0.0;[  0   2   4  24  34  36  38  39  62 130];32;32;1.9771807193756104;31
17;15.801261901855469;10;327.79296875;0.0;[  0   4   6  15  34  36  38  39  62 130];64;64;3.9591150283813477;63
18;16.330288887023926;10;327.53515625;0.0;[  0   4  15  34  35  36  38  39  62 130];64;64;3.9591150283813477;63
19;16.88278889656067;10;327.16796875;0.0;[  0   4   6  15  34  36  38  39  62 130];64;64;3.9591150283813477;63
20;25.963589668273926;10;325.8505859375;30.53125;[  0   4   6  15  34  36  38  39  62 130];116;122;7.813703775405884;127
21;42.93999886512756;10;324.82177734375;47.35546875;[  0   4   6  15  34  36  38  39  62 130];214;229;15.217875719070435;249
22;73.81720805168152;10;324.3182373046875;73.7919921875;[  0   4   6  15  34  36  38  39  62 130];380;419;29.00234627723694;478
23;129.45534682273865;10;324.0075378417969;100.027099609375;[  0   4   6  15  34  36  38  39  62 130];644;741;54.29259157180786;897
24;227.75376892089844;10;323.7646789550781;142.42864990234375;[  0   4   6  15  34  36  38  39  62 130];1052;1267;99.10934710502625;1638
25;398.33549284935;10;323.5985794067383;178.2911376953125;[  0   4   6  15  34  36  38  39  62 130];1658;2096;176.06464624404907;2905
26;691.6752469539642;10;323.4788360595703;209.5061492919922;[  0   4   6  15  34  36  38  39  62 130];2588;3390;303.7401843070984;5001
27;1187.3184130191803;10;323.3914089202881;237.80661392211914;[  0   4   6  15  34  36  38  39  62 130];3896;5338;511.3702440261841;8391
28;2016.4694979190826;10;323.32533025741577;256.26952362060547;[  0   4   6  15  34  36  38  39  62 130];5866;8271;839.3763337135315;13729
29;3487.3004138469696;10;323.27917861938477;275.1247568130493;[  0   4   6  15  34  36  38  39  62 130];8340;12441;1348.5454235076904;22000
1;0.4082980155944824;10;471.0;0;[  0   1   4  15  21  34  37  39 110 130];1;1;0;0
2;0.8400793075561523;10;416.0;0.0;[  4  15  34  37  47  62  79  87 110 130];1;1;0;0
3;1.2586321830749512;10;332.0;0.0;[  0   4  15  34  37  38  39  47 110 123];1;1;0;0
4;1.6841692924499512;10;332.0;0.0;[  0   1   4  21  38  39  47 110 124 130];1;1;0;0
5;2.105480194091797;10;332.0;0.0;[  0   1   4  21  38  39  62  83 110 130];1;1;0;0
6;2.5422043800354004;10;332.0;0.0;[  0   1   4  15  21  35  38  39  62 130];1;1;0;0
7;3.0782132148742676;10;332.0;0.0;[  0   1   4  15  21  35  38  39  62 130];2;2;0.06680798530578613;1
8;3.7392261028289795;10;332.0;0.0;[  0   1   4  21  34  36  38  39  62 130];4;4;0.18758606910705566;3
9;4.164924144744873;10;332.0;0.0;[  0   1   4  15  34  36  38  39  47 130];4;4;0.18758606910705566;3
10;4.616551160812378;10;332.0;0.0;[  0   1   4  34  36  38  39  62  89 130];4;4;0.18758606910705566;3
11;5.049810171127319;10;332.0;0.0;[  0   1   4  15  34  36  38  39  79 130];4;4;0.18758606910705566;3
12;5.478378057479858;10;331.75;0.0;[  0   1   4  15  34  38  39  79  94 130];4;4;0.18758606910705566;3
13;6.486425161361694;10;331.5;0.0;[  0   1   4  34  38  39  79  89  94 130];8;8;0.481290340423584;7
14;8.012823104858398;10;329.78125;0.0;[  0   4  15  21  35  36  38  39  62 130];16;16;0.9804830551147461;15
15;8.48298716545105;10;329.71875;0.0;[  0   4   6  15  21  36  38  39  62 130];16;16;0.9804830551147461;15
16;11.01789116859436;10;329.6875;19.9375;[  0   2   4  24  34  36  38  39  62 130];30;31;1.9376912117004395;31
17;15.699117183685303;10;327.79296875;0.0;[  0   4   6  15  34  36  38  39  62 130];62;62;3.829237699508667;62
18;16.25223135948181;10;327.53515625;0.0;[  0   4  15  34  35  36  38  39  62 130];62;62;3.829237699508667;62
19;16.827370166778564;10;327.16796875;0.0;[  0   4   6  15  34  36  38  39  62 130];62;62;3.829237699508667;62
20;24.079408168792725;10;325.8623046875;167.4453125;[  0   4   6  15  21  36  38  39  62 130];62;93;7.504725933074951;124
21;37.085092306137085;10;324.92822265625;54.4375;[  0   4   6  15  34  36  38  39  62 130];164;175;13.155237913131714;217
22;58.09558606147766;10;324.458984375;197.03857421875;[  0   4   6  15  34  36  38  39  62 130];196;273;23.54742121696472;392
23;91.36191725730896;10;324.21142578125;218.771484375;[  0   4   6  15  34  36  38  39  62 130];314;430;39.92529296875;665
24;145.7124252319336;10;324.0528564453125;225.56976318359375;[  0   4   6  15  34  36  38  39  62 130];530;695;65.65962600708008;1095
25;232.76274514198303;10;323.9495315551758;246.87835693359375;[  0   4   6  15  34  36  38  39  62 130];796;1093;107.53792333602905;1790
26;372.9485423564911;10;323.88286209106445;256.76586151123047;[  0   4   6  15  34  36  38  39  62 130];1188;1687;173.8356204032898;2883
27;598.5310101509094;10;323.83488273620605;271.29908752441406;[  0   4   6  15  34  36  38  39  62 130];1780;2577;276.4296977519989;4570
28;954.0383942127228;10;323.80011653900146;273.5069980621338;[  0   4   6  15  34  36  38  39  62 130];2576;3865;433.8929989337921;7147
29;1497.8373670578003;10;323.77485871315;286.25900745391846;[  0   4   6  15  34  36  38  39  62 130];3586;5658;670.4799447059631;11012
30;2433.941876411438;10;323.7552697658539;292.3863334655762;[  0   4   6  15  34  36  38  39  62 130];4846;8081;1018.1504535675049;16670
1;0.42411184310913086;10;471.0;0;[  0   1   4  15  21  34  37  39 110 130];1;1;0;0
2;0.8759739398956299;10;416.0;0.0;[  4  15  34  37  47  62  79  87 110 130];1;1;0;0
3;1.3112108707427979;10;332.0;0.0;[  0   4  15  34  37  38  39  47 110 123];1;1;0;0
4;1.7495837211608887;10;332.0;0.0;[  0   1   4  21  38  39  47 110 124 130];1;1;0;0
5;2.1878697872161865;10;332.0;0.0;[  0   1   4  21  38  39  62  83 110 130];1;1;0;0
6;2.629861831665039;10;332.0;0.0;[  0   1   4  15  21  35  38  39  62 130];1;1;0;0
7;3.242090940475464;10;332.0;0.0;[  0   1   4  15  21  35  38  39  62 130];2;2;0.1191411018371582;1
8;4.032355070114136;10;332.0;0.0;[  0   1   4  21  34  36  38  39  62 130];4;4;0.34638381004333496;3
9;4.479290723800659;10;332.0;0.0;[  0   1   4  15  34  36  38  39  47 130];4;4;0.34638381004333496;3
10;4.937595844268799;10;332.0;0.0;[  0   1   4  34  36  38  39  62  89 130];4;4;0.34638381004333496;3
11;5.399025917053223;10;332.0;0.0;[  0   1   4  15  34  36  38  39  79 130];4;4;0.34638381004333496;3
12;5.849130868911743;10;331.75;0.0;[  0   1   4  15  34  38  39  79  94 130];4;4;0.34638381004333496;3
13;7.099088907241821;10;331.5;0.0;[  0   1   4  34  38  39  79  89  94 130];8;8;0.8508679866790771;7
14;9.097960948944092;10;329.78125;0.0;[  0   4  15  21  35  36  38  39  62 130];16;16;1.7766425609588623;15
15;9.59528398513794;10;329.71875;0.0;[  0   4   6  15  21  36  38  39  62 130];16;16;1.7766425609588623;15
16;13.094658851623535;10;329.6875;0.0;[  0   2   4  24  34  36  38  39  62 130];32;32;3.590895175933838;31
17;19.724482774734497;10;327.79296875;0.0;[  0   4   6  15  34  36  38  39  62 130];64;64;7.244201183319092;63
18;20.3290376663208;10;327.53515625;0.0;[  0   4  15  34  35  36  38  39  62 130];64;64;7.244201183319092;63
19;20.955644845962524;10;327.16796875;0.0;[  0   4   6  15  34  36  38  39  62 130];64;64;7.244201183319092;63
20;32.083942890167236;10;325.8623046875;162.4921875;[  0   4   6  15  21  36  38  39  62 130];64;96;14.545477628707886;127
21;50.632745027542114;10;324.92822265625;64.5087890625;[  0   4   6  15  34  36  38  39  62 130];162;177;25.400579690933228;223
22;81.49969291687012;10;324.458984375;198.19677734375;[  0   4   6  15  34  36  38  39  62 130];194;274;45.44525742530823;400
23;130.15738081932068;10;324.21038818359375;215.123291015625;[  0   4   6  15  34  36  38  39  62 130];322;435;76.24600958824158;674
24;208.4013466835022;10;324.05503845214844;231.48980712890625;[  0   4   6  15  34  36  38  39  62 130];510;690;125.39672493934631;1109
25;335.7088279724121;10;323.94991302490234;238.7243194580078;[  0   4   6  15  34  36  38  39  62 130];838;1109;203.69836282730103;1799
26;542.8884847164154;10;323.88017654418945;259.53699493408203;[  0   4   6  15  34  36  38  39  62 130];1238;1728;330.31368041038513;2908
27;873.5299520492554;10;323.8306407928467;267.3706283569336;[  0   4   6  15  34  36  38  39  62 130];1826;2641;528.266387462616;4636
28;1388.146202802658;10;323.7946548461914;279.95577812194824;[  0   4   6  15  34  36  38  39  62 130];2654;3968;831.0503268241882;7277
29;2179.8651809692383;10;323.7678174972534;283.42486476898193;[  0   4   6  15  34  36  38  39  62 130];3654;5795;1287.4289622306824;11245
30;3465.8871150016785;10;323.7502884864807;296.6274209022522;[  0   4   6  15  34  36  38  39  62 130];4958;8274;1955.909803390503;17040
I;1;0.40046095848083496;10;471.0;0;[  0   1   4  15  21  34  37  39 110 130];1;1;0;0
I;2;0.8210558891296387;10;416.0;0;[  4  15  34  37  47  62  79  87 110 130];1;1;0;0
I;3;1.2359740734100342;10;332.0;0;[  0   4  15  34  37  38  39  47 110 123];1;1;0;0
I;4;1.6545159816741943;10;332.0;0;[  0   1   4  21  38  39  47 110 124 130];1;1;0;0
I;5;2.0651609897613525;10;332.0;0;[  0   1   4  21  38  39  62  83 110 130];1;1;0;0
I;6;2.489734172821045;10;332.0;0;[  0   1   4  15  21  35  38  39  62 130];1;1;0;0
I;7;3.1025471687316895;10;332.0;263.5;[  0   1   4  15  21  35  38  39  62 130];2;2;0.11759591102600098;1
I;8;3.8949191570281982;10;332.0;272.875;[  0   1   4  21  34  36  38  39  62 130];4;4;0.34213781356811523;3
I;9;4.3185389041900635;10;332.0;272.875;[  0   1   4  15  34  36  38  39  47 130];4;4;0.34213781356811523;3
I;10;4.7623138427734375;10;332.0;272.875;[  0   1   4  34  36  38  39  62  89 130];4;4;0.34213781356811523;3
I;11;5.188498020172119;10;332.0;272.875;[  0   1   4  15  34  36  38  39  79 130];4;4;0.34213781356811523;3
I;12;5.6184868812561035;10;331.75;272.875;[  0   1   4  15  34  38  39  79  94 130];4;4;0.34213781356811523;3
I;13;6.9928297996521;10;331.5;284.5;[  0   1   4  34  38  39  79  89  94 130];8;8;0.849907636642456;7
I;14;9.233138799667358;10;329.78125;292.53125;[  0   4  15  21  35  36  38  39  62 130];16;16;1.7685754299163818;15
I;15;9.711368083953857;10;329.71875;292.53125;[  0   4   6  15  21  36  38  39  62 130];16;16;1.7685754299163818;15
I;16;13.66609001159668;10;329.6875;300.34375;[  0   2   4  24  34  36  38  39  62 130];30;31;3.5726211071014404;31
I;17;21.18859601020813;10;327.79296875;307.3359375;[  0   4   6  15  34  36  38  39  62 130];62;62;7.109804630279541;62
I;18;21.759140014648438;10;327.53515625;307.3359375;[  0   4  15  34  35  36  38  39  62 130];62;62;7.109804630279541;62
I;19;22.363009929656982;10;327.16796875;307.3359375;[  0   4   6  15  34  36  38  39  62 130];62;62;7.109804630279541;62
I;20;34.05747699737549;10;325.8623046875;313.97265625;[  0   4   6  15  21  36  38  39  62 130];58;91;14.116624355316162;124
I;21;54.5179660320282;10;324.92822265625;313.97265625;[  0   4   6  15  34  36  38  39  62 130];158;170;24.355043649673462;215
I;22;87.69325089454651;10;324.458984375;316.43994140625;[  0   4   6  15  34  36  38  39  62 130];190;265;43.53160881996155;385
I;23;126.80466103553772;10;324.21246337890625;317.14141845703125;[  0   4   6  15  34  36  38  39  62 130];294;412;65.04166793823242;575
I;24;190.00198197364807;10;324.0567321777344;317.6889953613281;[  0   4   6  15  34  36  38  39  62 130];488;656;98.42434239387512;869
I;25;291.9304711818695;10;323.95494079589844;318.06390380859375;[  0   4   6  15  34  36  38  39  62 130];742;1027;153.9080512523651;1357
I;26;449.7963991165161;10;323.8901252746582;318.31510162353516;[  0   4   6  15  34  36  38  39  62 130];1090;1572;238.46794819831848;2099
I;27;693.1225030422211;10;323.8458061218262;318.4816703796387;[  0   4   6  15  34  36  38  39  62 130];1574;2359;362.9717803001404;3189
I;28;1049.2796049118042;10;323.8162212371826;318.5843515396118;[  0   4   6  15  34  36  38  39  62 130];2164;3441;542.898681640625;4763
I;29;1555.1707298755646;10;323.7967436313629;318.64671206474304;[  0   4   6  15  34  36  38  39  62 130];2882;4882;791.1448929309845;6927
I;30;2307.4922211170197;10;323.78506350517273;318.6820892095566;[  0   4   6  15  34  36  38  39  62 130];3640;6702;1122.5920250415802;9809
I;31;3293.1059849262238;10;323.7783816456795;318.70166367292404;[  0   4   6  15  34  36  38  39  62 130];4458;8931;1542.1511611938477;13449
