I;1;0.0010840892791748047;10;1000000.0;0;[0 1 2 3 4 5 6 7 8 9];1;1;0;0;0
I;2;0.018867969512939453;10;190.0;0;[  0   1   2   3   4   5   6  64  87 239];1;1;0;0;0
I;3;0.0363001823425293;10;190.0;0;[  0   1   2  60  63  64  87 224 239 346];1;1;0;0;0
I;4;0.1917271614074707;10;190.0;155.92301038062283;[  1  60  64  87 239 301 387 388 389 394];2;2;1;1;0.004059791564941406
I;5;0.21269607543945312;10;190.0;155.92301038062283;[  0   1  60  64  87 224 239 315 386 394];2;2;1;1;0.004059791564941406
I;6;0.23449134826660156;10;190.0;155.92301038062283;[  0   1  60  64  87 239 301 314 324 394];2;2;1;1;0.004059791564941406
I;7;0.2555840015411377;10;190.0;155.92301038062283;[  0   1  60  64  87 224 239 301 314 324];2;2;1;1;0.004059791564941406
I;8;0.27734994888305664;10;190.0;155.92301038062283;[  1  60  64  87 224 239 261 314 324 394];2;2;1;1;0.004059791564941406
I;9;0.30034518241882324;10;190.0;155.92301038062283;[  1  60  64  87 239 261 314 315 324 358];2;2;1;1;0.004059791564941406
I;10;0.3239021301269531;10;190.0;155.92301038062283;[  0   1  60  64  68  87 239 261 315 324];2;2;1;1;0.004059791564941406
I;11;0.3459641933441162;10;190.0;155.92301038062283;[  0   1  60  64  68  87 239 301 314 315];2;2;1;1;0.004059791564941406
I;12;0.3681800365447998;10;190.0;155.92301038062283;[  0   1  60  64  68  87 239 314 346 358];2;2;1;1;0.004059791564941406
I;13;0.6599330902099609;10;190.0;175.67978662053056;[  0   1  60  64  68  87 239 301 314 346];4;4;3;3;0.011066913604736328
I;14;1.257399082183838;10;190.0;185.6022859750536;[  0   1  64  87 200 224 239 301 314 346];8;8;7;6;0.04836106300354004
I;15;1.2962391376495361;10;190.0;185.6022859750536;[  1  60  64  87 224 239 261 301 314 346];8;8;7;6;0.04836106300354004
I;16;1.3343400955200195;10;190.0;185.6022859750536;[  1  64  68  87 224 239 261 301 324 346];8;8;7;6;0.04836106300354004
I;17;1.3703420162200928;10;189.99138901291067;185.6022859750536;[  1  64  68  87 224 239 261 301 324 346];8;8;7;6;0.04836106300354004
I;18;2.492335319519043;10;189.99138901291067;185.6022859750536;[  1  64  68  87 193 224 239 261 301 346];16;16;15;10;0.07620620727539062
I;19;2.5517661571502686;10;189.90920908211484;185.6022859750536;[  1  64  70  87 224 239 261 313 314 346];16;16;15;10;0.07620620727539062
I;20;2.6113150119781494;10;189.90920908211484;185.6022859750536;[  1  64  87 224 239 261 301 313 314 346];16;16;15;10;0.07620620727539062
C;20;4.628210067749023;10;189.90920908211484;188.28963162933726;[  1  64  87 224 239 261 301 313 314 346];0;30;29;24;0.12712359428405762
