I;1;0.004840373992919922;10;1000000.0;0;[0 1 2 3 4 5 6 7 8 9];1;1;0;0;0
I;2;0.013199090957641602;10;318.0;0;[  0   1   2   3  31  54  82  86  93 109];1;1;0;0;0
I;3;0.023563146591186523;10;318.0;0;[  0  30  31  40  46  54  82  86  93 109];1;1;0;0;0
I;4;0.03251504898071289;10;302.0;0;[  0  30  31  46  51  53  54  82  93 109];1;1;0;0;0
I;5;0.042493343353271484;10;298.0;0;[  0  30  31  40  51  53  54  59  82 109];1;1;0;0;0
I;6;0.05162215232849121;10;291.0;0;[  0  30  31  46  51  53  54  59  82 109];1;1;0;0;0
I;7;0.11626601219177246;10;284.0;274.8095238095238;[  0   2  30  31  46  51  53  54  82 109];2;2;0;0;0
I;8;0.23443031311035156;10;283.0;277.99047619047616;[  0   2  30  31  46  51  54  64  82 109];4;4;0;0;0
I;9;0.2489643096923828;10;282.6702380952381;277.99047619047616;[  0  30  31  46  51  53  54  82  93 109];4;4;0;0;0
I;10;0.26520442962646484;10;282.427380952381;277.99047619047616;[  0   2  30  31  46  51  54  67  82 109];4;4;0;0;0
I;11;0.2818942070007324;10;282.3702380952381;277.99047619047616;[  0   2  31  40  46  51  53  54  82 109];4;4;0;0;0
I;12;0.3886451721191406;10;282.1913095238095;278.4079761904762;[  0   2  30  31  46  51  53  54  82 109];5;5;0;0;0
I;13;0.5124051570892334;10;282.1952380952381;278.52626785714284;[  0  30  31  46  51  53  54  59  82 109];6;6;0;0;0
I;14;0.6532082557678223;10;282.1599970238101;278.52626785714284;[  0   2  31  40  46  51  53  54  82 109];7;7;0;0;0
I;15;0.8373770713806152;10;282.1599970238101;279.0381726190476;[  0   2  31  40  46  51  53  54  82 109];9;9;0;0;0
I;16;1.039053201675415;10;282.05484887566126;279.08417493386236;[  0   2  31  40  46  51  53  54  82 109];10;10;0;0;0
C;16;1.2286860942840576;10;282.05484887566126;279.3141865079364;[  0   2  31  40  46  51  53  54  82 109];0;11;0;0;0
