I;1;0.004642963409423828;10;1000000.0;0;[0 1 2 3 4 5 6 7 8 9];1;1;0;0;0
I;2;0.015684127807617188;10;337.0;0;[  0   1   2   3   4   5  75  95 130 145];1;1;0;0;0
I;3;0.024829864501953125;10;337.0;0;[  0   1   2   3  75  93  95 111 130 145];1;1;0;0;0
I;4;0.03446388244628906;10;337.0;0;[  1  74  75  93  95 111 130 135 136 145];1;1;0;0;0
I;5;0.043023109436035156;10;337.0;0;[  0   1  10  61  75  93  95 111 130 145];1;1;0;0;0
I;6;0.05222487449645996;10;337.0;0;[  0   1  29  74  75  93  95 111 130 145];1;1;0;0;0
I;7;0.1211998462677002;10;337.0;277.0;[  1  10  74  75  93  95 111 121 130 145];1;2;0;0;0.0008997917175292969
I;8;0.37700700759887695;10;335.0;286.5;[  1  29  74  75  86  93  95 111 130 145];2;6;0;0;0.0042765140533447266
I;9;1.5470268726348877;10;330.75;306.4375;[  1  63  75  86  93  95 111 121 130 145];6;24;0;0;0.0194394588470459
I;10;1.591188907623291;10;329.53125;306.4375;[  0   1  75  86  93  95 111 121 130 145];24;24;0;0;0.0194394588470459
I;11;1.6352660655975342;10;329.25;306.4375;[  1  63  75  86  93  95 111 121 130 145];24;24;0;0;0.0194394588470459
I;12;4.16270899772644;10;328.5390625;314.140625;[  1  63  75  86  93  95 111 121 130 145];24;64;0;0;0.05206584930419922
I;13;4.574654817581177;10;328.1640625;314.28125;[  1  63  75  86  93  95 111 121 130 145];24;70;0;0;0.057007789611816406
I;14;6.275310039520264;10;327.85546875;315.59375;[  1  63  75  86  93  95 111 121 130 145];24;97;0;0;0.07895350456237793
I;15;6.893818140029907;10;327.771484375;316.25;[  1  63  75  86  93  95 111 121 130 145];24;106;0;0;0.08601498603820801
I;16;7.812145948410034;10;327.560546875;316.64453125;[  1  63  75  86  93  95 111 121 130 145];24;120;0;0;0.09712886810302734
I;17;9.276373863220215;10;327.3515625;316.982421875;[  1  63  75  86  93  95 111 121 130 145];24;143;0;0;0.11557912826538086
I;18;11.07551097869873;10;327.134765625;317.70703125;[  1  63  75  86  93  95 111 121 130 145];24;171;0;0;0.13784170150756836
I;19;12.366383790969849;10;327.0986328125;318.0966796875;[  1  63  75  86  93  95 111 121 130 145];24;190;0;0;0.15367770195007324
I;20;13.35054087638855;10;326.8876953125;318.2373046875;[  1  63  75  86  93  95 111 121 130 145];24;205;0;0;0.16551566123962402
I;21;14.187983989715576;10;326.7666015625;318.3037109375;[  1  63  75  86  93  95 111 121 130 145];24;216;0;0;0.1753392219543457
I;22;14.598798036575317;10;326.740234375;318.3232421875;[  1  63  75  86  93  95 111 121 130 145];24;221;0;0;0.1793067455291748
I;23;17.603952884674072;10;326.56640625;318.94140625;[  1  63  75  86  93  95 111 121 130 145];24;268;0;0;0.21695184707641602
I;24;20.38228702545166;10;326.4970703125;319.337890625;[  1  63  75  86  93  95 111 121 130 145];24;311;0;0;0.2527506351470947
I;25;20.750908851623535;10;326.4638671875;319.380859375;[  1  63  75  86  93  95 111 121 130 145];24;315;0;0;0.25614356994628906
I;26;22.15823197364807;10;326.33203125;319.4931640625;[  1  63  75  86  93  95 111 121 130 145];24;336;0;0;0.2726294994354248
I;27;27.660037755966187;10;326.25;320.04638671875;[  1  63  75  86  93  95 103 111 130 145];24;419;0;0;0.33977818489074707
I;28;28.314167976379395;10;326.170166015625;320.04638671875;[  1  63  75  86  93  95 111 121 130 145];419;419;0;0;0.33977818489074707
I;29;33.59241700172424;10;326.084228515625;320.363525390625;[  1  63  75  86  93  95 111 121 130 145];419;493;0;0;0.4026224613189697
I;30;34.641711711883545;10;326.0634765625;320.390380859375;[  1  63  75  86  93  95 111 121 130 145];419;498;0;0;0.40685296058654785
I;31;35.77015805244446;10;326.06103515625;320.433349609375;[  1  63  75  86  93  95 111 121 130 145];419;505;0;0;0.4127078056335449
I;32;38.21037483215332;10;325.98193359375;320.51904296875;[  1  63  75  86  93  95 111 121 130 145];419;534;0;0;0.4370079040527344
I;33;40.02545690536499;10;325.975830078125;320.5828857421875;[  1  63  75  86  93  95 111 121 130 145];419;548;0;0;0.4488241672515869
I;34;42.89222979545593;10;325.943115234375;320.7200927734375;[  1  63  75  86  93  95 111 121 130 145];419;581;0;0;0.4763157367706299
I;35;48.23849892616272;10;325.9062500000003;320.9774169921875;[  1  74  75  86  93  95 103 111 130 145];419;656;0;0;0.5391337871551514
I;36;49.25935983657837;10;325.86218261718784;320.9774169921875;[  1  63  75  86  93  95 111 121 130 145];656;656;0;0;0.5391337871551514
I;37;58.54227876663208;10;325.7744140625;321.21844482421875;[  1  63  75  86  93  95 111 121 130 145];656;783;0;0;0.6461236476898193
I;38;60.877655029296875;10;325.76708984375;321.27752685546875;[  1  63  75  86  93  95 111 121 130 145];656;803;0;0;0.6630024909973145
I;39;64.0448899269104;10;325.73193359375;321.34539794921875;[  1  63  75  86  93  95 111 121 130 145];656;837;0;0;0.6925814151763916
I;40;71.61098289489746;10;325.69024658203125;321.54779052734375;[  1  63  75  86  93  95 111 121 130 145];656;929;0;0;0.7701694965362549
I;41;79.65415072441101;10;325.6376953125;321.7034912109375;[  1  63  75  86  93  95 111 121 130 145];656;1040;0;0;0.8648815155029297
I;42;94.74859380722046;10;325.57830810546875;321.9273376464844;[  1  63  75  86  93  95 111 121 130 145];656;1254;0;0;1.0419716835021973
I;43;98.8796558380127;10;325.5644226074219;321.98248291015625;[  1  63  75  86  93  95 111 121 130 145];656;1296;0;0;1.0769307613372803
I;44;111.99544596672058;10;325.5220031738281;322.1462707519531;[  1  63  75  86  93  95 111 121 130 145];656;1462;0;0;1.2107934951782227
I;45;122.47136092185974;10;325.4873046875;322.23651123046875;[  1  74  75  86  93  95 111 121 130 145];656;1609;0;0;1.331583023071289
C;45;125.01500272750854;10;325.4873046875;322.23651123046875;[  1  74  75  86  93  95 111 121 130 145];0;1609;0;0;1.331583023071289
