1;0.3881218433380127;10;296.0;0;[  0   1   2   3   4 154 275 309 325 332];1;1
2;0.8045690059661865;10;274.0;0.0;[  0   4   7 154 213 275 281 309 325 332];1;1
3;1.220522165298462;10;269.0;0.0;[  0   4   7  12 154 213 274 281 309 332];1;1
4;1.642287015914917;10;267.0;0.0;[  0   4  12 151 154 213 274 281 309 332];1;1
5;2.0632100105285645;10;261.0;0.0;[  0   4  12 154 161 213 274 281 309 332];1;1
6;2.5674641132354736;10;261.0;0.0;[  0   4  12 154 161 213 274 281 309 332];2;2
7;3.212405204772949;10;260.5;0.0;[  0   4  12 144 154 213 274 281 309 332];4;4
8;4.092283010482788;10;256.484375;0.0;[  1   4  12 151 154 213 274 281 309 332];8;8
9;4.574217081069946;10;253.984375;0.0;[  0   1   4  12 154 213 274 281 309 332];8;8
10;5.781891107559204;10;253.859375;63.5;[  0   1   4  12 154 213 274 281 309 332];12;14
11;7.571509122848511;10;252.796875;94.90625;[  0   4  12 144 154 213 274 281 309 332];20;24
12;10.165539264678955;10;252.19482421875;88.49609375;[  0   4  12 144 154 213 274 281 309 332];28;38
13;13.551401138305664;10;251.79296875;158.33984375;[  0   4  12 144 154 213 274 281 309 332];34;55
14;18.034072160720825;10;251.69451904296875;196.6688232421875;[  0   4  12 144 154 213 274 281 309 332];42;76
15;23.757669925689697;10;251.5701141357422;218.9566650390625;[  0   4  12 144 154 213 274 281 309 332];52;102
16;30.753600120544434;10;251.53723907470703;233.9167022705078;[  0   4  12 144 154 213 274 281 309 332];56;130
17;39.06539511680603;10;251.5208511352539;241.2016143798828;[  0   4  12 144 154 213 274 281 309 332];60;160
18;48.7163941860199;10;251.50955867767334;245.8941650390625;[  0   4  12 144 154 213 274 281 309 332];64;192
19;59.9266140460968;10;251.50571990013123;248.41269969940186;[  0   4  12 144 154 213 274 281 309 332];66;225
20;72.01263999938965;10;251.50476896762848;249.8334608078003;[  0   4  12 144 154 213 274 281 309 332];60;255
21;85.1627049446106;10;251.5040084719658;250.4829297065735;[  0   4  12 144 154 213 274 281 309 332];56;283
22;98.90268802642822;10;251.503796428442;250.83284783363342;[  0   4  12 144 154 213 274 281 309 332];48;307
23;113.28190898895264;10;251.50374901294708;250.9879543185234;[  0   4  12 144 154 213 274 281 309 332];42;328
24;129.16428017616272;10;251.50370690971613;251.0171273946762;[  0   4  12 144 154 213 274 281 309 332];54;355
25;145.83416986465454;10;251.503690097481;251.04835703969002;[  0   4  12 144 154 213 274 281 309 332];44;377
26;162.2217140197754;10;251.5036838473752;251.06441894173622;[  0   4  12 144 154 213 274 281 309 332];22;388
27;178.18925023078918;10;251.50368310231715;251.06927578058094;[  0   4  12 144 154 213 274 281 309 332];4;390
-1;;192.8564600944519;10;251.50368310231715;251.06978164520115;[  0   4  12 144 154 213 274 281 309 332];0;390
