1;0.3847947120666504;10;260.0;0;[  0   1   2  55 105 130 182 211 250 375];1;1
2;0.7926008701324463;10;260.0;0.0;[  0  55 103 105 130 182 211 250 328 375];1;1
3;1.210256814956665;10;258.0;0.0;[  0   5  55 103 130 182 211 250 328 375];1;1
4;1.6263368129730225;10;254.0;0.0;[  0   5  55 103 104 182 211 250 328 375];1;1
5;2.043318748474121;10;254.0;0.0;[  0  55 103 104 182 211 250 328 345 375];1;1
6;2.4505698680877686;10;249.0;0.0;[  0   5  55 103 104 182 211 222 328 375];1;1
7;2.9874277114868164;10;249.0;0.0;[  0   5  55 103 104 182 211 222 328 375];2;2
8;3.6712088584899902;10;244.375;0.0;[  0   5  55 103 104 130 182 222 328 375];4;4
9;4.6682517528533936;10;240.0625;0.0;[  0   5  55 103 104 182 222 233 328 375];8;8
10;6.199872016906738;10;236.875;30.25;[  0   5  55 101 103 182 222 250 328 375];14;15
11;6.802418947219849;10;236.0;30.25;[  0   5  55 103 104 182 222 233 328 375];15;15
12;9.355381727218628;10;234.53515625;60.5;[  0   5  55 103 104 182 222 233 328 375];24;27
13;13.426520824432373;10;233.611328125;89.94921875;[  0   5  55 103 104 182 222 233 328 375];40;47
14;19.85867190361023;10;233.224365234375;118.55859375;[  0   5  55 103 104 182 222 233 328 375];64;79
15;29.673041820526123;10;232.9522705078125;146.6708984375;[  0   5  55  91 104 182 222 233 328 375];96;127
16;31.13529682159424;10;232.9522705078125;146.6708984375;[  0   5  55 103 104 182 222 233 328 375];127;127
17;46.33629870414734;10;232.7783203125;167.774169921875;[  0   5  55 103 104 182 222 233 328 375];144;199
18;68.93808579444885;10;232.67739868164062;184.6917724609375;[  0   5  55  91 103 104 182 222 233 375];210;304
19;72.41597962379456;10;232.67739868164062;184.6917724609375;[  0   5  55 103 104 182 222 233 328 375];304;304
20;106.8560938835144;10;232.60767364501953;197.85470581054688;[  0   5  55 103 104 182 222 233 328 375];300;454
21;156.2445867061615;10;232.56842422485352;208.04063415527344;[  0   5  55 103 104 182 222 250 328 375];416;662
22;160.10156178474426;10;232.56542587280273;208.04063415527344;[  0   5  55 103 104 182 222 233 328 375];662;662
23;231.58263564109802;10;232.5415267944336;215.53589248657227;[  0   5  55 103 104 182 222 233 328 375];564;944
24;331.432110786438;10;232.52855396270752;220.74875259399414;[  0   5  55 103 104 182 222 233 328 375];756;1322
25;467.5747106075287;10;232.5211684703827;224.3895206451416;[  0   5  55 103 104 182 222 233 328 375];990;1817
26;657.1680719852448;10;232.51695585250854;226.84815454483032;[  0   5  55 103 104 182 222 233 328 375];1272;2453
27;909.6898560523987;10;232.51455104351044;228.50687456130981;[  0   5  55 103 104 182 222 233 328 375];1586;3246
28;1234.7608766555786;10;232.51311060786247;229.6413556933403;[  0   5  55 103 104 182 222 233 328 375];1856;4174
28;1581.410454750061;10;232.51311060786247;230.39798706769943;[  0   5  55 103 104 182 222 233 328 375];0;5148
