1;0.38153982162475586;10;371.0;0;[  0   1   2   3   4  35  96 122 135 136];1;1
2;0.7839949131011963;10;317.0;0.0;[  0   1   2  35  38  83  96 122 135 136];1;1
3;1.1915218830108643;10;317.0;0.0;[  2  35  38  48  60  83  96 122 135 136];1;1
4;1.598336935043335;10;309.0;0.0;[  1   2  38  48  60  78  83  96 135 136];1;1
5;2.0055699348449707;10;298.0;0.0;[  1   2   4  38  48  54  78  96 122 135];1;1
6;2.415043830871582;10;290.0;0.0;[  1   2  38  48  49  54  78  96 122 135];1;1
7;2.823211908340454;10;283.0;0.0;[  1   2   4  38  48  49  59  96 122 135];1;1
8;3.2304348945617676;10;283.0;0.0;[  1   2   4  38  49  59  60  96 122 135];1;1
9;3.638730049133301;10;283.0;0.0;[  1   2   4  35  37  38  59  60  96 122];1;1
10;4.047936916351318;10;281.0;0.0;[  1   2   4  37  38  53  60  96 122 135];1;1
11;4.555624961853027;10;267.5;0.0;[  1   2   4  15  33  38  88  96 122 136];2;2
12;4.9677019119262695;10;266.5;0.0;[  1   2   4  33  38  88  96 104 122 136];2;2
13;5.5992279052734375;10;265.0;0.0;[  1   2   4  33  38  48  49  96 122 135];4;4
14;6.355712175369263;10;263.3125;67.75;[  1   2   4  37  38  53  60  96 122 136];6;7
15;7.310451030731201;10;263.0625;57.75;[  1   2   4  35  37  38  53  60  96 122];10;12
16;8.533180952072144;10;262.640625;143.578125;[  1   2   4  33  48  49  83  96 122 135];14;19
17;9.031965970993042;10;262.58984375;143.578125;[  1   2   4  37  38  53  60  96 122 135];19;19
18;10.736488103866577;10;262.294921875;168.4140625;[  1   2   4  35  37  38  60  73  96 122];22;30
19;12.992302894592285;10;262.234375;197.708984375;[  1   2   4  33  38  48  49  96 122 136];30;45
20;15.902874946594238;10;262.150390625;161.1328125;[  1   2   4  37  38  59  60  96 122 136];36;63
21;19.72643804550171;10;262.061767578125;222.12353515625;[  1   2   4  37  38  59  60  96 122 135];48;87
22;24.451499938964844;10;262.028564453125;239.38525390625;[  1   2   4  37  38  59  60  96 122 135];56;115
23;30.21189594268799;10;262.00634765625;248.1790771484375;[  1   2   4  35  37  38  60  73  96 122];70;150
24;37.54563903808594;10;261.99957275390625;252.62380981445312;[  1   2   4  35  37  38  53  60  96 122];90;195
25;47.46931791305542;10;261.9932632446289;255.171875;[  1   2   4  37  38  53  60  96 122 135];128;259
26;59.763789892196655;10;261.99107360839844;257.55163955688477;[  1   2   4  37  38  59  60  96 122 135];152;335
26;71.23382210731506;10;261.99107360839844;259.51359367370605;[  1   2   4  37  38  59  60  96 122 135];0;403
