1;0.4032480716705322;10;252.0;0;[  0   1   2   3   4 104 129 138 315 339];1;1;0;0
2;0.8203611373901367;10;216.0;0.0;[  0   1   2 104 129 138 174 212 315 339];1;1;0;0
3;1.4478490352630615;10;216.0;0.0;[  0   1   2 104 129 138 174 212 315 339];2;2;0.14362525939941406;1
4;2.354883909225464;10;214.75;0.0;[  0   1 104 129 138 172 174 212 315 339];4;4;0.4717860221862793;3
5;3.59761905670166;10;214.75;54.0;[  0   1 104 129 138 172 174 212 315 339];6;7;1.0221688747406006;7
6;5.448446989059448;10;213.875;108.0;[  0   1 104 129 138 172 174 212 315 339];8;11;1.994823694229126;14
7;8.07958698272705;10;213.4375;147.78125;[  0   1 104 129 138 172 174 212 315 339];10;16;3.52301025390625;25
8;11.750502109527588;10;213.203125;154.203125;[  0   1 104 129 138 172 174 212 315 339];16;24;5.7396626472473145;41
9;17.012953996658325;10;212.947265625;173.6171875;[  0   1 104 129 138 172 174 212 315 339];22;35;9.055503606796265;65
10;24.53054904937744;10;212.9287109375;188.22265625;[  0   1 104 129 138 172 174 212 315 339];28;49;14.006558179855347;100
11;34.94736909866333;10;212.916748046875;193.0439453125;[  0   1 104 138 172 174 178 212 315 339];42;70;20.890632152557373;149
12;49.02449607849121;10;212.9132080078125;202.488525390625;[  0   1 104 138 172 174 178 212 315 339];42;91;30.45531439781189;219
13;67.38402390480042;10;212.907470703125;204.3726806640625;[  0   1 104 138 172 174 178 212 315 339];66;124;42.84145450592041;310
14;92.46008396148682;10;212.90283203125;206.32611083984375;[  0   1 104 138 172 174 178 212 315 339];94;171;59.96730899810791;434
15;126.22752404212952;10;212.90017700195312;208.27120971679688;[  0   1 104 138 172 174 178 212 315 339];116;229;83.31151056289673;605
16;170.9284861087799;10;212.8982162475586;209.556640625;[  0   1 104 138 172 174 178 212 315 339];138;298;114.64711236953735;834
17;227.8521499633789;10;212.89719772338867;210.61502838134766;[  0   1 104 138 172 174 178 212 315 339];132;364;155.3529052734375;1132
17;296.0126140117645;10;212.89719772338867;211.02972793579102;[  0   1 104 138 172 174 178 212 315 339];0;430;205.14273762702942;1496
