1;0.3763890266418457;10;246.0;0;[  0   1   2   3   4   5 151 154 180 189];1;1
2;0.7845427989959717;10;186.0;0.0;[  0   1   2   3  53 151 154 180 189 350];1;1
3;1.1859467029571533;10;177.0;0.0;[  0   1   3  53 151 154 180 189 342 350];1;1
4;1.597625970840454;10;176.0;0.0;[  0   1  14  24  53 151 154 180 342 350];1;1
5;2.012199878692627;10;175.0;0.0;[  0   1   3  14  24  53 151 154 342 350];1;1
6;2.4184670448303223;10;172.0;0.0;[  1   3  14  24  53 151 180 189 342 350];1;1
7;2.972235918045044;10;172.0;0.0;[  1   3  14  24  53 151 154 156 342 350];2;2
8;3.3976528644561768;10;170.0;0.0;[  0   1   3  14  53 151 156 180 342 350];2;2
9;4.095257043838501;10;170.0;0.0;[  0   1   3  14  53 151 156 180 342 350];4;4
10;5.098224878311157;10;170.0;0.0;[  0   1   3  14  53 151 156 180 342 350];8;8
11;6.761972904205322;10;169.0;0.0;[  3  14  24  53 151 161 180 235 342 350];16;16
12;9.694517850875854;10;168.8515625;0.0;[  3  14  24  53 151 156 161 180 342 350];32;32
13;10.2259681224823;10;168.3046875;0.0;[  3  14  24  53 151 156 161 180 342 350];32;32
14;15.884588956832886;10;168.140625;0.0;[  0   3  14  53 151 161 180 262 342 350];64;64
15;26.77229905128479;10;167.546875;2.609375;[  0   3  14  53 151 156 161 180 342 350];126;127
16;27.56775999069214;10;167.29296875;2.609375;[  0   3  14  53 151 161 180 262 342 350];127;127
17;48.26175785064697;10;166.7294921875;9.1328125;[  0   3  14  53 151 156 161 180 342 350];242;248
18;49.21323013305664;10;166.689453125;9.1328125;[  0   3  14  53 151 161 180 262 342 350];248;248
19;87.15539598464966;10;166.238525390625;26.349609375;[  0   3  14  53 151 161 180 262 342 350];430;463
20;154.3947148323059;10;165.89111328125;44.6171875;[  3  14  53 151 156 161 180 270 342 350];746;836
21;157.07191586494446;10;165.79150390625;44.6171875;[  3  14  53 151 156 157 161 180 342 350];836;836
22;283.0348610877991;10;165.66375732421875;43.594970703125;[  0   3  14  53 151 161 180 262 342 350];1334;1503
23;487.825355052948;10;165.45716857910156;80.59844970703125;[  3  14  53 151 157 161 180 262 342 350];1980;2493
24;497.2146899700165;10;165.45606994628906;80.59844970703125;[  3  14  53 151 161 180 262 270 342 350];2493;2493
25;814.2196068763733;10;165.34713745117188;103.7916259765625;[  3  14  53 151 161 180 262 270 342 350];2744;3865
26;1320.1085000038147;10;165.2726936340332;119.27460479736328;[  3  14  53 151 161 180 262 270 342 350];4100;5915
27;2125.4521300792694;10;165.2248878479004;131.5038604736328;[  3  14  53 151 161 180 262 270 342 350];5996;8913
28;3398.4054667949677;10;165.2046661376953;141.6036615371704;[  3  14  53 151 156 161 180 262 342 350];8384;13105
29;3440.0953121185303;10;165.20275497436523;141.6036615371704;[  3  14  53 151 156 161 180 262 342 350];13105;13105
