1;0.37869906425476074;10;323.0;0;[  0   1   2   3   4   5 103 118 182 351];1;1
2;0.7876050472259521;10;298.0;0.0;[  0   1   2   3 103 118 165 182 184 351];1;1
3;1.1978271007537842;10;298.0;0.0;[  0 103 118 165 182 184 254 345 346 351];1;1
4;1.6131179332733154;10;298.0;0.0;[  0 103 118 165 182 184 254 268 349 351];1;1
5;2.130527973175049;10;298.0;0.0;[  0  75 103 118 165 182 184 254 268 351];2;2
6;2.7502501010894775;10;281.0;0.0;[  0  75 100 103 118 182 184 254 268 351];4;4
7;3.5830509662628174;10;280.8125;0.0;[  0  75 100 103 118 182 184 254 268 351];8;8
8;4.8035500049591064;10;277.515625;29.875;[  0  75 100 103 118 182 184 234 254 351];14;15
9;6.842268228530884;10;276.125;0.0;[  0  75 100 103 118 182 184 254 268 351];30;30
10;10.124619007110596;10;274.94921875;66.671875;[  0  75 100 103 118 182 184 254 268 351];46;53
11;15.747220993041992;10;273.876953125;84.77734375;[  0  75 100 103 118 182 184 254 268 351];82;94
12;25.387216091156006;10;273.2939453125;106.3125;[  0  75 100 103 118 182 184 254 268 351];142;165
13;41.997926235198975;10;272.994873046875;126.62548828125;[  0  75 100 103 118 182 184 254 268 351];246;288
14;70.35181593894958;10;272.8385009765625;147.88818359375;[  0  75 100 103 118 182 184 254 268 351];416;496
15;118.30707621574402;10;272.7277526855469;169.25244140625;[  0  75 100 103 118 182 184 254 268 351];686;839
16;197.13693594932556;10;272.65185546875;190.7369384765625;[  0  75 100 103 118 182 184 234 254 351];1082;1380
17;199.9885060787201;10;272.65185546875;190.7369384765625;[  0  75 100 103 118 182 184 254 268 351];1380;1380
18;326.20943212509155;10;272.59692001342773;210.5874786376953;[  0  75 100 103 118 182 184 254 268 351];1632;2196
19;522.6531550884247;10;272.5600299835205;227.0601577758789;[  0  75 100 103 118 182 184 254 268 351];2384;3388
20;823.0237650871277;10;272.53614234924316;240.0873146057129;[  0  75 100 103 118 182 184 254 268 351];3380;5078
21;1272.7350351810455;10;272.5241825580597;249.7755422592163;[  0  75 100 103 118 182 184 254 268 351];4698;7427
22;1937.1849970817566;10;272.5168455839157;256.7721457481384;[  0  75 100 103 118 182 184 254 268 351];6424;10639
23;2914.0678782463074;10;272.5126608610153;261.7936009168625;[  0  75 100 103 118 182 184 254 268 351];8588;14933
