1;0.3893258571624756;10;226.0;0;[  0   1   2   3   4   5  38  43  59 182];1;1
2;0.7976641654968262;10;226.0;0.0;[  0   1  38  42  43  50  59  82 117 182];1;1
3;1.2130749225616455;10;226.0;0.0;[  0  38  42  43  50  59  82 182 185 234];1;1
4;1.6272521018981934;10;226.0;0.0;[  0   5  38  42  43  50  59  82 182 187];1;1
5;2.0472238063812256;10;226.0;0.0;[  0  38  43  59  82 117 158 182 185 233];1;1
6;2.461672067642212;10;226.0;0.0;[  0  38  43  59 117 158 182 185 186 187];1;1
7;2.880898952484131;10;226.0;0.0;[  0  38  43  59 117 149 158 182 185 187];1;1
8;3.377845048904419;10;226.0;0.0;[  0  38  43  59 117 149 158 182 185 187];2;2
9;3.9937028884887695;10;226.0;0.0;[  0  38  43  46  59 117 149 158 182 185];4;4
10;4.793034076690674;10;226.0;0.0;[  0  10  38  43  59 117 149 158 182 187];8;8
11;5.992834806442261;10;226.0;0.0;[  0  10  38  43  59 117 139 149 158 182];16;16
12;8.050390005111694;10;226.0;0.0;[  0  10  38  43  59 117 149 182 185 187];32;32
13;11.745195150375366;10;226.0;0.0;[  0  38  43  46  59 117 149 182 185 187];64;64
14;18.582327842712402;10;225.994140625;6.859375;[  0  38  43  46  59 117 149 182 185 187];124;126
15;30.61396098136902;10;226.0;39.501953125;[  0   5  38  43  46  59 117 140 149 182];210;231
16;39.11414313316345;10;226.0;202.966796875;[  0   5  10  38  43  50  59 117 149 182];50;256
17;51.67810583114624;10;226.0;173.03125;[  0   5  10  38  43  50  59 117 149 182];132;322
18;66.28948497772217;10;226.0;198.607421875;[  0   5  10  38  42  43  59 117 149 182];138;391
19;82.68564009666443;10;225.99917602539062;212.30072021484375;[  0   5  10  38  43  59  81 117 149 182];138;460
20;101.25633382797241;10;225.98711395263672;218.89694213867188;[  0   5  10  37  38  43  59  81 117 182];144;532
21;141.63250279426575;10;225.98614978790283;123.65682983398438;[  0   5  10  38  43  50  59 117 149 182];620;842
22;171.3417010307312;10;225.985013961792;223.93919849395752;[  0   5  10  38  43  59  81 117 149 182];168;926
23;197.0136730670929;10;225.98498821258545;225.8055248260498;[  0   5  10  38  43  59  72 117 149 182];24;938
24;222.98095297813416;10;225.98493814468384;225.86242389678955;[  0   5  10  38  43  59  81 117 149 182];24;950
25;249.5017969608307;10;225.98493456840515;225.88387298583984;[  0   5  10  38  43  59  81 117 149 182];30;965
26;276.6122031211853;10;225.9849145412445;225.9017198085785;[  0   5  10  38  43  59  72 117 149 182];30;980
27;303.4245810508728;10;225.98222595453262;225.91423285007477;[  0   5  10  37  38  43  59  72 117 182];18;989
28;305.312047958374;10;225.98213720321655;225.91423285007477;[  0   5  10  37  38  43  59  81 117 182];989;989
29;366.4806411266327;10;225.9849033355713;174.78338718414307;[  0   5  10  38  43  59  81 117 149 182];772;1375
30;403.0431377887726;10;225.98490262031555;225.92070800065994;[  0   5  10  38  43  59  81 117 149 182];6;1378
30;438.8317799568176;10;225.98490262031555;225.92160418629646;[  0   5  10  38  43  59  81 117 149 182];0;1378
