1;0.39661097526550293;10;182.0;0;[  0   1   2   3   4   5   6   7 114 212];1;1
2;0.81911301612854;10;182.0;0.0;[  0   1   2   3 112 114 141 164 203 212];1;1
2;0.8521199226379395;10;182.0;182.0;[  0   1   2   3 112 114 141 164 203 212];0;1
I;1;0.4223451614379883;10;182.0;0;[  0   1   2   3   4   5   6   7 114 212];1;1
I;2;0.8737151622772217;10;182.0;0.0;[  0   1   2   3 112 114 141 164 203 212];1;1
C;2;0.9112489223480225;10;182.0;182.0;[  0   1   2   3 112 114 141 164 203 212];0;1
I;1;0.3877079486846924;10;182.0;0;[  0   1   2   3   4   5   6   7 114 212];1;1
I;2;0.7923119068145752;10;182.0;0;[  0   1   2   3 112 114 141 164 203 212];1;1
C;2;0.8242337703704834;10;182.0;182.0;[  0   1   2   3 112 114 141 164 203 212];0;1
I;1;0.4439380168914795;10;182.0;0;[  0   1   2   3   4   5   6   7 114 212];1;1
I;2;0.8893980979919434;10;182.0;0;[  0   1   2   3 112 114 141 164 203 212];1;1
C;2;0.9217538833618164;10;182.0;182.0;[  0   1   2   3 112 114 141 164 203 212];0;1
