1;0.4056520462036133;10;405.0;0;[ 0  1  2  3  4  5  6 13 24 28];1;1
2;0.8207948207855225;10;405.0;0.0;[ 0  6 13 15 24 25 28 29 34 40];1;1
3;1.2315850257873535;10;405.0;0.0;[  0   6  13  15  24  25  28  29  34 111];1;1
4;1.642892837524414;10;405.0;0.0;[  0   6  13  24  25  28  29  31  34 111];1;1
5;2.062476873397827;10;405.0;0.0;[  0   6  13  15  24  25  28  29  31 111];1;1
6;2.4817159175872803;10;405.0;0.0;[  0   6  13  15  24  25  28  31  34 111];1;1
7;2.9375829696655273;10;405.0;0.0;[  0   6  13  15  24  25  28  31  34 111];2;2
8;3.4788169860839844;10;400.125;0.0;[  0   6  13  24  25  28  33  34 111 114];4;4
9;3.9213597774505615;10;396.875;0.0;[  0   6  13  24  25  28  29 105 111 114];4;4
10;4.664402961730957;10;392.78125;0.0;[  0   6  13  15  24  25  28  29 111 114];8;8
11;5.102574825286865;10;392.40625;0.0;[  0   6  13  24  25  28  33  34 111 114];8;8
12;5.563098907470703;10;391.90625;0.0;[  0   6  13  24  25  28  29 105 111 114];8;8
13;6.616822004318237;10;388.953125;0.0;[  0   6  13  25  28  31  33  34 111 114];16;16
14;7.086902141571045;10;388.515625;0.0;[  0   6  13  25  28  29  31  34 105 114];16;16
15;8.825545072555542;10;387.3984375;0.0;[  0   6  13  25  28  29  31  34 105 114];32;32
16;11.554131984710693;10;386.677734375;59.546875;[  0   6  13  25  28  29  31  34 105 114];54;59
17;15.980895042419434;10;386.33837890625;112.48828125;[  0   6  13  25  28  29  31  34 105 114];90;104
18;23.05601692199707;10;386.0341796875;169.1328125;[  0   6  13  25  28  29  31  34 105 114];142;175
19;34.07663011550903;10;385.8167724609375;221.802490234375;[  0   6  13  25  28  29  31  34 105 114];214;282
20;50.12646985054016;10;385.67254638671875;267.9052734375;[  0   6  13  25  28  29  31  34 105 114];306;435
21;73.26046800613403;10;385.6026306152344;304.3700866699219;[  0   6  13  25  28  29  31  34 105 114];420;645
22;105.38147306442261;10;385.55726623535156;331.4441680908203;[  0   6  13  25  28  29  31  34 105 114];556;923
23;150.90285396575928;10;385.5284481048584;349.39205169677734;[  0   6  13  25  28  29  31  34 105 114];736;1291
24;213.42962098121643;10;385.513201713562;361.8689994812012;[  0   6  13  25  28  29  31  34 105 114];950;1766
25;299.50618290901184;10;385.5034875869751;370.0921802520752;[  0   6  13  25  28  29  31  34 105 114];1212;2372
26;415.2635500431061;10;385.49783301353455;375.586980342865;[  0   6  13  25  28  29  31  34 105 114];1506;3125
27;565.0265748500824;10;385.494287610054;379.0811655521393;[  0   6  13  25  28  29  31  34 105 114];1848;4049
28;762.3692169189453;10;385.4922575354576;381.3814250230789;[  0   6  13  25  28  29  31  34 105 114];2166;5132
28;976.3815588951111;10;385.4922575354576;382.7767944931984;[  0   6  13  25  28  29  31  34 105 114];0;6371
