1;0.38808608055114746;10;306.0;0;[  0   1   2   3   4  17  54 134 135 146];1;1
2;0.796349048614502;10;270.0;0.0;[  0   1  10  17  19  54  63 134 135 146];1;1
3;1.193755865097046;10;270.0;0.0;[  0  10  12  17  19  54  63 134 135 146];1;1
4;1.5894711017608643;10;270.0;0.0;[  0   3  10  12  17  19  54  63 134 146];1;1
5;1.992762804031372;10;264.0;0.0;[  0   3  10  12  19  54  63 128 134 146];1;1
6;2.3998758792877197;10;264.0;0.0;[  0   3  10  12  19  54  63 132 134 146];1;1
7;2.806591033935547;10;262.0;0.0;[  0   3  10  12  17  19  54  91 135 146];1;1
8;3.215198040008545;10;262.0;0.0;[  0   3  10  12  19  54 128 132 134 146];1;1
9;3.6267378330230713;10;262.0;0.0;[  0   3  10  12  19  54  91  96 134 146];1;1
10;4.035624027252197;10;256.0;0.0;[  0   3  10  12  19  54  91 132 134 146];1;1
11;4.452101945877075;10;256.0;0.0;[  0   3  10  12  19  54 128 132 134 146];1;1
12;4.944535970687866;10;256.0;0.0;[  0   3  10  12  19  54 128 132 134 146];2;2
13;5.478298902511597;10;256.0;128.0;[  0  10  12  19  38  54  72 132 134 146];2;3
14;6.18352484703064;10;255.65625;0.0;[  0  10  12  17  19  54  72 128 134 146];6;6
15;6.790400981903076;10;255.5078125;222.25;[  0  10  12  19  54  72 128 132 134 146];2;7
15;6.91460394859314;10;255.5078125;255.359375;[  0  10  12  19  54  72 128 132 134 146];0;7
