1;0.3867948055267334;10;348.0;0;[  0   1   2   3   4  36 154 160 175 185];1;1
2;0.7941269874572754;10;293.0;0.0;[  2  36  50  53  60  84 154 160 175 185];1;1
3;1.219040870666504;10;293.0;0.0;[  0   2  36  50  53  60  84 110 154 185];1;1
4;1.6465699672698975;10;286.0;0.0;[  0   2  36  50  60  84 110 154 160 175];1;1
5;2.0503389835357666;10;285.0;0.0;[  0   2  36  50  60  80  84 110 154 160];1;1
6;2.474123954772949;10;278.0;0.0;[  2  50  60  80  84 110 154 160 175 185];1;1
7;2.8912079334259033;10;278.0;0.0;[  2  36  50  60  80  84 110 154 160 185];1;1
8;3.307677745819092;10;278.0;0.0;[  2  36  50  60  80  84  88 110 154 185];1;1
9;3.8409037590026855;10;277.0;0.0;[  2  36  50  60  80  84  88 110 154 185];2;2
10;4.470510005950928;10;277.0;0.0;[  2  36  50  60  80  84  88 110 154 185];4;4
11;5.316824913024902;10;277.0;0.0;[  2  36  50  60  80  84  88 110 154 185];8;8
12;6.636798858642578;10;277.0;0.0;[  2  36  50  60  80  84  88 110 154 185];16;16
13;8.863951921463013;10;277.0;0.0;[  2  36  50  60  80  84  88 110 154 185];32;32
14;12.93228006362915;10;277.0;0.0;[  2  36  50  60  80  84  88 110 154 185];64;64
15;20.691635847091675;10;277.0;0.0;[  2  36  50  60  80  84  88 110 154 185];128;128
16;35.75531888008118;10;277.0;0.0;[  2  36  50  60  80  84  88 110 154 185];256;256
17;65.46974682807922;10;277.0;0.0;[  2  36  50  60  80  84  88 110 154 185];512;512
18;127.50822687149048;10;275.4375;0.0;[ 36  50  60  80  84  86  88 110 154 185];1024;1024
19;254.85440587997437;10;275.4375;0.0;[ 36  50  60  80  84  86  88 110 154 185];2048;2048
20;531.3455657958984;10;275.4375;0.0;[ 36  50  60  80  84  86  88 110 154 185];4096;4096
21;1141.6998398303986;10;275.4375;0.0;[ 36  50  60  80  84  86  88 110 154 185];8192;8192
22;2530.210198879242;10;275.4375;0.0;[ 36  50  60  80  84  86  88 110 154 185];16384;16384
I;1;0.3914632797241211;10;348.0;0;[  0   1   2   3   4  36 154 160 175 185];1;1
I;2;0.7978732585906982;10;293.0;0.0;[  2  36  50  53  60  84 154 160 175 185];1;1
I;3;1.2144372463226318;10;293.0;0.0;[  0   2  36  50  53  60  84 110 154 185];1;1
I;4;1.6286141872406006;10;286.0;0.0;[  0   2  36  50  60  84 110 154 160 175];1;1
I;5;2.039675235748291;10;285.0;0.0;[  0   2  36  50  60  80  84 110 154 160];1;1
I;6;2.4580233097076416;10;278.0;0.0;[  2  50  60  80  84 110 154 160 175 185];1;1
I;7;2.881695032119751;10;278.0;0.0;[  2  36  50  60  80  84 110 154 160 185];1;1
I;8;3.294985055923462;10;278.0;0.0;[  2  36  50  60  80  84  88 110 154 185];1;1
I;9;3.8238351345062256;10;277.0;0.0;[  2  36  50  60  80  84  88 110 154 185];2;2
I;10;4.4508349895477295;10;277.0;0.0;[  2  36  50  60  80  84  88 110 154 185];4;4
I;11;5.287366151809692;10;277.0;0.0;[  2  36  50  60  80  84  88 110 154 185];8;8
I;12;6.58401894569397;10;277.0;0.0;[  2  36  50  60  80  84  88 110 154 185];16;16
I;13;8.756725072860718;10;277.0;0.0;[  2  36  50  60  80  84  88 110 154 185];32;32
I;14;12.73310899734497;10;277.0;0.0;[  2  36  50  60  80  84  88 110 154 185];64;64
I;15;20.361473083496094;10;277.0;0.0;[  2  36  50  60  80  84  88 110 154 185];128;128
I;16;35.35668730735779;10;277.0;0.0;[  2  36  50  60  80  84  88 110 154 185];256;256
I;17;64.95820212364197;10;277.0;0.0;[  2  36  50  60  80  84  88 110 154 185];512;512
I;18;126.96026015281677;10;275.4375;0.0;[ 36  50  60  80  84  86  88 110 154 185];1024;1024
I;19;253.719722032547;10;275.4375;0.0;[ 36  50  60  80  84  86  88 110 154 185];2048;2048
I;20;529.9108150005341;10;275.4375;0.0;[ 36  50  60  80  84  86  88 110 154 185];4096;4096
I;21;1139.4165470600128;10;275.4375;0.0;[ 36  50  60  80  84  86  88 110 154 185];8192;8192
I;22;2524.977868080139;10;275.4375;0.0;[ 36  50  60  80  84  86  88 110 154 185];16384;16384
