I;1;0.0052568912506103516;10;1000000.0;0;[0 1 2 3 4 5 6 7 8 9];1;1;0;0;0
I;2;0.022740840911865234;10;366.0;0;[  0   1   2   3   4  44 126 164 310 373];1;1;0;0;0
I;3;0.040004730224609375;10;329.0;0;[  0   1   4  44 126 164 226 296 310 373];1;1;0;0;0
I;4;0.059252023696899414;10;329.0;0;[  0   4  44 126 164 220 226 296 310 373];1;1;0;0;0
I;5;0.07809877395629883;10;329.0;0;[  3   4  44 126 164 220 226 296 310 373];1;1;0;0;0
I;6;0.21857571601867676;10;329.0;245.25;[  3   4  44 126 164 220 226 296 310 373];2;2;0;0;0.000982046127319336
I;7;0.49418187141418457;10;329.0;248.375;[  3   4  44 126 164 220 226 296 310 373];4;4;0;0;0.0027027130126953125
I;8;1.0774798393249512;10;329.0;260.6875;[  4 100 126 164 220 226 264 296 310 373];8;8;0;0;0.006040334701538086
I;9;1.1154749393463135;10;328.1875;260.6875;[  4 126 164 177 199 220 226 296 310 373];8;8;0;0;0.006040334701538086
I;10;1.1549429893493652;10;327.5625;260.6875;[  4 100 126 164 226 264 296 310 363 373];8;8;0;0;0.006040334701538086
I;11;1.1950218677520752;10;327.5625;260.6875;[  4 100 126 164 220 226 264 296 310 373];8;8;0;0;0.006040334701538086
I;12;2.3114449977874756;10;326.6875000000002;271.65625;[  4 126 164 177 220 226 264 296 310 373];16;16;0;0;0.012793540954589844
I;13;2.369069814682007;10;326.3125;271.65625;[  1   4 126 164 220 226 296 310 363 373];16;16;0;0;0.012793540954589844
I;14;2.4293019771575928;10;325.0937500000005;271.65625;[  4 100 126 164 220 226 264 296 310 373];16;16;0;0;0.012793540954589844
I;15;4.489667892456055;10;324.9375;279.546875;[  4 126 164 220 226 264 296 310 327 373];30;30;0;0;0.024359941482543945
I;16;4.583723068237305;10;324.3750000000004;279.546875;[  4 126 164 177 220 226 264 296 310 373];30;30;0;0;0.024359941482543945
I;17;4.680144786834717;10;322.921875;279.546875;[  1   4  44 164 220 226 264 296 310 373];30;30;0;0;0.024359941482543945
I;18;4.773875951766968;10;322.921875;279.546875;[  1   4 126 164 220 226 296 310 363 373];30;30;0;0;0.024359941482543945
I;19;4.869843006134033;10;322.421875;279.546875;[  3   4 100 126 164 220 226 296 310 373];30;30;0;0;0.024359941482543945
I;20;4.968737840652466;10;322.42187500000085;279.546875;[  4 100 126 164 220 226 264 296 310 373];30;30;0;0;0.024359941482543945
I;21;8.639485836029053;10;320.859375;283.7734375;[  1   4 126 164 220 226 296 310 363 373];55;55;0;0;0.04508638381958008
I;22;8.801164865493774;10;320.4843750000007;283.7734375;[  4 126 164 177 220 226 264 296 310 373];55;55;0;0;0.04508638381958008
I;23;8.960267782211304;10;320.203125;283.7734375;[  4 100 126 164 220 226 264 296 310 373];55;55;0;0;0.04508638381958008
I;24;15.720710754394531;10;320.109375;287.68359375;[  4 126 164 220 224 226 296 310 363 373];101;101;0;0;0.0830228328704834
I;25;15.998740911483765;10;319.421875;287.68359375;[  4 126 164 220 226 264 296 310 327 373];101;101;0;0;0.0830228328704834
I;26;16.295867919921875;10;318.65625;287.68359375;[  1   4 126 164 220 226 296 310 363 373];101;101;0;0;0.0830228328704834
I;27;16.57039165496826;10;318.4453125;287.68359375;[  4 100 126 164 220 226 264 296 310 373];101;101;0;0;0.0830228328704834
I;28;28.57038688659668;10;318.32812500000085;290.716796875;[  4 126 164 177 220 226 264 296 310 373];182;182;0;0;0.14944791793823242
I;29;29.075159788131714;10;318.0;290.716796875;[  4 126 164 177 226 264 296 310 327 373];182;182;0;0;0.14944791793823242
I;30;29.57466983795166;10;318.0;290.716796875;[  4 105 126 164 220 226 296 310 327 373];182;182;0;0;0.14944791793823242
I;31;30.076117992401123;10;318.0;290.716796875;[  4 126 164 177 220 226 296 310 327 373];182;182;0;0;0.14944791793823242
I;32;30.600926876068115;10;318.0;290.716796875;[  1   4 126 164 220 224 226 296 310 373];182;182;0;0;0.14944791793823242
I;33;31.08374786376953;10;318.0;290.716796875;[  4  44 100 164 220 226 296 310 332 373];182;182;0;0;0.14944791793823242
I;34;31.56967782974243;10;318.0;290.716796875;[  1   4 126 164 177 220 226 296 310 373];182;182;0;0;0.14944791793823242
I;35;32.09323287010193;10;318.0;290.716796875;[  4 100 126 149 164 220 226 296 310 373];182;182;0;0;0.14944791793823242
I;36;32.57083797454834;10;317.7441406250013;290.716796875;[  4 100 126 164 220 226 264 296 310 373];182;182;0;0;0.14944791793823242
I;37;53.5298056602478;10;317.3203125;294.162109375;[  1   4  44 164 220 226 296 310 363 373];322;322;0;0;0.264423131942749
I;38;54.383561849594116;10;317.3203125;294.162109375;[  1   4 126 164 199 220 226 296 310 373];322;322;0;0;0.264423131942749
I;39;55.29238295555115;10;317.1113281250015;294.162109375;[  4 126 164 220 226 264 296 310 327 373];322;322;0;0;0.264423131942749
I;40;56.140296936035156;10;316.80468750000136;294.162109375;[  4 100 126 164 220 226 264 296 310 373];322;322;0;0;0.264423131942749
I;41;91.61103081703186;10;316.6826171875;297.6407470703125;[  4 100 126 149 164 220 226 296 310 373];553;553;0;0;0.4528844356536865
I;42;93.05659580230713;10;316.239257812501;297.6407470703125;[  4 126 164 177 220 226 264 296 310 373];553;553;0;0;0.4528844356536865
I;43;94.5477659702301;10;316.12890625000153;297.6407470703125;[  4 100 126 164 177 220 226 296 310 373];553;553;0;0;0.4528844356536865
I;44;96.03736972808838;10;316.07470703125;297.6407470703125;[  4 126 164 220 226 264 296 310 327 373];553;553;0;0;0.4528844356536865
I;45;97.50621485710144;10;316.041015625;297.6407470703125;[  1   4 126 164 220 226 264 296 310 373];553;553;0;0;0.4528844356536865
I;46;98.99252772331238;10;315.7635498046888;297.6407470703125;[  4 100 126 164 220 226 264 296 310 373];553;553;0;0;0.4528844356536865
I;47;156.00377082824707;10;315.6171875;300.7886962890625;[  4 100 126 164 220 226 296 310 327 373];908;908;1;0;0.7445287704467773
I;48;158.37997698783875;10;315.5557861328125;300.7886962890625;[  4 126 164 220 226 264 296 310 327 373];908;908;1;0;0.7445287704467773
I;49;160.80953764915466;10;315.3193359375;300.7886962890625;[  4  44 164 177 220 226 296 310 332 373];908;908;1;0;0.7445287704467773
I;50;163.22196102142334;10;315.2103271484375;300.7886962890625;[  4 126 164 177 220 226 264 296 310 373];908;908;1;0;0.7445287704467773
I;51;165.66406297683716;10;315.1888427734375;300.7886962890625;[  4 100 126 149 164 220 226 296 310 373];908;908;1;0;0.7445287704467773
I;52;168.02284479141235;10;315.1756591796875;300.7886962890625;[  1   4  44 164 220 226 264 296 310 373];908;908;1;0;0.7445287704467773
I;53;170.4822769165039;10;315.1756591796875;300.7886962890625;[  1   4 126 164 199 220 226 296 310 373];908;908;1;0;0.7445287704467773
I;54;172.8775486946106;10;315.07531738281284;300.7886962890625;[  4 126 164 220 226 264 296 310 327 373];908;908;1;0;0.7445287704467773
I;55;256.72983288764954;10;315.025390625;302.66339111328125;[  4 100 126 164 220 226 296 310 332 373];1387;1387;2;1;1.1400713920593262
I;56;260.3219938278198;10;314.84375;302.66339111328125;[  4 126 164 177 220 226 296 310 327 373];1387;1387;2;1;1.1400713920593262
I;57;263.9877438545227;10;314.755798339844;302.66339111328125;[  4 100 126 164 220 226 264 296 310 373];1387;1387;2;1;1.1400713920593262
I;58;267.57677960395813;10;314.63671875;302.66339111328125;[  4 126 164 177 220 226 264 296 310 373];1387;1387;2;1;1.1400713920593262
I;59;271.2353448867798;10;314.5597029542611;302.66339111328125;[  4 126 164 220 226 264 296 310 327 373];1387;1387;2;1;1.1400713920593262
I;60;393.8706166744232;10;314.46875;304.6800155140995;[  4 126 149 164 220 226 264 296 310 373];2057;2057;2;1;1.6890175342559814
I;61;399.2530827522278;10;314.4023437500005;304.6800155140995;[  4 126 149 164 220 226 296 310 327 373];2057;2057;2;1;1.6890175342559814
I;62;404.68477177619934;10;314.3198242187503;304.6800155140995;[  4 100 126 149 164 220 226 296 310 373];2057;2057;2;1;1.6890175342559814
I;63;410.14544677734375;10;314.2982177734375;304.6800155140995;[  1   4 126 164 220 226 264 296 310 373];2057;2057;2;1;1.6890175342559814
I;64;415.5836749076843;10;314.2281567941304;304.6800155140995;[  4 126 164 177 220 226 264 296 310 373];2057;2057;2;1;1.6890175342559814
I;65;421.0525288581848;10;314.17963703629243;304.6800155140995;[  3   4  44 164 220 226 296 310 327 373];2057;2057;2;1;1.6890175342559814
I;66;426.43845772743225;10;314.17963703629306;304.6800155140995;[  3   4 126 164 220 226 296 310 327 373];2057;2057;2;1;1.6890175342559814
I;67;431.93445777893066;10;314.17548664566743;304.6800155140995;[  4 126 164 220 226 264 296 310 327 373];2057;2057;2;1;1.6890175342559814
I;68;603.4327728748322;10;314.15601164375255;306.2889210320766;[  0   4 100 164 220 226 264 296 310 373];2940;2940;2;1;2.41049861907959
I;69;611.274011850357;10;314.15601164375255;306.2889210320766;[  4 100 126 164 199 220 226 296 310 373];2940;2940;2;1;2.41049861907959
I;70;619.0747847557068;10;314.15601164375255;306.2889210320766;[  4 100 126 164 220 226 264 296 310 373];2940;2940;2;1;2.41049861907959
I;71;626.8622357845306;10;314.0087964425679;306.2889210320766;[  3   4 126 164 177 220 226 296 310 373];2940;2940;2;1;2.41049861907959
I;72;634.8123347759247;10;314.0;306.2889210320766;[  0   1   4 149 164 177 220 296 310 373];2940;2940;2;1;2.41049861907959
I;73;642.9747216701508;10;314.0;306.2889210320766;[  4  44 100 126 149 199 220 296 310 373];2940;2940;2;1;2.41049861907959
I;74;650.9779949188232;10;314.0;306.2889210320766;[  4 100 126 164 220 296 310 327 332 373];2940;2940;2;1;2.41049861907959
I;75;659.0020549297333;10;314.0;306.2889210320766;[  4 126 164 177 220 296 310 327 332 373];2940;2940;2;1;2.41049861907959
I;76;666.8776798248291;10;314.0;306.2889210320766;[  4  44 100 105 126 177 220 296 310 373];2940;2940;2;1;2.41049861907959
I;77;674.785632610321;10;313.7017455755512;306.2889210320766;[  4 126 164 177 199 220 226 296 310 373];2940;2940;2;1;2.41049861907959
I;78;682.6344809532166;10;313.7017455755496;306.2889210320766;[  3   4  44 164 177 220 226 296 310 373];2940;2940;2;1;2.41049861907959
I;79;690.4949607849121;10;313.70174557554986;306.2889210320766;[  3   4 126 164 177 220 226 296 310 373];2940;2940;2;1;2.41049861907959
I;80;891.4815647602081;10;313.6641987819297;306.5359677084131;[  4  44 100 164 177 220 296 310 327 373];3695;3714;2;1;3.043529987335205
I;81;901.3168649673462;10;313.66234882828456;306.5359677084131;[  4 126 164 220 226 264 296 310 327 373];3714;3714;2;1;3.043529987335205
I;82;911.3945398330688;10;313.6464680690391;306.5359677084131;[  4  44 100 149 164 220 296 310 327 373];3714;3714;2;1;3.043529987335205
I;83;920.9721937179565;10;313.6406889772103;306.5359677084131;[  4  44 164 220 226 264 296 310 327 373];3714;3714;2;1;3.043529987335205
I;84;930.8599398136139;10;313.6353178834603;306.5359677084131;[  4 126 164 220 226 264 296 310 327 373];3714;3714;2;1;3.043529987335205
I;85;1208.198324918747;10;313.6104818107271;308.24160462423083;[  1   4  44 100 164 220 226 296 310 373];4691;4920;2;1;4.028082370758057
I;86;1221.2178318500519;10;313.54123238956225;308.24160462423083;[  4  44 100 164 220 224 296 310 332 373];4920;4920;2;1;4.028082370758057
I;87;1234.2508947849274;10;313.49414062500057;308.24160462423083;[  1   4 126 164 177 220 226 296 310 373];4920;4920;2;1;4.028082370758057
I;88;1247.265018939972;10;313.4828324162106;308.24160462423083;[  4 126 164 177 220 226 264 296 310 373];4920;4920;2;1;4.028082370758057
I;89;1260.518498659134;10;313.36381675371155;308.24160462423083;[  4 100 126 164 220 226 264 296 310 373];4920;4920;2;1;4.028082370758057
I;90;1273.6372828483582;10;313.2837324952768;308.24160462423083;[  1   3   4 126 164 220 226 296 310 373];4920;4920;2;1;4.028082370758057
I;91;1286.8626868724823;10;313.24081500682996;308.24160462423083;[  3   4 126 164 177 220 226 296 310 373];4920;4920;2;1;4.028082370758057
I;92;1299.9934940338135;10;313.24003329308243;308.24160462423083;[  4 126 164 220 226 264 296 310 327 373];4920;4920;2;1;4.028082370758057
I;93;1585.2700927257538;10;313.2374428144489;308.6890056086521;[  3   4 126 164 177 220 226 296 310 373];5665;5670;2;1;4.641765832901001
I;94;1600.2871837615967;10;313.219379100926;308.6890056086521;[  4  44 100 149 164 220 226 296 310 373];5670;5670;2;1;4.641765832901001
I;95;1615.5955257415771;10;313.1715386334588;308.6890056086521;[  3   4 126 164 177 220 226 296 310 373];5670;5670;2;1;4.641765832901001
I;96;1909.1101019382477;10;313.07385745079694;308.6890056086521;[  4 126 164 220 226 264 296 310 327 373];6082;6158;2;1;5.041446924209595
I;97;2268.038079023361;10;313.0537407818963;309.18148874769025;[  4 126 164 177 220 226 296 310 363 373];6626;7107;2;1;5.819049835205078
I;98;2286.8588078022003;10;312.9720613566896;309.18148874769025;[  4 100 126 164 220 226 264 296 310 373];7107;7107;2;1;5.819049835205078
I;99;2305.663417816162;10;312.96923760806817;309.18148874769025;[  3   4 126 164 177 220 226 296 310 373];7107;7107;2;1;5.819049835205078
I;100;2324.8901538848877;10;312.96165017520684;309.18148874769025;[  3   4 126 164 177 220 226 296 310 373];7107;7107;2;1;5.819049835205078
I;101;2676.5004308223724;10;312.93657603295026;309.18148874769025;[  4 126 164 220 226 264 296 310 327 373];7259;7561;2;1;6.190398931503296
I;102;3067.33954000473;10;312.88859490787286;309.4368702757592;[  4 126 164 177 220 226 296 310 363 373];7475;8201;2;1;6.717538833618164
I;103;3089.0560410022736;10;312.8833123998704;309.4368702757592;[  4 126 164 220 226 264 296 310 327 373];8201;8201;2;1;6.717538833618164
I;104;3462.9492259025574;10;312.86758658465214;309.5464683732176;[  3   4 126 164 177 220 226 296 310 373];8380;8389;2;1;6.872391223907471
I;105;3485.052181959152;10;312.8552648506914;309.5464683732176;[  4 100 126 164 220 226 296 310 332 373];8389;8389;2;1;6.872391223907471
I;106;3507.582060813904;10;312.85129946041735;309.5464683732176;[  3   4 126 164 220 226 296 310 327 373];8389;8389;2;1;6.872391223907471
I;107;3530.399547815323;10;312.8446320801782;309.5464683732176;[  4 126 164 177 199 220 226 296 310 373];8389;8389;2;1;6.872391223907471
I;108;3553.1994228363037;10;312.84463208017786;309.5464683732176;[  3   4 126 164 177 220 226 296 310 373];8389;8389;2;1;6.872391223907471
