I;1;0.005963802337646484;10;1000000.0;0;[0 1 2 3 4 5 6 7 8 9];1;1;0;0;0
I;2;0.018522024154663086;10;269.0;0;[  0   1   2   3   4   5  57 120 150 154];1;1;0;0;0
I;3;0.03147006034851074;10;269.0;0;[  0   2  55  57  92 120 150 154 205 227];1;1;0;0;0
I;4;0.043968915939331055;10;269.0;0;[  2  33  55  57  92 120 150 154 205 232];1;1;0;0;0
I;5;0.057890892028808594;10;269.0;0;[  2  33  55  57  92 112 120 150 154 205];1;1;0;0;0
I;6;0.07132506370544434;10;269.0;0;[  2  33  55  57  76  80 120 150 154 227];1;1;0;0;0
I;7;0.169403076171875;10;269.0;215.5;[  2  33  55  57  76  80 120 150 154 227];2;2;0;0;0.0008878707885742188
I;8;0.3721010684967041;10;269.0;226.625;[  1   2  55  57  72  76 120 150 154 227];4;4;0;0;0.0026531219482421875
I;9;0.3922579288482666;10;269.0;226.625;[  2  33  55  57  72  89 120 150 154 227];4;4;0;0;0.0026531219482421875
I;10;0.41286277770996094;10;269.0;226.625;[  2  33  41  55  57  76 120 150 154 227];4;4;0;0;0.0026531219482421875
I;11;0.4333820343017578;10;269.0;226.625;[  2  33  55  57  80 120 150 154 205 227];4;4;0;0;0.0026531219482421875
I;12;0.45409083366394043;10;269.0;226.625;[  2  33  55  57  76 120 150 154 205 227];4;4;0;0;0.0026531219482421875
I;13;0.47348594665527344;10;269.0;226.625;[  2  33  55  57  72  76 120 150 154 227];4;4;0;0;0.0026531219482421875
I;14;0.4955449104309082;10;269.0;226.625;[  1   2  33  55  57  80 120 150 154 227];4;4;0;0;0.0026531219482421875
I;15;0.9008800983428955;10;269.0;241.0625;[  1   2  33  55  57  80 120 150 154 227];8;8;0;0;0.006094455718994141
I;16;1.540097951889038;10;267.9375;247.203125;[  1   2  33  55  57  80 120 150 154 227];14;14;0;0;0.01119232177734375
I;17;2.687535047531128;10;266.625;251.796875;[  2  33  34  55  57  76 120 150 154 227];25;25;0;0;0.020412921905517578
I;18;2.751786947250366;10;266.45703125;251.796875;[  1   2  33  55  57  80 120 150 154 227];25;25;0;0;0.020412921905517578
I;19;4.65048885345459;10;266.0;254.765625;[ 33  55  57  72  76 112 120 150 154 227];42;42;0;0;0.035050153732299805
I;20;4.751207113265991;10;266.0;254.765625;[ 33  34  41  55  57  76 120 150 154 227];42;42;0;0;0.035050153732299805
I;21;4.85575008392334;10;266.0;254.765625;[  1  33  55  57  76  80 120 150 154 227];42;42;0;0;0.035050153732299805
I;22;4.956996917724609;10;266.0;254.765625;[ 33  34  55  57  76 112 120 150 154 227];42;42;0;0;0.035050153732299805
I;23;5.058449029922485;10;266.0;254.765625;[  1  33  55  56  57  80 120 150 154 227];42;42;0;0;0.035050153732299805
I;24;5.157153844833374;10;265.3398437500008;254.765625;[  1   2  33  55  57  80 120 150 154 227];42;42;0;0;0.035050153732299805
I;25;8.11800479888916;10;265.3125;256.8232421875;[  1   7  33  55  57  80 120 150 154 227];67;67;1;0;0.058913469314575195
I;26;8.26803183555603;10;265.25;256.8232421875;[  1   2  33  55  57  76 120 150 154 227];67;67;1;0;0.058913469314575195
I;27;8.4204740524292;10;265.150390625001;256.8232421875;[  1   2  33  55  57  80 120 150 154 227];67;67;1;0;0.058913469314575195
I;28;12.805609941482544;10;265.016357421875;258.36328125;[  1   2  33  55  57  80 120 150 154 227];102;102;1;0;0.08962106704711914
I;29;18.773284912109375;10;264.87628173828125;259.4127197265625;[  1   2  33  55  57  80 120 150 154 227];145;146;1;0;0.1272568702697754
I;30;26.447840929031372;10;264.83355712890625;260.2777099609375;[  1   2  33  55  57  80 120 150 154 227];193;197;1;0;0.17055606842041016
I;31;35.876327991485596;10;264.7584228515625;260.8217468261719;[  1   2  33  55  57  80 120 150 154 227];247;251;1;0;0.21704888343811035
I;32;46.666443824768066;10;264.71221923828125;261.2504577636719;[  1   2  33  55  57  80 120 150 154 227];293;304;2;0;0.265728235244751
I;33;57.91838502883911;10;264.6796875;261.48997497558594;[  1  33  34  55  57  76 120 150 154 227];337;348;2;0;0.30265140533447266
I;34;58.584434032440186;10;264.6796875;261.48997497558594;[  1  33  55  57  72  76 120 150 154 227];348;348;2;0;0.30265140533447266
I;35;59.28320288658142;10;264.6796875;261.48997497558594;[ 33  34  55  57  72  76 120 150 154 227];348;348;2;0;0.30265140533447266
I;36;59.96004390716553;10;264.6730041503906;261.48997497558594;[  1   2  33  55  57  80 120 150 154 227];348;348;2;0;0.30265140533447266
I;37;71.98134899139404;10;264.65016174316406;261.6435089111328;[  1   2  33  55  57  80 120 150 154 227];373;384;2;0;0.33254337310791016
I;38;84.54949116706848;10;264.63368225097656;261.7744903564453;[  1   2  33  55  57  80 120 150 154 227];402;413;2;0;0.3566925525665283
I;39;97.1463770866394;10;264.63099670410156;261.84144592285156;[  1   2  33  55  57  80 120 150 154 227];420;431;2;0;0.37178516387939453
I;40;110.05126285552979;10;264.62953186035156;261.8886260986328;[  1   2  33  55  57  80 120 150 154 227];419;444;2;0;0.3826308250427246
I;41;122.98946499824524;10;264.61744689941406;261.91477966308594;[  1   2  33  55  57  80 120 150 154 227];428;453;2;0;0.3901693820953369
I;42;136.03297185897827;10;264.61695861816406;261.9335174560547;[  1   2  33  55  57  80 120 150 154 227];434;459;2;0;0.39512038230895996
I;43;148.98914504051208;10;264.6151885986328;261.94541931152344;[  1   2  33  55  57  80 120 150 154 227];438;463;2;0;0.39844202995300293
I;44;162.06721901893616;10;264.61390686035156;261.9557342529297;[  1   2  33  55  57  80 120 150 154 227];441;466;2;0;0.40093278884887695
I;45;175.1366970539093;10;264.6128692626953;261.96287536621094;[  1   2  33  55  57  80 120 150 154 227];443;468;2;0;0.402599573135376
I;46;188.24169898033142;10;264.6126251220703;261.96604919433594;[  1   2  33  55  57  80 120 150 154 227];444;469;2;0;0.40343379974365234
C;46;201.36086320877075;10;264.6126251220703;261.96922302246094;[  1   2  33  55  57  80 120 150 154 227];0;470;2;0;0.40425872802734375
