1;0.40244507789611816;10;213.0;0;[  0   1   2   3   4   5   6 132 140 216];1;1;0;0
2;0.8240640163421631;10;213.0;0.0;[  3 100 132 140 206 207 208 209 210 216];1;1;0;0
3;1.3749480247497559;10;213.0;0.0;[  3 100 132 140 206 207 208 209 210 216];2;2;0.09163594245910645;1
4;2.0621891021728516;10;202.125;0.0;[  3   4  61  72  79 100 132 140 159 216];4;4;0.26123690605163574;3
5;3.0773119926452637;10;198.53125;0.0;[  3   4  61  72  79 100 132 140 159 216];8;8;0.6517021656036377;7
6;4.626629829406738;10;198.0703125;0.0;[  3   4  61  72  79 100 132 140 174 216];16;16;1.3462717533111572;15
7;7.242071151733398;10;198.0703125;3.8203125;[  3   4  61  72  82 132 140 147 174 216];30;31;2.721472978591919;31
8;11.916720867156982;10;197.55078125;15.4921875;[  3   4  60  72  89 132 140 159 201 216];56;59;5.378314971923828;62
9;20.345465183258057;10;197.5283203125;51.91015625;[  3   4  60  61  72  89 100 132 140 216];86;102;10.59615159034729;121
10;34.980432987213135;10;197.5283203125;20.63916015625;[  0   3   4  61  72 100 132 140 201 216];190;197;19.44158935546875;223
11;35.643787145614624;10;197.5283203125;20.63916015625;[  0   3   4 100 119 132 140 159 201 216];197;197;19.44158935546875;223
12;63.16717004776001;10;197.44580078125;55.30517578125;[  3   4  60  61  89 114 132 140 147 216];332;363;36.5728862285614;420
13;114.4418728351593;10;197.44580078125;34.567138671875;[  3   4  60  61 100 114 132 140 201 216];658;692;68.1168143749237;783
14;208.30621004104614;10;197.4224395751953;87.63351440429688;[  0   3   4  60 114 132 140 159 201 216];998;1191;128.48104906082153;1475
15;210.17659497261047;10;197.4197540283203;87.63351440429688;[  0   3   4  60  61 100 132 140 201 216];1191;1191;128.48104906082153;1475
16;211.99584197998047;10;197.4110870361328;87.63351440429688;[  3   4  60  61 114 132 140 147 201 216];1191;1191;128.48104906082153;1475
17;370.9290099143982;10;197.36862564086914;106.66050720214844;[  0   3   4  60  61 100 132 140 201 216];1604;1993;230.59801125526428;2666
18;373.67948389053345;10;197.3679542541504;106.66050720214844;[  0   3   4  60  61 100 132 140 201 216];1993;1993;230.59801125526428;2666
19;636.7195310592651;10;197.2995719909668;131.96162796020508;[  0   3   4  60  62 132 140 159 201 216];2260;3123;403.90803933143616;4659
20;640.8313019275665;10;197.29772567749023;131.96162796020508;[  0   3   4  60  61 132 140 147 201 216];3123;3123;403.90803933143616;4659
21;1054.0355470180511;10;197.24242210388184;143.94056510925293;[  0   3   4  60 132 140 159 167 201 216];3526;4886;671.4079675674438;7782
22;1061.5613009929657;10;197.2297420501709;143.94056510925293;[  0   3   4  60  61 100 132 140 201 216];4886;4886;671.4079675674438;7782
23;1727.4067478179932;10;197.17607736587524;155.16656255722046;[  0   2   3   4  60 132 140 159 201 216];5362;7567;1097.9881355762482;12668
24;1738.286180973053;10;197.17352724075317;155.16656255722046;[  0   3   4  60  61 100 132 140 201 216];7567;7567;1097.9881355762482;12668
25;2802.5146691799164;10;197.12628197669983;163.87659096717834;[  0   2   3   4  60 132 140 159 201 216];8232;11683;1763.1793773174286;20235
26;2820.3843882083893;10;197.12420654296875;163.87659096717834;[  0   3   4  60  61 132 140 147 201 216];11683;11683;1763.1793773174286;20235
1;0.392672061920166;10;213.0;0;[  0   1   2   3   4   5   6 132 140 216];1;1;0;0
2;0.8046259880065918;10;213.0;0.0;[  3 100 132 140 206 207 208 209 210 216];1;1;0;0
3;1.3408498764038086;10;213.0;0.0;[  3 100 132 140 206 207 208 209 210 216];2;2;0.09266400337219238;1
4;2.0326857566833496;10;202.125;0.0;[  3   4  61  72  79 100 132 140 159 216];4;4;0.2638864517211914;3
5;3.041961908340454;10;198.53125;0.0;[  3   4  61  72  79 100 132 140 159 216];8;8;0.6553046703338623;7
6;4.57483172416687;10;198.0703125;0.0;[  3   4  61  72  79 100 132 140 174 216];16;16;1.352893590927124;15
7;7.182564735412598;10;198.0703125;3.8203125;[  3   4  61  72  82 132 140 147 174 216];30;31;2.7300026416778564;31
8;11.887375831604004;10;197.55078125;9.6953125;[  3   4  60  72  89 132 140 159 201 216];58;60;5.395376205444336;62
9;20.427156925201416;10;197.5283203125;34.76953125;[  3   4  60  61  72  89 100 132 140 216];98;109;10.591588973999023;122
10;36.05987286567688;10;197.5283203125;26.38134765625;[  0   3   4  61  72 100 132 140 201 216];198;208;20.07397198677063;231
11;36.73991775512695;10;197.5283203125;26.38134765625;[  0   3   4 100 119 132 140 159 201 216];208;208;20.07397198677063;231
12;65.57434487342834;10;197.44580078125;53.864501953125;[  3   4  60  61  89 114 132 140 147 216];330;373;38.265116691589355;439
13;118.09124302864075;10;197.44580078125;39.7879638671875;[  3   4  60  61 100 114 132 140 201 216];662;704;70.9338390827179;812
14;213.98487782478333;10;197.4224395751953;82.53225708007812;[  0   3   4  60 114 132 140 159 201 216];1022;1215;132.6874964237213;1516
15;215.89859199523926;10;197.4197540283203;82.53225708007812;[  0   3   4  60  61 100 132 140 201 216];1215;1215;132.6874964237213;1516
16;217.76006698608398;10;197.4110870361328;82.53225708007812;[  3   4  60  61 114 132 140 147 201 216];1215;1215;132.6874964237213;1516
17;380.4728739261627;10;197.36862564086914;105.79234313964844;[  0   3   4  60  61 100 132 140 201 216];1602;2016;237.5487518310547;2731
18;383.1989529132843;10;197.3679542541504;105.79234313964844;[  0   3   4  60  61 100 132 140 201 216];2016;2016;237.5487518310547;2731
19;648.519553899765;10;197.29815864562988;131.28226470947266;[  0   3   4  60  62 132 140 159 201 216];2216;3124;413.7223184108734;4747
20;652.675616979599;10;197.29808235168457;131.28226470947266;[  0   3   4  60  61 100 132 140 201 216];3124;3124;413.7223184108734;4747
21;1067.9448628425598;10;197.2420048713684;145.14623641967773;[  0   3   4  60 132 140 159 167 201 216];3344;4796;686.894207239151;7871
22;1075.3169589042664;10;197.23013353347778;145.14623641967773;[  0   3   4  60  61 132 140 147 201 216];4796;4796;686.894207239151;7871
23;1717.4923388957977;10;197.1773808002472;156.43086004257202;[  0   2   3   4  60 132 140 159 201 216];4992;7292;1101.0882079601288;12667
24;1727.920028924942;10;197.1748526096344;156.43086004257202;[  0   3   4  60  61 100 132 140 201 216];7292;7292;1101.0882079601288;12667
25;2742.1556401252747;10;197.12819635868073;165.05459713935852;[  0   2   3   4  60 132 140 159 201 216];7502;11043;1743.6283206939697;19959
26;2759.1277298927307;10;197.12567937374115;165.05459713935852;[  0   3   4  60  61 132 140 147 201 216];11043;11043;1743.6283206939697;19959
