1;0.41115808486938477;10;219.0;0;[  0   1   2   3   4   5   6  46 184 219];1;1
2;0.8261749744415283;10;219.0;0.0;[  0   1   2  44  46  67 107 142 184 219];1;1
3;1.2494568824768066;10;219.0;0.0;[  1  29  44  46  67 107 184 209 210 219];1;1
4;1.678858995437622;10;219.0;0.0;[  1  29  44  46  67 107 145 184 209 219];1;1
5;2.1060280799865723;10;219.0;0.0;[  1  29  44  46 107 145 182 184 209 219];1;1
6;2.624183177947998;10;214.25;0.0;[  1  29  44  46 107 145 160 182 184 219];2;2
7;3.208725929260254;10;214.25;0.0;[  1  29  44  46 107 145 160 182 184 219];4;4
8;3.9580259323120117;10;209.09375;0.0;[  1  29  44  46 107 145 160 182 184 219];8;8
9;4.9542951583862305;10;204.828125;52.4375;[  1  29  44  46 107 145 148 160 184 209];12;14
10;6.336627960205078;10;202.162109375;64.125;[  1   4  29  44  46 107 145 160 184 209];20;24
11;8.246872186660767;10;201.515625;110.35546875;[  1   3  29  44  46 107 145 160 184 209];28;38
12;10.484728813171387;10;201.148681640625;160.38671875;[  1   3  29  44  46 107 145 160 184 209];26;51
13;13.121793031692505;10;201.0352783203125;178.572265625;[  1   3  29  44  46 107 145 160 184 209];28;65
14;16.199959993362427;10;200.98016357421875;188.68212890625;[  1   3  29  44  46 107 145 160 184 209];30;80
15;19.795065879821777;10;200.96298217773438;193.7860107421875;[  1   4  29  44  46 107 145 160 184 209];34;97
16;24.903035879135132;10;200.95018005371094;164.4024658203125;[  1   3  29  44  46 107 145 160 184 209];64;129
17;29.96512007713318;10;200.93956756591797;197.09242248535156;[  1   3  29  44  46 107 145 160 184 209];40;149
18;35.76226782798767;10;200.93418884277344;198.59846115112305;[  1   3  29  44  46 107 145 160 184 209];46;172
18;41.532886028289795;10;200.93418884277344;199.54568481445312;[  1   3  29  44  46 107 145 160 184 209];0;193
1;0.43288493156433105;10;219.0;0;[  0   1   2   3   4   5   6  46 184 219];1;1;0;0
2;0.8832688331604004;10;219.0;0.0;[  0   1   2  44  46  67 107 142 184 219];1;1;0;0
3;1.346005916595459;10;219.0;0.0;[  1  29  44  46  67 107 184 209 210 219];1;1;0;0
4;1.8099479675292969;10;219.0;0.0;[  1  29  44  46  67 107 145 184 209 219];1;1;0;0
5;2.2875568866729736;10;219.0;0.0;[  1  29  44  46 107 145 182 184 209 219];1;1;0;0
6;2.8488399982452393;10;211.4574074074074;0.0;[  1   4  29  44  46 107 145 160 184 209];2;2;1;1
7;3.544779062271118;10;208.64599487077004;0.0;[  1   4  29  44  46 107 145 160 184 209];4;4;3;3
8;4.4010889530181885;10;206.11418230693226;0.0;[  1   4  29  44  46 107 145 160 184 209];8;8;7;6
9;5.4746527671813965;10;202.1019099199807;111.60777944311218;[  1   3  29  44  46 107 145 160 184 209];10;13;12;8
10;6.849316835403442;10;201.19706552834987;111.4915164118705;[  1   3  29  44  46 107 145 160 184 209];14;20;19;13
11;8.572083950042725;10;200.93107023807238;135.52378323729903;[  1   3  29  44  46 107 145 160 184 209];18;29;28;20
12;10.556634902954102;10;200.91638362411376;175.3557080644349;[  1   3  29  44  46 107 145 160 184 209];20;39;38;25
13;12.937880039215088;10;200.91285762103644;186.56509235724496;[  1   3  29  44  46 107 145 160 184 209];24;51;50;29
14;15.521901845932007;10;200.90394411679932;193.65456454383994;[  1   3  29  44  46 107 145 160 184 209];20;61;60;33
15;18.405494928359985;10;200.88794892160308;195.82297851630335;[  1   3  29  44  46 107 145 160 184 209];20;71;70;41
16;21.862990856170654;10;200.88600812206974;197.28569612893014;[  1   3  29  44  46 107 145 160 184 209];24;83;82;47
16;25.104480981826782;10;200.88600812206974;199.18564928018577;[  1   3  29  44  46 107 145 160 184 209];0;96;95;56
1;0.3985588550567627;10;219.0;0;[  0   1   2   3   4   5   6  46 184 219];1;1;0;0
2;0.8032660484313965;10;219.0;0.0;[  0   1   2  44  46  67 107 142 184 219];1;1;0;0
3;1.2065651416778564;10;219.0;0.0;[  1  29  44  46  67 107 184 209 210 219];1;1;0;0
4;1.6128268241882324;10;219.0;0.0;[  1  29  44  46  67 107 145 184 209 219];1;1;0;0
5;2.0269088745117188;10;219.0;0.0;[  1  29  44  46 107 145 182 184 209 219];1;1;0;0
6;2.51914381980896;10;211.4574074074074;0.0;[  1   4  29  44  46 107 145 160 184 209];2;2;1;1
7;3.1117019653320312;10;208.64599487077004;0.0;[  1   4  29  44  46 107 145 160 184 209];4;4;3;3
8;3.871077060699463;10;206.11418230693226;0.0;[  1   4  29  44  46 107 145 160 184 209];8;8;7;6
9;4.8319621086120605;10;202.1019099199807;111.60777944311218;[  1   3  29  44  46 107 145 160 184 209];10;13;12;8
10;6.056098937988281;10;201.19706552834987;111.4915164118705;[  1   3  29  44  46 107 145 160 184 209];14;20;19;13
11;7.661775827407837;10;200.93107023807238;135.52378323729903;[  1   3  29  44  46 107 145 160 184 209];18;29;28;20
12;9.564749002456665;10;200.91638362411376;175.3557080644349;[  1   3  29  44  46 107 145 160 184 209];20;39;38;25
13;11.840184926986694;10;200.91285762103644;186.56509235724496;[  1   3  29  44  46 107 145 160 184 209];24;51;50;29
14;14.275048971176147;10;200.90394411679932;193.65456454383994;[  1   3  29  44  46 107 145 160 184 209];20;61;60;33
15;17.0138418674469;10;200.88794892160308;195.82297851630335;[  1   3  29  44  46 107 145 160 184 209];20;71;70;41
16;20.139425039291382;10;200.88600812206974;197.28569612893014;[  1   3  29  44  46 107 145 160 184 209];24;83;82;47
16;23.264781951904297;10;200.88600812206974;199.18564928018577;[  1   3  29  44  46 107 145 160 184 209];0;96;95;56
I;1;0.39887094497680664;10;219.0;0;[  0   1   2   3   4   5   6  46 184 219];1;1;0;0;0
I;2;0.8155620098114014;10;219.0;0.0;[  0   1   2  44  46  67 107 142 184 219];1;1;0;0;0
I;3;1.2369470596313477;10;219.0;0.0;[  1  29  44  46  67 107 184 209 210 219];1;1;0;0;0
I;4;1.6589388847351074;10;219.0;0.0;[  1  29  44  46  67 107 145 184 209 219];1;1;0;0;0
I;5;2.0860629081726074;10;219.0;0.0;[  1  29  44  46 107 145 182 184 209 219];1;1;0;0;0
I;6;2.5872740745544434;10;211.4574074074074;0.0;[  1   4  29  44  46 107 145 160 184 209];2;2;1;1;0.0015091896057128906
I;7;3.208415985107422;10;208.64599487077004;0.0;[  1   4  29  44  46 107 145 160 184 209];4;4;3;3;0.0047953128814697266
I;8;3.978189706802368;10;206.11418230693226;0.0;[  1   4  29  44  46 107 145 160 184 209];8;8;7;6;0.011393308639526367
I;9;4.948423862457275;10;202.1019099199807;111.60777944311218;[  1   3  29  44  46 107 145 160 184 209];10;13;12;8;0.019718170166015625
I;10;6.189346790313721;10;201.19706552834987;111.4915164118705;[  1   3  29  44  46 107 145 160 184 209];14;20;19;13;0.03129696846008301
I;11;7.767415761947632;10;200.93107023807238;135.52378323729903;[  1   3  29  44  46 107 145 160 184 209];18;29;28;20;0.04605722427368164
I;12;9.645855903625488;10;200.91638362411376;175.3557080644349;[  1   3  29  44  46 107 145 160 184 209];20;39;38;25;0.06223917007446289
I;13;11.922497034072876;10;200.91285762103644;186.56509235724496;[  1   3  29  44  46 107 145 160 184 209];24;51;50;29;0.08207941055297852
I;14;14.550808906555176;10;200.90392834903162;193.6156509802464;[  1   3  29  44  46 107 145 160 184 209];24;63;62;34;0.10192394256591797
I;15;17.434724807739258;10;200.88793315383538;195.80566840345614;[  1   3  29  44  46 107 145 160 184 209];22;74;73;42;0.11981058120727539
I;16;20.728709936141968;10;200.88597175966663;197.27714388478796;[  1   3  29  44  46 107 145 160 184 209];26;87;86;49;0.14110660552978516
C;16;23.92875599861145;10;200.88597175966663;199.1859733239022;[  1   3  29  44  46 107 145 160 184 209];0;100;99;58;0.16279387474060059
