I;1;0.006137847900390625;10;1000000.0;0;[0 1 2 3 4 5 6 7 8 9];1;1;0;0;0
I;2;0.024791955947875977;10;242.0;0;[  0   1   2   3   4   5 195 234 244 317];1;1;0;0;0
I;3;0.043289899826049805;10;242.0;0;[  0   3  17  85 195 199 234 244 317 368];1;1;0;0;0
I;4;0.06350898742675781;10;242.0;0;[  1   3  85 159 195 199 234 244 299 317];1;1;0;0;0
I;5;0.08554387092590332;10;242.0;0;[  3  17 100 127 195 199 216 234 244 317];1;1;0;0;0
I;6;0.10662508010864258;10;242.0;0;[  0   1   3  17 100 159 195 234 244 317];1;1;0;0;0
I;7;0.24657201766967773;10;242.0;213.25;[  0   1   3  17 100 159 195 234 244 317];2;2;0;0;0.0009181499481201172
I;8;0.5185790061950684;10;242.0;224.5;[  0   1   3  17 100 159 195 234 244 317];4;4;0;0;0.0026645660400390625
I;9;1.0038959980010986;10;242.0;230.03125;[  0   1   3  85 100 159 195 234 244 317];7;7;0;0;0.005220651626586914
I;10;1.0389928817749023;10;239.0;230.03125;[  0   1   3  17 159 195 229 234 244 317];7;7;0;0;0.005220651626586914
I;11;1.0740039348602295;10;239.0;230.03125;[  1   3  85 127 159 195 199 234 244 317];7;7;0;0;0.005220651626586914
I;12;1.1096739768981934;10;238.59375;230.03125;[  0   1   3 100 159 195 199 234 244 317];7;7;0;0;0.005220651626586914
I;13;1.6855628490447998;10;238.59375;230.03125;[  0   1   3 100 159 195 199 234 244 317];10;10;0;0;0.007734775543212891
I;14;2.2972869873046875;10;238.59375;230.03125;[  0   1   3 100 159 195 199 234 244 317];12;12;0;0;0.009386777877807617
I;15;3.1925759315490723;10;238.59375;230.03125;[  0   1   3  17 159 195 216 234 244 317];16;16;0;0;0.012653827667236328
I;16;3.2495198249816895;10;238.59375;230.03125;[  0   1   3  17 159 195 215 234 244 317];16;16;0;0;0.012653827667236328
I;17;3.306879997253418;10;238.59375;230.03125;[  0   1   3  17 100 159 195 234 244 317];16;16;0;0;0.012653827667236328
I;18;3.3644721508026123;10;238.5;230.03125;[  0   1   3  17 100 159 195 234 244 317];16;16;0;0;0.012653827667236328
I;19;5.185992956161499;10;238.28125;234.123046875;[  0   1   3  17 100 159 195 234 244 317];24;28;0;0;0.022684097290039062
I;20;7.0243980884552;10;238.171630859375;234.540771484375;[  0   1   3  17 100 159 195 234 244 317];34;35;0;0;0.028673410415649414
I;21;9.372805833816528;10;238.128662109375;234.871337890625;[  0   1   3  17 100 159 195 234 244 317];43;44;0;0;0.03606867790222168
I;22;12.008455991744995;10;238.116943359375;235.0997314453125;[  0   1   3  17 100 159 195 234 244 317];48;52;0;0;0.04268956184387207
I;23;15.089143991470337;10;238.077880859375;235.3106689453125;[  0   1   3  17 100 159 195 234 244 317];57;61;0;0;0.050290584564208984
I;24;18.403913974761963;10;238.06219482421875;235.41119384765625;[  0   1   3  17 100 159 195 234 244 317];61;68;0;0;0.056041717529296875
I;25;21.890801906585693;10;238.05047607421875;235.47174072265625;[  0   1   3  17 100 159 195 234 244 317];67;74;0;0;0.06096625328063965
I;26;25.527546882629395;10;238.0426025390625;235.51849365234375;[  0   1   3  17 100 159 195 234 244 317];71;79;0;0;0.06511068344116211
I;27;29.260995864868164;10;238.0426025390625;235.56536865234375;[  0   1   3  17 100 159 195 234 244 317];75;83;0;0;0.06848263740539551
I;28;33.09526491165161;10;238.0308837890625;235.59515380859375;[  0   1   3  17 100 159 195 234 244 317];78;86;0;0;0.07093977928161621
I;29;36.924586057662964;10;238.0308837890625;235.61468505859375;[  0   1   3  17 100 159 195 234 244 317];80;88;0;0;0.07256817817687988
I;30;40.865833044052124;10;238.0269775390625;235.62933349609375;[  0   1   3  17 100 159 195 234 244 317];82;90;0;0;0.07421112060546875
I;31;44.82160472869873;10;238.0269775390625;235.6380615234375;[  0   1   3  17 100 159 195 234 244 317];83;91;0;0;0.0750429630279541
I;32;48.779330015182495;10;238.0269775390625;235.6458740234375;[  0   1   3  17 100 159 195 234 244 317];84;92;0;0;0.07593107223510742
C;32;52.79607701301575;10;238.0269775390625;235.6517333984375;[  0   1   3  17 100 159 195 234 244 317];0;93;0;0;0.07675480842590332
