I;1;0.39102673530578613;10;278.0;0;[  0   1   2   3   4   5  25  48  86 106];1;1
I;2;0.796889066696167;10;268.0;0.0;[  1  16  22  25  48  57  69  86 106 136];1;1
I;3;1.1939969062805176;10;179.0;0.0;[  7  16  57  86 106 126 127 128 129 136];1;1
I;4;1.6146228313446045;10;179.0;0.0;[  7  16  57  86 106 126 127 128 129 136];2;2
I;5;2.0739619731903076;10;179.0;0.0;[  7  16  57  86 106 126 127 128 129 136];4;4
I;6;2.6250290870666504;10;179.0;0.0;[  7  16  57  86 106 126 127 128 129 136];8;8
I;7;3.3817298412323;10;179.0;0.0;[  7  57  86  94 106 127 132 133 135 136];16;16
I;8;3.8874740600585938;10;179.0;0.0;[  7  57  86  94 106 115 132 133 134 136];16;16
I;9;4.3476598262786865;10;179.0;0.0;[  7  57  86  94 106 131 132 133 134 136];16;16
I;10;5.605426073074341;10;179.0;0.0;[  4   7  57  86  94 106 124 130 135 136];32;32
I;11;7.690048933029175;10;175.96875;0.0;[  4   7  16  25  49  69  86 106 131 136];64;64
I;12;8.279206991195679;10;175.6875;0.0;[  4   7  16  25  48  69  94 106 124 136];64;64
I;13;8.879689931869507;10;175.59375;0.0;[  7  16  17  25  49  69  86 106 124 136];64;64
I;14;9.479882001876831;10;175.59375;0.0;[  7  16  17  25  69  86  94 106 131 136];64;64
I;15;13.514758110046387;10;175.59375;12.703125;[  7  16  17  25  69  86  94 106 131 136];116;122
I;16;21.319689989089966;10;175.03125;12.703125;[  7  16  17  25  69  86  94 106 131 136];232;238
I;17;36.15120816230774;10;173.484375;19.0546875;[  1   7  16  17  25  69  86 106 131 136];440;458
I;18;37.264864921569824;10;173.484375;19.0546875;[  7  16  17  25  49  69  86 106 131 136];458;458
I;19;38.38799500465393;10;173.109375;19.0546875;[  7  16  17  25  49  69  86 106 131 136];458;458
I;20;66.82909679412842;10;172.82177734375;28.58203125;[  7  16  17  25  49  69  86 106 131 136];808;862
I;21;123.71409511566162;10;172.82177734375;28.58203125;[  7  16  17  25  49  69  86 106 131 136];1616;1670
I;22;245.26984310150146;10;169.949951171875;28.58203125;[  7  16  17  25  49  69  86 106 131 136];3232;3286
I;23;485.16863083839417;10;169.949951171875;41.4677734375;[  7  16  17  25  69  86  94 106 131 136];5536;6054
I;24;1007.9796829223633;10;168.76513671875;41.4677734375;[  7  16  17  25  49  69  86 106 131 136];11072;11590
I;25;2228.8435130119324;10;168.76513671875;45.97119140625;[  7  16  17  25  49  69  86 106 131 136];21056;22118
