I;1;0.005002021789550781;10;1000000.0;0;[0 1 2 3 4 5 6 7 8 9];1;1;0;0;0
I;2;0.01701498031616211;10;381.0;0;[  0   1   2   3   4  12  52  60  87 210];1;1;0;0;0
I;3;0.028082847595214844;10;381.0;0;[  2  12  52  53  60  73  87 204 209 210];1;1;0;0;0
I;4;0.04278302192687988;10;381.0;0;[  2  12  52  60  73  87 111 132 209 210];1;1;0;0;0
I;5;0.05596208572387695;10;361.0;0;[  2   4  52  60  70  87 111 204 209 210];1;1;0;0;0
I;6;0.06902599334716797;10;361.0;0;[  2   4  32  52  60  73  87 132 209 210];1;1;0;0;0
I;7;0.0838620662689209;10;359.0;0;[  1   2   4  52  73  87 111 169 204 210];1;1;0;0;0
I;8;0.098876953125;10;354.0;0;[  1   2   4  52  73  87 111 169 204 210];1;1;0;0;0
I;9;0.18309879302978516;10;354.0;325.0;[  1   2   4  52  73  87 111 169 204 210];2;2;0;0;0.0009090900421142578
I;10;0.31299304962158203;10;354.0;328.875;[  1   2   4  15  32  52  73  87 169 210];4;4;0;0;0.002614259719848633
I;11;0.33469271659851074;10;354.0;328.875;[  0   2   4  32  52  73  87 132 169 210];4;4;0;0;0.002614259719848633
I;12;0.3549330234527588;10;354.0;328.875;[  0   1   2   4  52  73  87 132 169 210];4;4;0;0;0.002614259719848633
I;13;0.3745729923248291;10;353.625;328.875;[  2   4  32  52  60  73  87 132 169 210];4;4;0;0;0.002614259719848633
I;14;0.3951230049133301;10;353.625;328.875;[  1   2   4  52  73  87 111 169 204 210];4;4;0;0;0.002614259719848633
I;15;0.7309150695800781;10;351.84375;331.4375;[  1   2   4  52  73  87 111 169 204 210];8;8;0;0;0.005928516387939453
I;16;1.222135066986084;10;351.40625;334.03125;[  1   2   4  52  73  87 111 169 204 210];16;16;0;0;0.012293577194213867
I;17;2.153275966644287;10;350.546875;336.296875;[  1   2   4  52  73  87 111 169 204 210];32;32;0;0;0.025183677673339844
I;18;4.0080859661102295;10;350.5468750000005;338.72265625;[  1   2   4  52  73  87 132 169 209 210];64;64;0;0;0.05071401596069336
I;19;4.136215925216675;10;350.0078125;338.72265625;[  1   2   4  52  73  87 132 169 209 210];64;64;0;0;0.05071401596069336
I;20;8.668437004089355;10;350.0;345.55078125;[  1   2   4  32  52  87 111 169 209 210];104;116;0;0;0.09354281425476074
I;21;8.888758897781372;10;349.6562500000012;345.55078125;[  1   2   4  52  73  87 132 169 209 210];116;116;0;0;0.09354281425476074
C;21;15.387834787368774;10;349.6562500000012;346.1951349431818;[  1   2   4  52  73  87 132 169 209 210];0;180;1;1;0.14817571640014648
