I;1;0.004843950271606445;10;1000000.0;0;[0 1 2 3 4 5 6 7 8 9];1;1;0;0;0
I;2;0.013504981994628906;10;471.0;0;[  0   1   4  15  21  34  37  39 110 130];1;1;0;0;0
I;3;0.02474808692932129;10;416.0;0;[ 15  21  34  37  47  62  79  87 110 130];1;1;0;0;0
I;4;0.032987117767333984;10;332.0;0;[  0   4  15  34  37  38  39  47 110 123];1;1;0;0;0
I;5;0.042257070541381836;10;332.0;0;[  0   1   4  21  38  39  47 110 122 130];1;1;0;0;0
I;6;0.05106520652770996;10;332.0;0;[  0   1   4  21  37  38  39  62  83 130];1;1;0;0;0
I;7;0.06015419960021973;10;332.0;0;[  0   1   4  15  38  39  47  89 110 130];1;1;0;0;0
I;8;0.07075095176696777;10;332.0;0;[  0   1   4  34  38  39  47  89 122 130];1;1;0;0;0
I;9;0.08035397529602051;10;332.0;0;[  0   1   4  34  38  39  47  58  89 130];1;1;0;0;0
I;10;0.13977503776550293;10;332.0;258.25;[  0   1   4  34  38  39  47  58  89 130];2;2;0;0;0.0009160041809082031
I;11;0.23265624046325684;10;332.0;268.625;[  0   1   4  34  36  38  39  62  89 130];4;4;0;0;0.0026259422302246094
I;12;0.24764418601989746;10;332.0;268.625;[  0   1   4  15  34  36  38  39  62 130];4;4;0;0;0.0026259422302246094
I;13;0.26277804374694824;10;331.75;268.625;[  0   1   4  34  38  39  62  89  94 130];4;4;0;0;0.0026259422302246094
I;14;0.500373125076294;10;331.5;284.625;[  0   1   4  34  38  39  62  89  94 130];8;8;0;0;0.006258487701416016
I;15;0.8427450656890869;10;331.5;295.09375;[  0   1   4  15  34  36  38  39  79 130];16;16;0;0;0.012645959854125977
I;16;0.8770720958709717;10;331.0;295.09375;[  0   4  21  34  36  38  39  62  94 130];16;16;0;0;0.012645959854125977
I;17;0.9130291938781738;10;331.0;295.09375;[  0   4  15  21  35  36  38  39  62 130];16;16;0;0;0.012645959854125977
I;18;0.967628002166748;10;331.0;295.09375;[  0   2   4  21  34  38  39  62  94 130];16;16;0;0;0.012645959854125977
I;19;1.0033111572265625;10;331.0;295.09375;[  0   4  34  36  38  39  62  89  94 130];16;16;0;0;0.012645959854125977
I;20;1.0450448989868164;10;330.84375;295.09375;[  0   4   6  15  34  36  38  39  62 130];16;16;0;0;0.012645959854125977
I;21;1.083630084991455;10;330.84375;295.09375;[  0   4  15  34  36  38  39  62  87 130];16;16;0;0;0.012645959854125977
I;22;1.1266212463378906;10;330.25;295.09375;[  0   1   4  21  34  38  39  62  94 130];16;16;0;0;0.012645959854125977
I;23;1.1654961109161377;10;330.25;295.09375;[  0   2   4  24  34  36  38  39  62 130];16;16;0;0;0.012645959854125977
I;24;1.2023448944091797;10;330.1875;295.09375;[  0   1   2   4  34  38  39  62  94 130];16;16;0;0;0.012645959854125977
I;25;1.2439401149749756;10;329.8125;295.09375;[  0   4  15  34  35  36  38  39  62 130];16;16;0;0;0.012645959854125977
I;26;1.2846589088439941;10;329.71875;295.09375;[  0   4   6  15  21  36  38  39  62 130];16;16;0;0;0.012645959854125977
I;27;2.204792022705078;10;329.68750000000045;300.53125;[  0   1   2   4  34  38  39  62  94 130];32;32;0;0;0.025897741317749023
I;28;2.269191265106201;10;329.6875;300.53125;[  0   2   4  24  34  36  38  39  62 130];32;32;0;0;0.025897741317749023
I;29;4.099224090576172;10;329.6640625;307.3359375;[  0   1   2   4  34  38  39  62  94 130];64;64;0;0;0.05262279510498047
I;30;4.208893299102783;10;329.3437500000004;307.3359375;[  0   4  15  34  35  38  39  62  94 130];64;64;0;0;0.05262279510498047
I;31;4.339739084243774;10;328.90625;307.3359375;[  0   1   2   4  34  36  38  39  62 130];64;64;0;0;0.05262279510498047
I;32;4.450015068054199;10;328.75;307.3359375;[  0   4  15  34  36  38  39  62  87 130];64;64;0;0;0.05262279510498047
I;33;4.557628154754639;10;328.59765625000074;307.3359375;[  0   4  15  21  35  36  38  39  62 130];64;64;0;0;0.05262279510498047
I;34;4.667585134506226;10;328.59765625;307.3359375;[  0   4  21  24  34  36  38  39  62 130];64;64;0;0;0.05262279510498047
I;35;4.7755351066589355;10;328.4375;307.3359375;[  0   1   4  15  34  36  38  39  62 130];64;64;0;0;0.05262279510498047
I;36;4.8844780921936035;10;327.59765625;307.3359375;[  0   4   6  15  34  36  38  39  62 130];64;64;0;0;0.05262279510498047
I;37;4.996506214141846;10;327.53125;307.3359375;[  0   1   4  21  34  38  39  62  94 130];64;64;0;0;0.05262279510498047
I;38;5.104897975921631;10;327.271484375;307.3359375;[  0   4  15  34  35  36  38  39  62 130];64;64;0;0;0.05262279510498047
I;39;5.215904951095581;10;327.16796875;307.3359375;[  0   4   6  15  21  36  38  39  62 130];64;64;0;0;0.05262279510498047
I;40;8.872179985046387;10;326.849609375001;310.791015625;[  0   4  15  35  36  38  39  62  83 130];128;128;0;0;0.1053016185760498
I;41;9.11429500579834;10;326.4404296875;310.791015625;[  0   4   6  15  34  36  38  39  62 130];128;128;0;0;0.1053016185760498
I;42;9.348626136779785;10;326.0;310.791015625;[  0   4  15  21  24  35  36  39  62 130];128;128;0;0;0.1053016185760498
I;43;9.589388132095337;10;326.0;310.791015625;[  0   4  15  34  35  36  39  62  89 130];128;128;0;0;0.1053016185760498
I;44;9.814642190933228;10;326.0;310.791015625;[  0   4   6  15  21  36  39  62  94 130];128;128;0;0;0.1053016185760498
I;45;10.044027090072632;10;326.0;310.791015625;[  0   1   4  15  34  35  38  39  62 130];128;128;0;0;0.1053016185760498
I;46;10.282360076904297;10;326.0;310.791015625;[  0   4  15  24  34  36  39  62  87 130];128;128;0;0;0.1053016185760498
I;47;10.52279806137085;10;326.0;310.791015625;[  0   4  35  36  38  39  62  89 110 130];128;128;0;0;0.1053016185760498
I;48;10.760769128799438;10;325.9833984375;310.791015625;[  0   2   4   6  15  35  36  39  62 130];128;128;0;0;0.1053016185760498
I;49;10.984833002090454;10;325.9814453125004;310.791015625;[  0   4   6  15  34  36  38  39  62 130];128;128;0;0;0.1053016185760498
I;50;18.03810715675354;10;325.7119140625;316.2431640625;[  0   4  15  21  35  36  39  62  87 130];240;248;0;0;0.20440936088562012
I;51;18.4552321434021;10;325.56787109375;316.2431640625;[  0   4  24  34  36  38  39  62  94 130];248;248;0;0;0.20440936088562012
I;52;18.906363248825073;10;325.46875;316.2431640625;[  0   4   6  15  34  36  39  62  67 130];248;248;0;0;0.20440936088562012
I;53;19.307746171951294;10;325.44140625;316.2431640625;[  0   4  15  34  38  39  62  87  94 130];248;248;0;0;0.20440936088562012
I;54;19.703439235687256;10;325.43554687500006;316.2431640625;[  0   4  34  35  36  38  39  62  89 130];248;248;0;0;0.20440936088562012
I;55;20.11753010749817;10;325.34765625;316.2431640625;[  0   4  15  34  35  36  38  39  62 130];248;248;0;0;0.20440936088562012
I;56;20.554434061050415;10;325.2355957031264;316.2431640625;[  0   4  15  34  35  36  39  62  87 130];248;248;0;0;0.20440936088562012
I;57;21.011066198349;10;325.224121093751;316.2431640625;[  0   4  15  24  34  36  38  39  62 130];248;248;0;0;0.20440936088562012
I;58;21.44511103630066;10;325.0;316.2431640625;[  0   1   4  15  34  36  38  39  87 130];248;248;0;0;0.20440936088562012
I;59;21.892149925231934;10;324.935546875;316.2431640625;[  0   4  35  36  39  62  87  89 110 130];248;248;0;0;0.20440936088562012
I;60;22.360744953155518;10;324.868652343751;316.2431640625;[  0   4   6  15  34  36  38  39  62 130];248;248;0;0;0.20440936088562012
I;61;34.73737025260925;10;324.5292968750008;317.70703125;[  0   1   4  34  35  36  39  87  89 130];400;448;0;0;0.37146568298339844
I;62;35.49408507347107;10;324.44140625;317.70703125;[  0   4  21  34  38  39  62  87  94 130];448;448;0;0;0.37146568298339844
I;63;36.25491714477539;10;324.4375;317.70703125;[  0   4   6  15  34  36  38  39  62 130];448;448;0;0;0.37146568298339844
I;64;56.449419021606445;10;324.2412109375;318.8033142089844;[  0   4  15  24  34  35  36  39  62 130];634;765;1;0;0.6333174705505371
I;65;57.67231726646423;10;324.2062072753906;318.8033142089844;[  0   4   6  15  34  36  38  39  62 130];765;765;1;0;0.6333174705505371
I;66;90.49127292633057;10;324.115234375;319.6357879638672;[  0   1   4   6  15  34  36  39  87 130];1006;1268;3;0;1.0474238395690918
I;67;92.48400902748108;10;324.115234375;319.6357879638672;[  0   4   6  15  21  36  39  62  87 130];1268;1268;3;0;1.0474238395690918
I;68;94.48651313781738;10;324.0355529785156;319.6357879638672;[  0   4   6  15  34  36  38  39  62 130];1268;1268;3;0;1.0474238395690918
I;69;121.8266212940216;10;323.985595703125;319.8319778442383;[  0   4  15  24  34  36  38  39  62 130];1377;1413;3;0;1.1675682067871094
I;70;124.03489828109741;10;323.96588897705243;319.8319778442383;[  0   4   6  15  34  36  38  39  62 130];1413;1413;3;0;1.1675682067871094
I;71;155.81538915634155;10;323.9199676513672;319.9856185913086;[  0   4   6  15  34  36  38  39  62 130];1512;1608;3;0;1.3285431861877441
I;72;192.02727222442627;10;323.89208984375;320.1248588562012;[  0   2   4  24  34  36  38  39  62 130];1731;1836;3;0;1.516077995300293
I;73;194.83432507514954;10;323.88956069946477;320.1248588562012;[  0   4   6  15  34  36  38  39  62 130];1836;1836;3;0;1.516077995300293
I;74;234.17112922668457;10;323.85618591308594;320.24138259887695;[  0   4   6  15  34  36  38  39  62 130];1930;2039;3;0;1.6836035251617432
I;75;275.150603055954;10;323.84505462646484;320.30722427368164;[  0   4   6  15  34  36  38  39  62 130];2006;2205;3;0;1.8203561305999756
I;76;318.4592299461365;10;323.8432502746582;320.3857612609863;[  0   4   6  15  34  36  38  39  62 130];2156;2355;3;0;1.9444968700408936
I;77;362.67035698890686;10;323.83488845825195;320.43413162231445;[  0   4   6  15  34  36  38  39  62 130];2274;2473;3;0;2.04233980178833
I;78;408.0966761112213;10;323.82736015319824;320.4690570831299;[  0   4   6  15  34  36  38  39  62 130];2365;2569;3;0;2.1217193603515625
I;79;454.38495898246765;10;323.8240966796875;320.492639541626;[  0   4   6  15  34  36  38  39  62 130];2438;2647;3;0;2.186788320541382
I;80;501.55215406417847;10;323.82249641418457;320.51523780822754;[  0   4   6  15  34  36  38  39  62 130];2502;2711;3;0;2.2402937412261963
I;81;549.0633070468903;10;323.82109451293945;320.5338439941406;[  0   4   6  15  34  36  38  39  62 130];2548;2760;3;0;2.2809221744537354
I;82;596.8526201248169;10;323.8185615539551;320.5465660095215;[  0   4   6  15  34  36  38  39  62 130];2584;2796;3;0;2.3111839294433594
I;83;644.781741142273;10;323.81567764282227;320.55529403686523;[  0   4   6  15  34  36  38  39  62 130];2608;2822;3;0;2.3326046466827393
I;84;692.8412930965424;10;323.814998626709;320.5604820251465;[  0   4   6  15  34  36  38  39  62 130];2622;2838;3;0;2.3457555770874023
I;85;740.9046761989594;10;323.8146171569824;320.564640045166;[  0   4   6  15  34  36  38  39  62 130];2635;2851;3;0;2.3564467430114746
I;86;789.1068480014801;10;323.8142204284668;320.56826400756836;[  0   4   6  15  34  36  38  39  62 130];2646;2860;3;0;2.3638112545013428
I;87;837.3118870258331;10;323.8142204284668;320.5706443786621;[  0   4   6  15  34  36  38  39  62 130];2653;2866;3;0;2.368832588195801
I;88;886.2742211818695;10;323.8142204284668;320.57183837890625;[  0   4   6  15  34  36  38  39  62 130];2657;2870;3;0;2.3721208572387695
I;89;934.7245292663574;10;323.81411361694336;320.57312393188477;[  0   4   6  15  34  36  38  39  62 130];2660;2874;3;0;2.375434160232544
I;90;983.11825299263;10;323.81411361694336;320.5741386413574;[  0   4   6  15  34  36  38  39  62 130];2664;2877;3;0;2.3780431747436523
I;91;1031.4978001117706;10;323.81411361694336;320.5744285583496;[  0   4   6  15  34  36  38  39  62 130];2666;2879;3;0;2.379768133163452
I;92;1079.9193232059479;10;323.8140068054199;320.5749168395996;[  0   4   6  15  34  36  38  39  62 130];2666;2881;3;0;2.381411075592041
I;93;1128.2113761901855;10;323.8140068054199;320.57534408569336;[  0   4   6  15  34  36  38  39  62 130];2670;2882;3;0;2.38222599029541
I;94;1176.6355061531067;10;323.8137321472168;320.5754051208496;[  0   4   6  15  34  36  38  39  62 130];2671;2883;3;0;2.3830418586730957
I;95;1225.207571029663;10;323.8137321472168;320.57558822631836;[  0   4   6  15  34  36  38  39  62 130];2671;2884;3;0;2.38387393951416
C;95;1273.59090924263;10;323.8137321472168;320.5760154724121;[  0   4   6  15  34  36  38  39  62 130];0;2885;3;0;2.384706974029541
I;1;0.0047092437744140625;10;1000000.0;0;[0 1 2 3 4 5 6 7 8 9];1;1;0;0;0
I;2;0.01293802261352539;10;471.0;0;[  0   1   4  15  21  34  37  39 110 130];1;1;0;0;0
I;3;0.02400994300842285;10;416.0;0;[ 15  21  34  37  47  62  79  87 110 130];1;1;0;0;0
I;4;0.03195500373840332;10;332.0;0;[  0   4  15  34  37  38  39  47 110 123];1;1;0;0;0
I;5;0.04110121726989746;10;332.0;0;[  0   1   4  21  38  39  47 110 122 130];1;1;0;0;0
I;6;0.050950050354003906;10;332.0;0;[  0   1   4  21  37  38  39  62  83 130];1;1;0;0;0
I;7;0.05966591835021973;10;332.0;0;[  0   1   4  15  38  39  47  89 110 130];1;1;0;0;0
I;8;0.06978321075439453;10;332.0;0;[  0   1   4  34  38  39  47  89 122 130];1;1;0;0;0
I;9;0.07985210418701172;10;332.0;0;[  0   1   4  34  38  39  47  58  89 130];1;1;0;0;0
I;10;0.14817404747009277;10;332.0;263.70164233576645;[  0   1   4  34  38  39  62  83 110 130];2;2;0;0;0
I;11;0.27229809761047363;10;332.0;284.60849056603774;[  0   1   4  21  34  36  38  39  62 130];4;4;0;0;0
I;12;0.28826189041137695;10;331.31489722490016;284.60849056603774;[  0   1   4  15  34  36  38  39  62 130];4;4;0;0;0
I;13;0.3041360378265381;10;331.0;284.60849056603774;[  0   4  15  34  35  36  38  39  62 130];4;4;0;0;0
I;14;0.31993818283081055;10;331.0;284.60849056603774;[  0   4   6  15  34  36  38  39  62 130];4;4;0;0;0
I;15;0.33544015884399414;10;330.882299270073;284.60849056603774;[  0   4  34  35  36  38  39  62  89 130];4;4;0;0;0
I;16;0.3538680076599121;10;330.3344795827021;284.60849056603774;[  0   4   6  15  21  36  38  39  62 130];4;4;0;0;0
I;17;0.5964369773864746;10;329.0;306.8223127845465;[  0   2   4  15  35  36  38  39  62 130];8;8;0;0;0
I;18;0.6205499172210693;10;327.86206703622133;306.8223127845465;[  0   4  15  21  35  36  38  39  62 130];8;8;0;0;0
I;19;0.649144172668457;10;327.0;306.8223127845465;[  0   4  35  36  37  38  39  62  89 130];8;8;0;0;0
I;20;0.6830379962921143;10;326.83316691606535;306.8223127845465;[  0   4   6  15  21  36  38  39  62 130];8;8;0;0;0
I;21;1.1837341785430908;10;326.72929156814183;308.9853549182784;[  0   4   6  15  34  36  38  39  62 130];16;16;0;0;0
I;22;1.2254741191864014;10;326.65138394467;308.9853549182784;[  0   4   6  15  34  36  38  39  62 130];16;16;0;0;0
I;23;2.119840145111084;10;326.6355571257402;313.9718598918628;[  0   4   6  15  34  36  38  39  62 130];30;31;0;0;0
I;24;3.2675578594207764;10;326.0940383555984;315.8465635720998;[  0   2   4  24  34  36  38  39  62 130];54;58;0;0;0
I;25;3.3767151832580566;10;326.0;315.8465635720998;[  0   4  15  21  35  36  39  62  89 130];58;58;0;0;0
I;26;3.4852261543273926;10;326.0;315.8465635720998;[  0   4   6  15  34  36  39  62  87 130];58;58;0;0;0
I;27;3.612783193588257;10;325.7960293003725;315.8465635720998;[  0   4  24  34  36  38  39  62  87 130];58;58;0;0;0
I;28;3.7283473014831543;10;325.7725041248532;315.8465635720998;[  0   4  15  24  34  36  38  39  62 130];58;58;0;0;0
I;29;3.8652431964874268;10;325.7109625174563;315.8465635720998;[  0   4   6  15  34  36  38  39  62 130];58;58;0;0;0
I;30;6.893546104431152;10;325.4080188679245;317.1821136686765;[  0   1   4  15  34  38  39  79  94 130];100;108;0;0;0
I;31;7.0787200927734375;10;325.4080188679245;317.1821136686765;[  0   4  15  34  38  39  62  87  94 130];108;108;0;0;0
I;32;7.272698879241943;10;325.19444890118405;317.1821136686765;[  0   4  15  24  34  36  38  39  62 130];108;108;0;0;0
I;33;7.492305040359497;10;325.177489214787;317.1821136686765;[  0   4   6  15  34  36  38  39  62 130];108;108;0;0;0
I;34;13.015475988388062;10;325.1014150943397;318.40929769772214;[  0   1   4  15  34  36  38  39  62 130];180;198;0;0;0
I;35;13.35825514793396;10;325.0872395594501;318.40929769772214;[  0   4  15  34  35  36  39  62  87 130];198;198;0;0;0
I;36;13.706681251525879;10;325.0;318.40929769772214;[  0   1   2   4  24  34  36  38  39 130];198;198;0;0;0
I;37;14.071080923080444;10;324.9865325592361;318.40929769772214;[  0   4   6  15  24  34  36  39  62 130];198;198;0;0;0
I;38;14.38637399673462;10;324.9317666821289;318.40929769772214;[  0   4  15  34  35  36  38  39  62 130];198;198;0;0;0
I;39;14.710155010223389;10;324.882299270073;318.40929769772214;[  0   4  35  36  39  62  87  89 110 130];198;198;0;0;0
I;40;15.079002141952515;10;324.8375436379594;318.40929769772214;[  0   4  15  24  34  36  39  62  87 130];198;198;0;0;0
I;41;15.409770965576172;10;324.8140612549973;318.40929769772214;[  0   1   2   4  34  38  39  87  94 130];198;198;0;0;0
I;42;15.755614042282104;10;324.744274586298;318.40929769772214;[  0   4  15  24  34  36  38  39  62 130];198;198;0;0;0
I;43;16.129024982452393;10;324.5940512670439;318.40929769772214;[  0   4  15  34  36  38  39  62  87 130];198;198;0;0;0
I;44;16.467591047286987;10;324.4588975661921;318.40929769772214;[  0   4   6  15  34  36  38  39  62 130];198;198;0;0;0
I;45;26.461121082305908;10;324.35784728084036;319.1821189458656;[  0   1   2   4  34  38  39  40  94 130];324;360;0;0;0
I;46;27.045924186706543;10;324.25441571408913;319.1821189458656;[  0   2   4  34  38  39  62  87  94 130];360;360;0;0;0
I;47;27.647855281829834;10;324.21397148080473;319.1821189458656;[  0   4  15  24  34  36  38  39  62 130];360;360;0;0;0
I;48;28.269125938415527;10;324.14792491644016;319.1821189458656;[  0   2   4  24  34  36  38  39  62 130];360;360;0;0;0
I;49;28.863705158233643;10;324.14331391068805;319.1821189458656;[  0   4   6  15  34  36  38  39  62 130];360;360;0;0;0
I;50;46.86129403114319;10;324.00607853107005;319.76043692124387;[  0   4  15  24  34  36  38  39  62 130];594;657;0;0;0
I;51;47.90569496154785;10;323.9564066588624;319.76043692124387;[  0   4  21  34  38  39  62  87  94 130];657;657;0;0;0
I;52;48.970447063446045;10;323.9241227765279;319.76043692124387;[  0   4   6  15  34  36  38  39  62 130];657;657;0;0;0
I;53;60.8364942073822;10;323.9055972733848;319.94716625319336;[  0   2   4  24  34  36  39  62  94 130];668;674;0;0;0
I;54;61.899816036224365;10;323.86995184228124;319.94716625319336;[  0   4  15  34  38  39  62  87  94 130];674;674;0;0;0
I;55;62.91669511795044;10;323.85308521663916;319.94716625319336;[  0   4  15  24  34  36  38  39  62 130];674;674;0;0;0
I;56;63.99194812774658;10;323.8391423080442;319.94716625319336;[  0   4   6  15  34  36  38  39  62 130];674;674;0;0;0
I;57;76.21638703346252;10;323.8349557519156;320.0527907766637;[  0   4   6  15  34  36  38  39  62 130];684;695;0;0;0
I;58;88.93799304962158;10;323.8270307456766;320.15482999297177;[  0   4   6  15  34  36  38  39  62 130];704;719;0;0;0
I;59;102.11216688156128;10;323.82262934955077;320.2425275349186;[  0   4   6  15  34  36  38  39  62 130];727;745;0;0;0
I;60;115.81283521652222;10;323.81359186072257;320.31582540882164;[  0   4   6  15  34  36  38  39  62 130];753;773;0;0;0
I;61;129.84863424301147;10;323.8064638211895;320.3653082091822;[  0   4   6  15  34  36  38  39  62 130];774;798;0;0;0
I;62;144.31591510772705;10;323.80541133390204;320.4068398138788;[  0   4  15  24  34  36  38  39  62 130];796;822;0;0;0
I;63;145.61749005317688;10;323.79968285468806;320.4068398138788;[  0   4   6  15  34  36  38  39  62 130];822;822;0;0;0
I;64;160.2856161594391;10;323.7972109088727;320.4318925386157;[  0   4   6  15  34  36  38  39  62 130];817;843;0;0;0
I;65;175.12653589248657;10;323.7948570148412;320.45688060007006;[  0   4   6  15  34  36  38  39  62 130];833;861;0;0;0
I;66;190.18638491630554;10;323.7930507974182;320.47660186873145;[  0   4   6  15  34  36  38  39  62 130];847;876;0;0;0
I;67;205.40738725662231;10;323.79246815379594;320.49457742392605;[  0   4   6  15  34  36  38  39  62 130];859;889;0;0;0
I;68;220.7087061405182;10;323.79022456996546;320.5070267138476;[  0   4   6  15  34  36  38  39  62 130];869;899;0;0;0
I;69;236.10387706756592;10;323.78959954592364;320.5175050748701;[  0   4   6  15  34  36  38  39  62 130];877;907;0;0;0
I;70;251.6585831642151;10;323.78878903081755;320.5265090350889;[  0   4   6  15  34  36  38  39  62 130];883;913;0;0;0
I;71;267.1180338859558;10;323.7876212304661;320.5298411673819;[  0   4   6  15  34  36  38  39  62 130];887;917;0;0;0
I;72;282.57532596588135;10;323.78700370726955;320.5342230736869;[  0   4   6  15  34  36  38  39  62 130];891;921;0;0;0
I;73;298.1238651275635;10;323.78642106364725;320.53814202161664;[  0   4   6  15  34  36  38  39  62 130];894;924;0;0;0
I;74;313.6281900405884;10;323.7857087757954;320.5407920126632;[  0   4   6  15  34  36  38  39  62 130];896;926;0;0;0
I;75;329.24962306022644;10;323.7834974942008;320.544108935055;[  0   4   6  15  34  36  38  39  62 130];898;928;0;0;0
C;75;344.70015001296997;10;323.7834974942008;320.54576739625094;[  0   4   6  15  34  36  38  39  62 130];0;929;0;0;0
