1;0.39223408699035645;10;528.0;0;[  0   1  60  63  69  72  78  86  90 104];1;1
2;0.806535005569458;10;514.0;0.0;[  1  60  63  64  69  72  78  86  99 104];1;1
3;1.2147200107574463;10;471.0;0.0;[  1  63  64  69  72  78  86  90  99 104];1;1
4;1.626842975616455;10;471.0;0.0;[  1  63  64  69  72  78  86  90  95 104];1;1
5;2.0380589962005615;10;471.0;0.0;[  1  60  63  64  72  78  86  90  99 104];1;1
6;2.501447916030884;10;468.0;0.0;[  1  63  64  69  72  78  86  95  99 104];2;2
7;2.9081060886383057;10;460.75;0.0;[  1  60  63  64  72  78  86  99 104 119];2;2
8;3.4321470260620117;10;460.75;0.0;[  1  60  63  64  72  78  86  99 104 119];4;4
9;4.095267057418823;10;459.84375;0.0;[  1  60  63  64  72  78  86  99 104 119];8;8
10;4.966521978378296;10;458.0625;57.3125;[  1  60  63  64  72  78  86  99 104 119];14;15
11;6.189849853515625;10;457.1171875;145.125;[  1  60  63  64  72  78  86  99 104 119];22;26
12;7.89512300491333;10;455.78125;229.78125;[  1  60  63  64  72  78  86  99 104 119];32;42
13;10.359202146530151;10;455.16162109375;277.443359375;[  1  60  63  64  72  78  86  99 104 119];50;67
14;13.847743034362793;10;454.864990234375;330.55126953125;[  1  60  63  64  72  78  86  99 104 119];70;102
15;18.76843285560608;10;454.749755859375;367.2705078125;[  1  60  63  64  72  78  86  99 104 119];98;151
16;25.64579701423645;10;454.6996765136719;394.5604248046875;[  1  60  63  64  72  78  86  99 104 119];134;218
17;35.19025492668152;10;454.67564392089844;413.2423400878906;[  1  60  63  64  72  78  86  99 104 119];184;310
18;47.651122093200684;10;454.65665435791016;428.9975128173828;[  1  60  63  64  72  78  86  99 104 119];226;423
19;63.37624192237854;10;454.650447845459;439.3071746826172;[  1  60  63  64  72  78  86  99 104 119];266;556
20;83.21298694610596;10;454.6450548171997;444.98320388793945;[  1  60  63  64  72  78  86  99 104 119];328;720
21;107.8908019065857;10;454.64269971847534;448.7043571472168;[  1  60  63  64  72  78  86  99 104 119];388;914
21;137.03273391723633;10;454.64269971847534;450.9504609107971;[  1  60  63  64  72  78  86  99 104 119];0;1141
