1;0.37401390075683594;10;389.0;0;[  0   1   2   3   4  30  49  78  84 223];1;1
2;0.7569260597229004;10;369.0;0.0;[  0   3  28  30  49  84 122 210 216 223];1;1
3;1.1636230945587158;10;343.0;0.0;[  0   2   3  28  30  84 102 210 216 223];1;1
4;1.5680079460144043;10;339.0;0.0;[  0   3  22  28  30  84 102 176 210 223];1;1
5;1.9705228805541992;10;339.0;0.0;[  0   2   3  22  28  30  84 176 210 223];1;1
6;2.451148748397827;10;339.0;0.0;[  0   2   3  22  28  30  84 176 210 223];2;2
7;3.0404059886932373;10;330.625;0.0;[  0   2   3  22  28  78  84 210 216 223];4;4
8;3.479625940322876;10;330.625;0.0;[  0   2   3  22  28  30  49 210 216 223];4;4
9;3.9142329692840576;10;330.625;0.0;[  0   2   3  22  28  30  84 176 210 223];4;4
10;4.758363962173462;10;329.4375;0.0;[  0   2   3  22  28  30  84 210 216 223];8;8
11;5.243314981460571;10;326.4375;0.0;[  0   2   3  22  28  30  84 176 210 223];8;8
12;6.651866912841797;10;324.34375;0.0;[  0   2   3  22  28  84 176 210 216 223];16;16
13;9.033447980880737;10;323.30859375;0.0;[  0   2   3  22  28  84 176 210 216 223];32;32
14;13.474583148956299;10;322.2265625;0.0;[  0   2   3  28  84 122 176 210 216 223];64;64
15;14.106914043426514;10;322.13671875;0.0;[  0   2   3  22  28  84 176 210 216 223];64;64
16;22.757996082305908;10;320.876953125;5.046875;[  0   2   3  28  84 122 176 210 216 223];126;127
17;23.544206857681274;10;320.818359375;5.046875;[  0   2   3  22  28  84 176 210 216 223];127;127
18;40.19807195663452;10;319.76123046875;17.4560546875;[  0   2   3  28  84 122 176 210 216 223];242;248
19;41.33245396614075;10;319.67919921875;17.4560546875;[  0   2   3  22  28  30  84 176 210 223];248;248
20;42.14358305931091;10;319.64697265625;17.4560546875;[  0   2   3  22  28  30  84 176 210 223];248;248
21;67.88986492156982;10;319.025634765625;100.205078125;[  0   2   3  22  28  30  84 176 210 223];346;421
22;110.75870394706726;10;318.7017822265625;139.60498046875;[  0   2   3  22  28  30  84 176 210 223];566;704
23;183.29145288467407;10;318.3962097167969;170.26617431640625;[  0   2   3  22  28  30  84 176 210 223];938;1173
24;304.6183919906616;10;318.2120056152344;199.98202514648438;[  0   2   3  22  28  30  84 176 210 223];1498;1922
25;506.65141105651855;10;318.0640563964844;226.2089080810547;[  0   2   3  22  28  30  84 176 210 223];2324;3084
26;839.9389259815216;10;317.97619438171387;247.45069885253906;[  0   2   3  22  28  30  84 176 210 223];3560;4864
27;1383.8796181678772;10;317.91730260849;264.33887481689453;[  0   2   3  22  28  30  84 176 210 223];5392;7560
28;2280.2066979408264;10;317.87983894348145;277.26261281967163;[  0   2   3  22  28  30  84 176 210 223];8148;11634
1;0.3819279670715332;10;389.0;0;[  0   1   2   3   4  30  49  78  84 223];1;1
2;0.7770061492919922;10;369.0;0.0;[  0   3  28  30  49  84 122 210 216 223];1;1
3;1.1899127960205078;10;343.0;0.0;[  0   2   3  28  30  84 102 210 216 223];1;1
4;1.5983049869537354;10;339.0;0.0;[  0   3  22  28  30  84 102 176 210 223];1;1
5;2.010936737060547;10;339.0;0.0;[  0   2   3  22  28  30  84 176 210 223];1;1
6;2.5022778511047363;10;339.0;0.0;[  0   2   3  22  28  30  84 176 210 223];2;2
7;3.101480007171631;10;330.625;0.0;[  0   2   3  22  28  78  84 210 216 223];4;4
8;3.5548908710479736;10;330.625;0.0;[  0   2   3  22  28  30  49 210 216 223];4;4
9;3.9994707107543945;10;330.625;0.0;[  0   2   3  22  28  30  84 176 210 223];4;4
10;4.853883981704712;10;329.4375;0.0;[  0   2   3  22  28  30  84 210 216 223];8;8
11;5.346651792526245;10;326.4375;0.0;[  0   2   3  22  28  30  84 176 210 223];8;8
12;6.788470983505249;10;324.34375;0.0;[  0   2   3  22  28  84 176 210 216 223];16;16
13;9.221076011657715;10;323.30859375;0.0;[  0   2   3  22  28  84 176 210 216 223];32;32
14;13.738478899002075;10;322.2265625;0.0;[  0   2   3  28  84 122 176 210 216 223];64;64
15;14.382006883621216;10;322.13671875;0.0;[  0   2   3  22  28  84 176 210 216 223];64;64
16;23.176389932632446;10;320.876953125;5.046875;[  0   2   3  28  84 122 176 210 216 223];126;127
17;23.976144790649414;10;320.818359375;5.046875;[  0   2   3  22  28  84 176 210 216 223];127;127
18;40.76807975769043;10;319.76123046875;17.4560546875;[  0   2   3  28  84 122 176 210 216 223];242;248
19;41.93871092796326;10;319.67919921875;17.4560546875;[  0   2   3  22  28  30  84 176 210 223];248;248
20;42.76533389091492;10;319.64697265625;17.4560546875;[  0   2   3  22  28  30  84 176 210 223];248;248
21;68.69441103935242;10;319.025634765625;100.205078125;[  0   2   3  22  28  30  84 176 210 223];346;421
22;111.61480689048767;10;318.7017822265625;139.60498046875;[  0   2   3  22  28  30  84 176 210 223];566;704
23;184.08605003356934;10;318.3962097167969;170.26617431640625;[  0   2   3  22  28  30  84 176 210 223];938;1173
24;305.2233600616455;10;318.2120056152344;199.98202514648438;[  0   2   3  22  28  30  84 176 210 223];1498;1922
25;506.3379828929901;10;318.0640563964844;226.2089080810547;[  0   2   3  22  28  30  84 176 210 223];2324;3084
26;838.7007968425751;10;317.97619438171387;247.45069885253906;[  0   2   3  22  28  30  84 176 210 223];3560;4864
27;1378.701171875;10;317.91730260849;264.33887481689453;[  0   2   3  22  28  30  84 176 210 223];5392;7560
28;2271.9053440093994;10;317.87983894348145;277.26261281967163;[  0   2   3  22  28  30  84 176 210 223];8148;11634
1;0.3899571895599365;10;389.0;0;[  0   1   2   3   4  30  49  78  84 223];1;1
2;0.7952640056610107;10;369.0;0.0;[  0   3  28  30  49  84 122 210 216 223];1;1
3;1.2150499820709229;10;343.0;0.0;[  0   2   3  28  30  84 102 210 216 223];1;1
4;1.6371421813964844;10;339.0;0.0;[  0   3  22  28  30  84 102 176 210 223];1;1
5;2.0558242797851562;10;339.0;0.0;[  0   2   3  22  28  30  84 176 210 223];1;1
6;2.56583309173584;10;339.0;0.0;[  0   2   3  22  28  30  84 176 210 223];2;2
7;3.1807711124420166;10;330.625;0.0;[  0   2   3  22  28  78  84 210 216 223];4;4
8;3.6452012062072754;10;330.625;0.0;[  0   2   3  22  28  30  49 210 216 223];4;4
9;4.096742153167725;10;330.625;0.0;[  0   2   3  22  28  30  84 176 210 223];4;4
10;4.9670069217681885;10;329.4375;0.0;[  0   2   3  22  28  30  84 210 216 223];8;8
11;5.469253063201904;10;326.4375;0.0;[  0   2   3  22  28  30  84 176 210 223];8;8
12;6.930581092834473;10;324.34375;0.0;[  0   2   3  22  28  84 176 210 216 223];16;16
13;9.40198826789856;10;323.30859375;0.0;[  0   2   3  22  28  84 176 210 216 223];32;32
14;13.981927156448364;10;322.2265625;0.0;[  0   2   3  28  84 122 176 210 216 223];64;64
15;14.646456003189087;10;322.13671875;0.0;[  0   2   3  22  28  84 176 210 216 223];64;64
16;23.623959064483643;10;320.876953125;5.046875;[  0   2   3  28  84 122 176 210 216 223];126;127
17;24.436580181121826;10;320.818359375;5.046875;[  0   2   3  22  28  84 176 210 216 223];127;127
18;41.44479513168335;10;319.76123046875;17.4560546875;[  0   2   3  28  84 122 176 210 216 223];242;248
19;42.624072313308716;10;319.67919921875;17.4560546875;[  0   2   3  22  28  30  84 176 210 223];248;248
20;43.46493411064148;10;319.64697265625;17.4560546875;[  0   2   3  22  28  30  84 176 210 223];248;248
21;69.72978830337524;10;319.025634765625;100.205078125;[  0   2   3  22  28  30  84 176 210 223];346;421
22;113.27429294586182;10;318.7017822265625;139.60498046875;[  0   2   3  22  28  30  84 176 210 223];566;704
23;186.9611110687256;10;318.3962097167969;170.26617431640625;[  0   2   3  22  28  30  84 176 210 223];938;1173
24;309.6988151073456;10;318.2120056152344;199.98202514648438;[  0   2   3  22  28  30  84 176 210 223];1498;1922
25;513.6328740119934;10;318.0640563964844;226.2089080810547;[  0   2   3  22  28  30  84 176 210 223];2324;3084
26;849.494469165802;10;317.97619438171387;247.45069885253906;[  0   2   3  22  28  30  84 176 210 223];3560;4864
27;1395.3560509681702;10;317.91730260849;264.33887481689453;[  0   2   3  22  28  30  84 176 210 223];5392;7560
28;2302.177875995636;10;317.87983894348145;277.26261281967163;[  0   2   3  22  28  30  84 176 210 223];8148;11634
