1;0.40444493293762207;10;274.0;0;[  0   1   2   3   4  30  44  51  98 182];1;1
2;0.822580099105835;10;256.0;0.0;[  0   4  30  44  51  98 138 148 182 203];1;1
3;1.2665350437164307;10;254.0;0.0;[  0   4  30  44  51 138 148 151 200 203];1;1
4;1.704477071762085;10;248.0;0.0;[  0   4  30  44  51 136 138 148 200 209];1;1
5;2.1358139514923096;10;245.0;0.0;[  0   4  30  44  51 136 138 148 151 200];1;1
6;2.5649170875549316;10;245.0;0.0;[  0   4  44  51  98 136 138 148 151 182];1;1
7;4.435270071029663;10;231.484375;0.0;[  0   4  30  44  51  98 138 148 151 182];16;16
8;4.87443995475769;10;231.359375;0.0;[  0   4  30  44  51  98 138 148 151 182];16;16
9;6.877629041671753;10;227.95703125;12.09375;[  0   4  30  44  51  98 138 148 151 182];30;31
10;10.1823570728302;10;226.318359375;29.3203125;[  0   4  30  44  51  98 138 148 151 182];54;58
11;15.724892139434814;10;224.6796875;53.29296875;[  0   4  30  44  51  98 138 148 151 182];92;104
12;24.75602412223816;10;223.5546875;79.0849609375;[  0   4  30  44  51  98 138 148 151 182];152;180
13;39.554861068725586;10;222.8740234375;103.28125;[  0   4  30  44  51  98 138 148 151 182];248;304
14;63.45746326446533;10;222.55523681640625;126.0374755859375;[  0   4  30  44  51  98 138 148 151 182];396;502
15;101.81861114501953;10;222.36561584472656;146.21209716796875;[  0   4  30  44  51  98 138 148 151 182];618;811
16;162.18894410133362;10;222.203369140625;163.93194580078125;[  0   4  30  44  51  98 138 148 151 182];940;1281
17;256.99299812316895;10;222.0767822265625;177.82039642333984;[  0   4  30  44  51  98 138 148 151 182];1418;1990
18;405.83247900009155;10;221.9972324371338;188.88543128967285;[  0   4  30  44  51  98 138 148 151 182];2106;3043
19;638.0931992530823;10;221.94894981384277;197.64624214172363;[  0   4  30  44  51  98 138 148 151 182];3066;4576
20;997.969407081604;10;221.922527551651;204.08924889564514;[  0   4  30  44  51  98 138 148 151 182];4464;6808
21;1549.9457380771637;10;221.90724402666092;208.93325018882751;[  0   4  30  44  51  98 138 148 151 182];6430;10023
22;2422.1183450222015;10;221.89799676835537;212.44663274288177;[  0   4  30  44  51  98 138 148 151 182];9250;14648
I;1;0.41893982887268066;10;274.0;0;[  0   1   2   3   4  30  44  51  98 182];1;1
I;2;0.8549456596374512;10;256.0;0.0;[  0   4  30  44  51  98 138 148 182 203];1;1
I;3;1.296973705291748;10;254.0;0.0;[  0   4  30  44  51 138 148 151 200 203];1;1
I;4;1.739635944366455;10;248.0;0.0;[  0   4  30  44  51 136 138 148 200 209];1;1
I;5;2.185285806655884;10;245.0;0.0;[  0   4  30  44  51 136 138 148 151 200];1;1
I;6;2.6270978450775146;10;245.0;0.0;[  0   4  44  51  98 136 138 148 151 182];1;1
I;7;4.485932111740112;10;231.484375;0.0;[  0   4  30  44  51  98 138 148 151 182];16;16
I;8;4.957441091537476;10;231.359375;0.0;[  0   4  30  44  51  98 138 148 151 182];16;16
I;9;6.956202983856201;10;227.95703125;12.09375;[  0   4  30  44  51  98 138 148 151 182];30;31
I;10;10.276248693466187;10;226.318359375;29.3203125;[  0   4  30  44  51  98 138 148 151 182];54;58
I;11;15.807079792022705;10;224.6796875;53.29296875;[  0   4  30  44  51  98 138 148 151 182];92;104
I;12;24.867790937423706;10;223.5546875;79.0849609375;[  0   4  30  44  51  98 138 148 151 182];152;180
I;13;39.8439838886261;10;222.8729248046875;102.62548828125;[  0   4  30  44  51  98 138 148 151 182];250;305
I;14;64.18297076225281;10;222.5535888671875;125.7132568359375;[  0   4  30  44  51  98 138 148 151 182];398;504
I;15;103.106529712677;10;222.36341857910156;145.88970947265625;[  0   4  30  44  51  98 138 148 151 182];622;815
I;16;163.59969687461853;10;222.201171875;164.84405517578125;[  0   4  30  44  51  98 138 148 151 182];926;1278
I;17;257.7335739135742;10;222.07460403442383;179.17156982421875;[  0   4  30  44  51  98 138 148 151 182];1378;1967
I;18;402.8513398170471;10;221.99528884887695;190.60663604736328;[  0   4  30  44  51  98 138 148 151 182];2002;2968
I;19;626.511522769928;10;221.94747161865234;199.38945198059082;[  0   4  30  44  51  98 138 148 151 182];2850;4393
I;1;0.44727230072021484;10;274.0;0;[  0   1   2   3   4  30  44  51  98 182];1;1
I;2;0.91526198387146;10;256.0;0.0;[  0   4  30  44  51  98 138 148 182 203];1;1
I;3;1.3835561275482178;10;254.0;0.0;[  0   4  30  44  51 138 148 151 200 203];1;1
I;4;1.8573181629180908;10;248.0;0.0;[  0   4  30  44  51 136 138 148 200 209];1;1
I;5;2.3348910808563232;10;245.0;0.0;[  0   4  30  44  51 136 138 148 151 200];1;1
I;6;2.811271905899048;10;245.0;0.0;[  0   4  44  51  98 136 138 148 151 182];1;1
I;7;4.75002908706665;10;231.484375;0.0;[  0   4  30  44  51  98 138 148 151 182];16;16
I;8;5.234720945358276;10;231.359375;0.0;[  0   4  30  44  51  98 138 148 151 182];16;16
I;9;7.321643114089966;10;227.95703125;12.09375;[  0   4  30  44  51  98 138 148 151 182];30;31
I;10;10.757615089416504;10;226.318359375;29.3203125;[  0   4  30  44  51  98 138 148 151 182];54;58
I;11;16.496923208236694;10;224.6796875;53.29296875;[  0   4  30  44  51  98 138 148 151 182];92;104
I;12;25.92451310157776;10;223.5546875;79.0849609375;[  0   4  30  44  51  98 138 148 151 182];152;180
I;13;41.41557598114014;10;222.8729248046875;102.62548828125;[  0   4  30  44  51  98 138 148 151 182];250;305
I;14;66.51910185813904;10;222.5535888671875;125.7132568359375;[  0   4  30  44  51  98 138 148 151 182];398;504
I;15;106.50309085845947;10;222.36341857910156;145.88970947265625;[  0   4  30  44  51  98 138 148 151 182];622;815
I;16;168.97422528266907;10;222.201171875;164.84405517578125;[  0   4  30  44  51  98 138 148 151 182];926;1278
I;17;265.85997796058655;10;222.07460403442383;179.17156982421875;[  0   4  30  44  51  98 138 148 151 182];1378;1967
I;18;414.9757959842682;10;221.99528884887695;190.60663604736328;[  0   4  30  44  51  98 138 148 151 182];2002;2968
I;19;642.5101549625397;10;221.94747161865234;199.38945198059082;[  0   4  30  44  51  98 138 148 151 182];2850;4393
I;20;991.420205116272;10;221.92145037651062;205.72110748291016;[  0   4  30  44  51  98 138 148 151 182];4056;6421
I;21;1515.7680661678314;10;221.9065986275673;210.38968932628632;[  0   4  30  44  51  98 138 148 151 182];5696;9269
I;22;2313.9828741550446;10;221.89772759377956;213.68715888261795;[  0   4  30  44  51  98 138 148 151 182];7986;13262
I;23;3580.7008471488953;10;221.89235954731703;216.08529137074947;[  0   4  30  44  51  98 138 148 151 182];11022;18773
I;1;0.38800787925720215;10;274.0;0;[  0   1   2   3   4  30  44  51  98 182];1;1
I;2;0.7915687561035156;10;256.0;0;[  0   4  30  44  51  98 138 148 182 203];1;1
I;3;1.2077867984771729;10;254.0;0;[  0   4  30  44  51 138 148 151 200 203];1;1
I;4;1.6214406490325928;10;248.0;0;[  0   4  30  44  51 136 138 148 200 209];1;1
I;5;2.0459787845611572;10;245.0;0;[  0   4  30  44  51 136 138 148 151 200];1;1
I;6;2.4600749015808105;10;245.0;0;[  0   4  44  51  98 136 138 148 151 182];1;1
I;7;5.0632545948028564;10;231.484375;186.65625;[  0   4  30  44  51  98 138 148 151 182];16;16
I;8;5.499206781387329;10;231.359375;186.65625;[  0   4  30  44  51  98 138 148 151 182];16;16
I;9;8.231095790863037;10;227.95703125;200.03125;[  0   4  30  44  51  98 138 148 151 182];30;31
I;10;12.052485704421997;10;226.318359375;205.609375;[  0   4  30  44  51  98 138 148 151 182];54;58
I;11;18.350303888320923;10;224.6796875;210.19921875;[  0   4  30  44  51  98 138 148 151 182];92;104
I;12;28.463262796401978;10;223.5546875;213.70556640625;[  0   4  30  44  51  98 138 148 151 182];152;180
I;13;44.91314196586609;10;222.8729248046875;216.375244140625;[  0   4  30  44  51  98 138 148 151 182];250;305
I;14;70.95842099189758;10;222.5535888671875;218.2071533203125;[  0   4  30  44  51  98 138 148 151 182];398;504
I;15;111.9305648803711;10;222.36341857910156;219.40359497070312;[  0   4  30  44  51  98 138 148 151 182];622;815
C;15;173.31245183944702;10;222.36341857910156;220.1455535888672;[  0   4  30  44  51  98 138 148 151 182];0;1278
