1;0.3842580318450928;10;331.0;0;[  0   1   2   3   4  36  58 163 169 175];1;1
2;0.7815098762512207;10;268.0;0.0;[  1   7  36  58 163 169 172 175 201 235];1;1
3;1.1932461261749268;10;268.0;0.0;[  1   7  45  58 148 163 172 175 201 235];1;1
4;1.6100361347198486;10;267.0;0.0;[  1   7  45  54  58 163 172 175 201 235];1;1
5;2.0252749919891357;10;267.0;0.0;[  1   2   7  45  58 163 172 175 201 235];1;1
6;2.4343509674072266;10;263.0;0.0;[  1   2   7  39  45  58 163 172 175 201];1;1
7;2.845541000366211;10;263.0;0.0;[  1   7  36  45  54  58 100 163 172 201];1;1
8;3.2505099773406982;10;263.0;0.0;[  1   2   7  36  39  45  58 163 172 201];1;1
9;3.771773099899292;10;261.0;0.0;[  1   2   7  36  45  58 100 163 172 201];2;2
10;4.422786235809326;10;259.125;0.0;[  1   2   7  36  45  58 100 163 172 201];4;4
11;5.222711801528931;10;258.9375;65.375;[  1   2   7  36  45  58 100 163 172 201];6;7
12;6.1328887939453125;10;258.734375;159.8125;[  1   2   7  36  39  45  58 163 172 201];6;10
13;7.219321012496948;10;258.625;192.296875;[  1   2   7  36  45  58 100 163 172 201];8;14
14;8.354623079299927;10;258.62109375;233.046875;[  1   2   7  36  45  58 100 163 172 201];6;17
15;9.5488440990448;10;258.61328125;245.17578125;[  1   2   7  36  39  45  58 163 172 201];6;20
16;10.737911224365234;10;258.611328125;253.28125;[  1   2   7  36  39  45  58 163 172 201];4;22
17;11.866528987884521;10;258.61083984375;256.3369140625;[  1   2   7  36  45  58 100 163 172 201];2;23
17;12.479426145553589;10;258.61083984375;257.35205078125;[  1   2   7  36  45  58 100 163 172 201];0;23
1;0.401320219039917;10;331.0;0;[  0   1   2   3   4  36  58 163 169 175];1;1
2;0.817331075668335;10;268.0;0.0;[  1   7  36  58 163 169 172 175 201 235];1;1
3;1.2419722080230713;10;268.0;0.0;[  1   7  45  58 148 163 172 175 201 235];1;1
4;1.6675629615783691;10;267.0;0.0;[  1   7  45  54  58 163 172 175 201 235];1;1
5;2.105149030685425;10;267.0;0.0;[  1   2   7  45  58 163 172 175 201 235];1;1
6;2.526978015899658;10;263.0;0.0;[  1   2   7  39  45  58 163 172 175 201];1;1
7;2.957019090652466;10;263.0;0.0;[  1   7  36  45  54  58 100 163 172 201];1;1
8;3.3752710819244385;10;263.0;0.0;[  1   2   7  36  39  45  58 163 172 201];1;1
9;3.912628173828125;10;261.0;0.0;[  1   2   7  36  45  58 100 163 172 201];2;2
10;4.587310075759888;10;259.125;0.0;[  1   2   7  36  45  58 100 163 172 201];4;4
11;5.422507047653198;10;258.9375;65.375;[  1   2   7  36  45  58 100 163 172 201];6;7
12;6.36069917678833;10;258.734375;159.8125;[  1   2   7  36  39  45  58 163 172 201];6;10
13;7.4767069816589355;10;258.625;192.296875;[  1   2   7  36  45  58 100 163 172 201];8;14
14;8.647231101989746;10;258.62109375;233.046875;[  1   2   7  36  45  58 100 163 172 201];6;17
15;9.884178161621094;10;258.61328125;245.17578125;[  1   2   7  36  39  45  58 163 172 201];6;20
16;11.11084508895874;10;258.611328125;253.28125;[  1   2   7  36  39  45  58 163 172 201];4;22
17;12.279260158538818;10;258.61083984375;256.3369140625;[  1   2   7  36  45  58 100 163 172 201];2;23
-1;;12.919938087463379;10;258.61083984375;257.35205078125;[  1   2   7  36  45  58 100 163 172 201];0;23
