I;1;0.3957400321960449;10;274.0;0;[  0   1   2   3   4  30  44  51  98 182];1;1
I;2;0.7971460819244385;10;256.0;0.0;[  0   4  30  44  51  98 138 148 182 203];1;1
I;3;1.2215640544891357;10;254.0;0.0;[  0   4  30  44  51 138 148 151 200 203];1;1
I;4;1.6387572288513184;10;248.0;0.0;[  0   4  30  44  51 136 138 148 200 209];1;1
I;5;2.058058023452759;10;245.0;0.0;[  0   4  30  44  51 136 138 148 151 200];1;1
I;6;2.4749629497528076;10;245.0;0.0;[  0   4  44  51  98 136 138 148 151 182];1;1
I;7;2.962550163269043;10;245.0;0.0;[  0   4  44  51  98 136 138 148 151 182];2;2
I;8;3.5418131351470947;10;245.0;0.0;[  0   4  44  51  98 136 138 148 151 182];4;4
I;9;4.300313234329224;10;245.0;0.0;[  0   4  44  51  98 136 138 148 151 182];8;8
I;10;5.398474931716919;10;245.0;0.0;[  0   4  44  51  98 136 138 148 151 182];16;16
I;11;7.208896160125732;10;245.0;0.0;[  0   4  44  51  98 136 138 148 151 182];32;32
I;12;10.437437057495117;10;245.0;0.0;[  0   4  44  51  98 136 138 148 151 182];64;64
I;13;16.5072078704834;10;245.0;0.0;[  0   4  44  51  98 136 138 148 151 182];128;128
I;14;28.536677837371826;10;245.0;0.0;[  0   4  44  51  98 136 138 148 151 182];256;256
I;15;52.041499853134155;10;245.0;0.0;[  0   4  44  51  98 136 138 148 151 182];512;512
I;16;99.09427618980408;10;245.0;0.0;[  0   4  44  51  98 136 138 148 151 182];1024;1024
I;17;194.84984302520752;10;245.0;0.0;[  0   4  44  51  98 136 138 148 151 182];2048;2048
I;18;396.23899388313293;10;245.0;0.0;[  0   4  44  51  98 136 138 148 151 182];4096;4096
I;19;833.773854970932;10;245.0;0.0;[  0   4  44  51  98 136 138 148 151 182];8192;8192
I;20;1808.198898077011;10;245.0;0.0;[  0   4  44  51  98 136 138 148 151 182];16384;16384
