I;1;0.005908012390136719;10;1000000.0;0;[0 1 2 3 4 5 6 7 8 9];1;1;0;0;0
I;2;0.018852710723876953;10;341.0;0;[  0   1   2   3  49  62 234 239 250 256];1;1;0;0;0
I;3;0.03349709510803223;10;341.0;0;[  0  49  60  62 194 198 234 239 250 256];1;1;0;0;0
I;4;0.048071861267089844;10;302.0;0;[  0  60  83  93 167 198 234 239 250 256];1;1;0;0;0
I;5;0.06307673454284668;10;276.0;0;[  0  49  60  62  83 167 194 234 239 246];1;1;0;0;0
I;6;0.07833600044250488;10;271.0;0;[  0  49  62  83 167 198 234 246 250 256];1;1;0;0;0
I;7;0.09429502487182617;10;263.0;0;[  0   1  62  83 167 198 234 246 250 256];1;1;0;0;0
I;8;0.20692992210388184;10;260.0;194.73692810457516;[  0  49  60  62  83 160 167 198 234 250];2;2;0;0;0
I;9;0.22540688514709473;10;253.0;194.73692810457516;[  0   1  60  62  83 167 198 234 250 256];2;2;0;0;0
I;10;0.2453927993774414;10;249.0;194.73692810457516;[  0   1  62 160 167 198 234 246 250 256];2;2;0;0;0
I;11;0.2649209499359131;10;249.0;194.73692810457516;[  0   1  62 160 167 184 198 234 246 250];2;2;0;0;0
I;12;0.2845149040222168;10;248.93300653594804;194.73692810457516;[  0   1  62 160 161 167 184 198 234 250];2;2;0;0;0
I;13;0.30254387855529785;10;248.93300653594773;194.73692810457516;[  0   1  62  83 160 167 198 234 250 256];2;2;0;0;0
I;14;0.32070183753967285;10;248.93300653594773;194.73692810457516;[  0   1  62  93 160 167 184 198 234 250];2;2;0;0;0
I;15;0.3390638828277588;10;248.7892156862745;194.73692810457516;[  0   1  62  83 160 161 167 198 234 250];2;2;0;0;0
I;16;0.3568687438964844;10;248.36111111111111;194.73692810457516;[  0   1  62  83 160 161 167 198 234 250];2;2;0;0;0
I;17;0.563795804977417;10;247.61566418071766;201.14727817196916;[  0   1  62  83 160 161 167 198 234 250];4;4;0;0;0
I;18;0.8222188949584961;10;247.61566418071766;203.13053219017826;[  0   1  62  83 160 161 167 198 234 250];6;6;0;0;0
I;19;1.3057100772857666;10;246.6454248366013;209.0256617806007;[  0   1  62 160 161 167 198 234 250 256];10;10;0;0;0
I;20;1.3402528762817383;10;244.80228758169935;209.0256617806007;[  0   1  49  62  83 160 167 198 234 250];10;10;0;0;0
I;21;1.3767189979553223;10;242.75936025756005;209.0256617806007;[  0   1  62  83 160 167 184 198 234 250];10;10;0;0;0
I;22;1.413599967956543;10;242.75936025756008;209.0256617806007;[  0   1  62  83 160 161 167 198 234 250];10;10;0;0;0
I;23;2.26065993309021;10;242.06838167741202;212.92337420386843;[  0   1  62 160 161 167 198 234 250 256];18;18;0;0;0
I;24;2.3152897357940674;10;240.9624335745769;212.92337420386843;[  0   1  62 160 161 167 198 231 234 250];18;18;0;0;0
I;25;2.369661808013916;10;240.94944395965308;212.92337420386843;[  0   1  49  62  83 160 167 198 234 250];18;18;0;0;0
I;26;2.427785873413086;10;240.79901960784312;212.92337420386843;[  0   1  62  83 160 167 198 234 250 256];18;18;0;0;0
I;27;2.4885640144348145;10;240.60851069462774;212.92337420386843;[  0   1  62  83 160 161 167 198 234 250];18;18;0;0;0
I;28;3.812525987625122;10;240.456931981917;214.77739635899755;[  0   1  49  62 160 167 184 198 234 250];29;29;0;0;0
I;29;3.8992440700531006;10;240.45693198191645;214.77739635899755;[  0   1  49  60  62 160 161 167 234 250];29;29;0;0;0
I;30;4.008770942687988;10;240.4569319819171;214.77739635899755;[  0   1  49  62 160 161 167 198 234 250];29;29;0;0;0
I;31;4.0928120613098145;10;239.9714223901913;214.77739635899755;[  0   1  62 160 161 167 198 234 246 250];29;29;0;0;0
I;32;4.174337863922119;10;239.7666017061925;214.77739635899755;[  0   1  49  62 160 161 167 202 234 250];29;29;0;0;0
I;33;4.254525899887085;10;239.76660170619238;214.77739635899755;[  0   1  49  62 160 161 167 198 234 250];29;29;0;0;0
I;34;7.0594658851623535;10;239.7120947418364;222.89533548047606;[  0   1  49  62  83 160 167 198 234 250];58;58;0;0;0
I;35;7.2200047969818115;10;238.97973096217535;222.89533548047606;[  0   1  62  83 160 161 167 198 234 250];58;58;0;0;0
I;36;7.3602988719940186;10;238.31512363781488;222.89533548047606;[  0   1  62  83 160 167 198 234 246 250];58;58;0;0;0
I;37;7.505495071411133;10;238.25938805375802;222.89533548047606;[  0   1  49  62 160 167 198 231 234 250];58;58;0;0;0
I;38;7.655401945114136;10;238.25787594266183;222.89533548047606;[  0   1  62 160 161 167 198 234 246 250];58;58;0;0;0
I;39;7.815098762512207;10;238.17470861346706;222.89533548047606;[  0   1  49  62 160 161 167 198 234 250];58;58;0;0;0
I;40;10.37146282196045;10;238.0659030144612;224.37848177574259;[  0   1  60  62  83 160 161 167 234 250];70;70;0;0;0
I;41;10.538692712783813;10;238.0659030144618;224.37848177574259;[  0   1  62  83 160 167 184 198 234 250];70;70;0;0;0
I;42;10.712517738342285;10;238.06590301446147;224.37848177574259;[  0   1  62  83 160 161 167 198 234 250];70;70;0;0;0
I;43;10.879920721054077;10;237.87330402666512;224.37848177574259;[  0   1  49  62 160 161 167 202 234 250];70;70;0;0;0
I;44;11.05485200881958;10;237.87330402666512;224.37848177574259;[  0   1  49  62 160 161 167 198 234 256];70;70;0;0;0
I;45;11.226867914199829;10;237.87330402666512;224.37848177574259;[  0   1  49  62 160 161 167 198 234 250];70;70;0;0;0
I;46;14.401218891143799;10;237.7546892444042;225.04252904193345;[  0   1  62  83 160 161 167 198 234 250];86;86;0;0;0
I;47;14.592292070388794;10;237.74659757552928;225.04252904193345;[  0   1  49  62  83 160 167 198 234 250];86;86;0;0;0
I;48;14.801626920700073;10;237.66508638048612;225.04252904193345;[  0   1  49  62 160 161 167 198 234 250];86;86;0;0;0
I;49;18.38632893562317;10;237.62103097028927;225.42909058557245;[  0   1  62  83 160 161 167 198 234 250];101;101;0;0;0
I;50;18.644349813461304;10;237.56755721013326;225.42909058557245;[  0   1  62  83 160 161 167 198 234 250];101;101;0;0;0
I;51;21.98518395423889;10;237.54533676917853;225.42909058557245;[  0   1  62  83 160 161 167 198 234 250];106;106;0;0;0
I;52;25.46483087539673;10;237.54083255825486;225.42909058557245;[  0   1  49  62 160 161 167 198 234 250];111;111;0;0;0
I;53;25.70376491546631;10;237.5363828894584;225.42909058557245;[  0   1  49  62  83 128 160 167 234 250];111;111;0;0;0
I;54;25.955185890197754;10;237.5363828894584;225.42909058557245;[  0   1  49  62  83 160 167 198 234 250];111;111;0;0;0
I;55;26.229870080947876;10;237.50927215657353;225.42909058557245;[  0   1  49  62 160 161 167 198 234 250];111;111;0;0;0
I;56;30.56765580177307;10;237.47781345269482;225.72169137595967;[  0   1  49  62 160 161 167 198 234 250];120;127;0;0;0
I;57;35.11795997619629;10;237.46409430471263;225.8671512583702;[  0   1  62  83 160 161 167 198 234 250];139;139;0;0;0
I;58;35.452215909957886;10;237.40918147254064;225.8671512583702;[  0   1  49  62 160 161 167 198 234 250];139;139;0;0;0
I;59;40.21079087257385;10;237.4031224835373;225.94473707985625;[  0   1  49  62  93 160 167 198 234 250];149;149;0;0;0
I;60;40.54904389381409;10;237.37781433937087;225.94473707985625;[  0   1  49  62 160 161 167 198 234 250];149;149;0;0;0
I;61;45.47417092323303;10;237.36583570808358;225.9835640119917;[  0   1  49  62 160 161 167 198 234 250];157;157;0;0;0
I;62;50.585700035095215;10;237.357993255901;226.01585378826684;[  0   1  49  62 160 161 167 198 234 250];164;164;0;0;0
I;63;55.905242919921875;10;237.34878804062024;226.0370655751851;[  0   1  49  62 160 161 167 198 234 250];171;171;0;0;0
I;64;61.2841420173645;10;237.34878804062024;226.0618519477303;[  0   1  49  62 160 161 167 198 234 250];177;177;0;0;0
I;65;66.93319702148438;10;237.3486579659483;226.0865080435134;[  0   1  49  62 160 161 167 198 234 250];183;183;0;0;0
I;66;72.67497491836548;10;237.3486579659483;226.08657317946114;[  0   1  49  62 160 161 167 198 234 250];188;188;0;0;0
I;67;78.52170085906982;10;237.3486579659483;226.08660574731334;[  0   1  49  62 160 161 167 198 234 250];193;193;0;0;0
I;68;84.54140591621399;10;237.3486579659483;227.57898699282637;[  0   1  49  62 160 161 167 198 234 250];198;198;0;0;0
I;69;90.85482788085938;10;237.329389490023;228.9907006373041;[  0   1  62  83 160 161 167 198 234 250];205;205;0;0;0
I;70;91.28622484207153;10;237.31139026240314;228.9907006373041;[  0   1  62 160 161 167 198 234 246 250];205;205;0;0;0
I;71;91.72130584716797;10;237.23865547229693;228.9907006373041;[  0   1  49  62  93 160 167 198 234 250];205;205;0;0;0
I;72;92.17387795448303;10;237.18675969901625;228.9907006373041;[  0   1  62  83 160 167 198 234 250 256];205;205;0;0;0
I;73;92.61157608032227;10;237.05851778539602;228.9907006373041;[  0   1  49  62 160 161 167 198 234 250];205;205;0;0;0
I;74;99.45883584022522;10;236.9964132850129;230.12683336056278;[  0   1  62  83 160 161 167 198 234 250];217;217;0;0;0
I;75;99.93251395225525;10;236.9486373690007;230.12683336056278;[  0   1  49  62  83 160 167 198 234 250];217;217;0;0;0
I;76;100.40708780288696;10;236.69544706628076;230.12683336056278;[  0   1  49  62 160 161 167 198 234 256];217;217;0;0;0
I;77;100.89739394187927;10;236.69544706628156;230.12683336056278;[  0   1  49  62 160 161 167 198 234 250];217;217;0;0;0
I;78;108.57010889053345;10;236.60299417404798;231.0895056667057;[  0   1  49  62  93 160 167 198 234 250];236;236;0;0;0
I;79;109.05427289009094;10;236.5774864072531;231.0895056667057;[  0   1  62  83 160 161 167 198 234 250];236;236;0;0;0
I;80;109.59548377990723;10;236.36647880688363;231.0895056667057;[  0   1  62 160 161 167 198 234 246 250];236;236;0;0;0
I;81;110.09488105773926;10;236.32777786659472;231.0895056667057;[  0   1  62 160 167 198 234 246 250 256];236;236;0;0;0
I;82;110.60166501998901;10;236.29367901019955;231.0895056667057;[  0   1  49  62 160 161 167 198 234 250];236;236;0;0;0
I;83;119.3092348575592;10;236.23853438734903;231.67939854474614;[  0   1  49  62  83 160 167 198 234 250];262;262;0;0;0
I;84;119.86994981765747;10;236.0849536810693;231.67939854474614;[  0   1  62  83 160 161 167 198 234 250];262;262;0;0;0
I;85;120.42545199394226;10;236.0809334901514;231.67939854474614;[  0   1  49  62  83 160 167 198 234 250];262;262;0;0;0
I;86;128.28170704841614;10;236.0809334901514;231.67939854474614;[  0   1  49  62  83 160 167 198 234 250];265;265;0;0;0
I;87;136.5053927898407;10;236.0762547990542;231.67939854474614;[  0   1  49  62 160 161 167 198 234 256];271;271;0;0;0
I;88;137.08496689796448;10;236.07625479905516;231.67939854474614;[  0   1  49  62 160 161 167 198 234 250];271;271;0;0;0
I;89;147.30644989013672;10;236.04799998791384;232.07040419882642;[  0   1  49  62  83 160 167 198 234 250];290;303;0;0;0
I;90;147.92528295516968;10;236.03129667017112;232.07040419882642;[  0   1  49  62  83 160 167 198 234 250];303;303;0;0;0
I;91;157.31280994415283;10;235.98878339745116;232.07040419882642;[  0   1  49  62 160 161 167 202 234 250];310;310;0;0;0
I;92;157.9727029800415;10;235.98878339745144;232.07040419882642;[  0   1  49  62 160 161 167 198 234 250];310;310;0;0;0
I;93;169.335022687912;10;235.91172398049105;232.41102279113522;[  0   1  49  62 160 161 167 198 234 250];323;343;0;0;0
I;94;181.30246090888977;10;235.91099987227224;232.66839931861455;[  0   1  49  62  83 160 167 198 234 250];372;372;0;0;0
I;95;182.08228182792664;10;235.82672288289277;232.66839931861455;[  0   1  62  83 160 161 167 198 234 250];372;372;0;0;0
I;96;182.86950993537903;10;235.82167432189462;232.66839931861455;[  0   1  49  62 160 161 167 198 234 250];372;372;0;0;0
I;97;195.707181930542;10;235.8180202571369;232.88833373824454;[  0   1  49  62  83 160 167 198 234 250];401;401;0;0;0
I;98;196.52994680404663;10;235.80180209374217;232.88833373824454;[  0   1  49  62  83 160 167 198 234 250];401;401;0;0;0
I;99;208.5429470539093;10;235.76725622526612;232.88833373824454;[  0   1  49  62 160 161 167 198 234 250];404;404;0;0;0
I;100;222.53957772254944;10;235.75340196437398;233.02721031703706;[  0   1  49  62  83 160 167 198 234 250];414;437;0;0;0
I;101;223.41767191886902;10;235.74802707582128;233.02721031703706;[  0   1  49  62  83 160 167 198 234 250];437;437;0;0;0
I;102;236.44455909729004;10;235.73758607458717;233.02721031703706;[  0   1  49  62 160 161 167 198 234 250];440;440;0;0;0
I;103;250.7057168483734;10;235.72839021680846;233.1222453055136;[  0   1  49  62 160 161 167 198 234 250];432;461;0;0;0
I;104;264.9352958202362;10;235.72041786157345;233.18324268922592;[  0   1  49  62 160 161 167 198 234 250];472;472;0;0;0
I;105;279.34185910224915;10;235.7144483266965;233.21712437481258;[  0   1  49  62  83 160 167 198 234 250];481;481;0;0;0
I;106;280.3308789730072;10;235.71015965173137;233.21712437481258;[  0   1  49  62 160 161 167 198 234 250];481;481;0;0;0
I;107;294.95968675613403;10;235.70434453581916;233.25141604614828;[  0   1  49  62 160 161 167 198 234 250];488;488;0;0;0
I;108;309.65209698677063;10;235.69759264807323;233.27638566708927;[  0   1  49  62 160 161 167 198 234 250];493;493;0;0;0
I;109;324.34930896759033;10;235.69421672784887;233.29171696419465;[  0   1  49  62 160 161 167 198 234 250];497;497;0;0;0
I;110;339.14943385124207;10;235.69062768453318;233.29853881265458;[  0   1  49  62 160 161 167 198 234 250];500;500;0;0;0
I;111;353.8492169380188;10;235.68761538002852;233.30440614789316;[  0   1  49  62 160 161 167 198 234 250];502;502;0;0;0
I;112;368.61655282974243;10;235.68460378645835;233.31027146511414;[  0   1  49  62 160 161 167 198 234 250];504;504;0;0;0
I;113;383.4085958003998;10;235.68460378645835;233.31027247412294;[  0   1  49  62 160 161 167 198 234 250];505;505;0;0;0
I;114;398.20091795921326;10;235.68460378645835;233.31027297862735;[  0   1  49  62 160 161 167 198 234 250];506;506;0;0;0
I;115;412.9806568622589;10;235.68460378645835;233.31027323087957;[  0   1  49  62 160 161 167 198 234 250];507;507;0;0;0
I;116;427.85094690322876;10;235.68460378645835;233.31027335700566;[  0   1  49  62 160 161 167 198 234 250];508;508;0;0;0
I;117;442.7200529575348;10;235.68460378645835;233.3102734200687;[  0   1  49  62 160 161 167 198 234 250];509;509;0;0;0
I;118;457.60255193710327;10;235.68460378645835;233.3188790202741;[  0   1  49  62 160 161 167 198 234 250];510;510;0;0;0
I;119;472.6167688369751;10;235.68241497501486;233.3223800998126;[  0   1  49  62 160 161 167 198 234 250];511;511;0;0;0
I;120;487.5795588493347;10;235.68241497501486;233.32558482969213;[  0   1  49  62 160 161 167 198 234 250];512;512;0;0;0
C;120;502.52082777023315;10;235.68241497501486;233.3296181846651;[  0   1  49  62 160 161 167 198 234 250];0;513;0;0;0
