1;0.39069581031799316;10;355.0;0;[ 0  1  2  3  4  5 59 67 75 87];1;1
2;0.8177809715270996;10;355.0;0.0;[  0  59  67  75  76  87 143 165 211 226];1;1
3;1.4645109176635742;10;355.0;0.0;[  0   2  17  59  67  75  87 130 165 226];4;4
4;1.9165258407592773;10;355.0;0.0;[  0   2  44  59  67  75  87 142 165 226];4;4
5;2.3358569145202637;10;355.0;0.0;[  0   2  44  59  67  75  76  87 165 226];4;4
6;3.0418097972869873;10;353.5625;81.625;[  0   2  59  67  75  76  87 130 211 226];6;7
7;3.469012975692749;10;353.3125;81.625;[  0   2   3  59  67  75  76  87 211 226];7;7
8;5.490496873855591;10;353.01171875;83.921875;[  0   2   3  59  67  75  76  87 211 226];22;25
9;7.541080713272095;10;352.861328125;159.6796875;[  0   2   3  59  67  75  76  87 211 226];32;41
10;10.457087993621826;10;352.65185546875;219.58984375;[  0   2   3  59  67  75  76  87 211 226];44;63
11;14.623267650604248;10;352.5791015625;257.6767578125;[  0  59  67  75  76  87 125 130 211 226];62;94
12;15.375432968139648;10;352.5791015625;257.6767578125;[  0   2   3  59  67  75  76  87 211 226];94;94
13;21.250353813171387;10;352.52825927734375;288.18017578125;[  0   2   3  59  67  75  76  87 211 226];84;136
14;29.528217792510986;10;352.4922790527344;306.5098876953125;[  0   2   3  59  67  75  76  87 211 226];118;195
15;40.91658282279968;10;352.46839904785156;320.91326904296875;[  0   2   3  59  67  75  76  87 211 226];160;275
16;56.150516986846924;10;352.4505195617676;331.8263397216797;[  0   2   3  59  67  75  76  87 211 226];206;378
17;75.58889174461365;10;352.44064712524414;340.02737045288086;[  0   2   3  59  67  75  76  87 211 226];242;499
18;99.93178486824036;10;352.4350929260254;345.0365753173828;[  0   2   3  59  67  75  76  87 211 226];278;638
19;129.96366596221924;10;352.4322762489319;347.98243713378906;[  0   2   3  59  67  75  76  87 211 226];314;795
19;165.0198118686676;10;352.4322762489319;349.630087852478;[  0   2   3  59  67  75  76  87 211 226];0;974
I;1;0.3968839645385742;10;355.0;0;[ 0  1  2  3  4  5 59 67 75 87];1;1
I;2;0.8351039886474609;10;355.0;0.0;[  0  59  67  75  76  87 143 165 211 226];1;1
I;3;1.4787037372589111;10;355.0;0.0;[  0   2  17  59  67  75  87 130 165 226];4;4
I;4;1.9323909282684326;10;355.0;0.0;[  0   2  44  59  67  75  87 142 165 226];4;4
I;5;2.363584041595459;10;355.0;0.0;[  0   2  44  59  67  75  76  87 165 226];4;4
I;6;3.0907208919525146;10;353.5625;81.625;[  0   2  59  67  75  76  87 130 211 226];6;7
I;7;3.533389091491699;10;353.3125;81.625;[  0   2   3  59  67  75  76  87 211 226];7;7
I;8;5.630743980407715;10;353.01171875;83.921875;[  0   2   3  59  67  75  76  87 211 226];22;25
I;9;7.7967529296875;10;352.861328125;159.6796875;[  0   2   3  59  67  75  76  87 211 226];32;41
I;10;10.712544918060303;10;352.65185546875;230.888671875;[  0   2   3  59  67  75  76  87 211 226];40;61
I;11;14.250277757644653;10;352.609375;291.57080078125;[  0   2   3  59  67  75  76  87 211 226];40;81
I;12;18.471769094467163;10;352.57720947265625;319.4912109375;[  0   2   3  59  67  75  76  87 211 226];42;102
I;13;23.442011833190918;10;352.557861328125;333.84808349609375;[  0   2   3  59  67  75  76  87 211 226];46;125
I;14;29.55522394180298;10;352.5471954345703;340.69989013671875;[  0   2   3  59  67  75  76  87 211 226];56;153
I;15;37.12628769874573;10;352.539421081543;344.5214080810547;[  0   2   3  59  67  75  76  87 211 226];72;189
I;16;46.46941590309143;10;352.5353507995606;347.09580993652344;[  0   2   3  59  67  75  76  87 211 226];90;234
C;16;56.971197843551636;10;352.5353507995606;349.0317153930664;[  0   2   3  59  67  75  76  87 211 226];0;284
