I;1;0.004701852798461914;10;1000000.0;0;[0 1 2 3 4 5 6 7 8 9];1;1;0;0;0
I;2;0.013087987899780273;10;364.0;0;[  0   1   2  16  22  58  73  78  86 106];1;1;0;0;0
I;3;0.02221202850341797;10;179.0;0;[  0   1   7  16  22  58  73  78  86 106];1;1;0;0;0
I;4;0.14898300170898438;10;179.0;95.625;[  4   7  69  73 126 127 128 129 130 136];1;3;0;0;0.0017049312591552734
I;5;0.15996408462524414;10;179.0;95.625;[  1   4   7  25  48  69  73 129 130 136];3;3;0;0;0.0017049312591552734
I;6;0.17255020141601562;10;179.0;95.625;[  1   7  21  39  48  69  73  96 106 136];3;3;0;0;0.0017049312591552734
I;7;0.5525081157684326;10;179.0;107.71875;[  7  48  69  73  86  90  96  97 131 136];3;9;0;0;0.006639242172241211
I;8;0.5749039649963379;10;179.0;107.71875;[  7  21  48  69  73  88  90 106 131 136];9;9;0;0;0.006639242172241211
I;9;0.5974938869476318;10;179.0;107.71875;[  7  16  48  57  69  86  88  90  97 136];9;9;0;0;0.006639242172241211
I;10;0.6202669143676758;10;179.0;107.71875;[  1   7  16  38  49  69  73 106 131 136];9;9;0;0;0.006639242172241211
I;11;0.6434512138366699;10;179.0;107.71875;[  7  16  25  48  69  86  90 106 131 136];9;9;0;0;0.006639242172241211
I;12;0.6653728485107422;10;175.96875;107.71875;[  1   4   7  25  38  48  69 106 131 136];9;9;0;0;0.006639242172241211
I;13;0.6887960433959961;10;175.96875;107.71875;[  1   4   7  25  38  69  86 106 131 136];9;9;0;0;0.006639242172241211
I;14;0.7100012302398682;10;175.96875;107.71875;[  4   7  16  38  48  49  69  86 106 136];9;9;0;0;0.006639242172241211
I;15;0.7328901290893555;10;175.96875;107.71875;[  4   7  16  48  57  69  86 106 131 136];9;9;0;0;0.006639242172241211
I;16;0.7550899982452393;10;175.96875;107.71875;[  4   7  16  25  48  69  78  86 131 136];9;9;0;0;0.006639242172241211
I;17;0.7772200107574463;10;175.96875;107.71875;[  4   7  16  25  48  57  69 106 131 136];9;9;0;0;0.006639242172241211
I;18;0.8000750541687012;10;175.96875;107.71875;[  4   7  16  25  57  69  86 106 131 136];9;9;0;0;0.006639242172241211
I;19;0.8240811824798584;10;175.96875;107.71875;[  1   4   7  16  48  69  86 106 131 136];9;9;0;0;0.006639242172241211
I;20;0.9286651611328125;10;175.59375000000006;113.5625;[  1   7  16  25  48  69  86 106 111 136];9;10;0;0;0.0074443817138671875
I;21;0.9546411037445068;10;175.59375000000009;113.5625;[  7  16  25  48  49  69  86 106 131 136];10;10;0;0;0.0074443817138671875
I;22;0.9825961589813232;10;175.59375;113.5625;[  7  16  17  25  69  86  94 106 131 136];10;10;0;0;0.0074443817138671875
I;23;1.3673169612884521;10;175.03125000000017;133.6171875;[  1   7  16  17  25  69  86 106 131 136];10;16;0;0;0.012653589248657227
I;24;1.4026570320129395;10;175.03125;133.6171875;[  7  16  17  25  49  69  86 106 111 136];16;16;0;0;0.012653589248657227
I;25;1.4398589134216309;10;175.03125;133.6171875;[  7  16  17  25  49  69  86 106 131 136];16;16;0;0;0.012653589248657227
I;26;1.4757659435272217;10;175.0;133.6171875;[  4   7  16  17  25  69  86 106 131 136];16;16;0;0;0.012653589248657227
I;27;1.5127458572387695;10;174.90625;133.6171875;[  7  16  17  25  49  69  86 106 131 136];16;16;0;0;0.012653589248657227
I;28;1.9076001644134521;10;174.78125000000017;142.4921875;[  7  16  17  25  69  86  94 106 131 136];16;22;0;0;0.017610549926757812
I;29;1.9555790424346924;10;174.4765625000001;142.4921875;[  4   7  16  25  49  69  86 106 131 136];22;22;0;0;0.017610549926757812
I;30;2.001690149307251;10;174.46875;142.4921875;[  1   7  16  17  25  69  86 106 131 136];22;22;0;0;0.017610549926757812
I;31;2.0520670413970947;10;174.21875000000017;142.4921875;[  7  16  17  25  49  69  86 106 131 136];22;22;0;0;0.017610549926757812
I;32;2.4784939289093018;10;173.93750001749376;146.4453125;[  1   7  16  17  25  69  86 106 124 136];22;28;0;0;0.022522926330566406
I;33;2.535867214202881;10;173.9375;146.4453125;[  1   7  16  17  25  69  86 106 131 136];28;28;0;0;0.022522926330566406
I;34;2.5930869579315186;10;173.892578125;146.4453125;[  7  16  17  25  69  86  94 106 131 136];28;28;0;0;0.022522926330566406
I;35;2.6478519439697266;10;173.65625;146.4453125;[  7  16  17  25  69  86  88 106 131 136];28;28;0;0;0.022522926330566406
I;36;2.704615831375122;10;173.189453125;146.4453125;[  7  16  17  25  49  69  86 106 131 136];28;28;0;0;0.022522926330566406
I;37;2.825850009918213;10;173.189453125;146.6953125;[  7  16  17  25  69  86  94 106 131 136];28;29;0;0;0.023387908935546875
I;38;2.8879330158233643;10;172.892578125;146.6953125;[  7  16  17  25  48  69  86 106 131 136];29;29;0;0;0.023387908935546875
I;39;2.949831247329712;10;172.892578125;146.6953125;[  1   7  16  17  25  69  86 106 131 136];29;29;0;0;0.023387908935546875
I;40;3.0113279819488525;10;172.845703125;146.6953125;[  7  16  17  25  49  69  86 106 131 136];29;29;0;0;0.023387908935546875
I;41;3.1517510414123535;10;172.845703125;147.0234375;[  7  16  17  25  69  86  94 106 131 136];29;30;0;0;0.024217844009399414
I;42;3.2100751399993896;10;172.7890625;147.0234375;[  1   7  16  17  25  49  69 106 131 136];30;30;0;0;0.024217844009399414
I;43;3.2802720069885254;10;172.548828125;147.0234375;[  1   7  16  17  25  69  86 106 131 136];30;30;0;0;0.024217844009399414
I;44;3.3458170890808105;10;172.501953125;147.0234375;[  7  16  17  25  49  69  86 106 131 136];30;30;0;0;0.024217844009399414
I;45;3.5923609733581543;10;172.501953125;147.296875;[  7  16  17  25  69  86  94 106 131 136];30;33;0;0;0.026602745056152344
I;46;3.664702892303467;10;172.361328125;147.296875;[  7  16  17  25  38  69  86 106 131 136];33;33;0;0;0.026602745056152344
I;47;3.737194061279297;10;172.3203125;147.296875;[  7  16  25  49  69  86  94 106 131 136];33;33;0;0;0.026602745056152344
I;48;3.8072400093078613;10;172.314453125;147.296875;[  7  16  17  25  49  69  86 106 131 136];33;33;0;0;0.026602745056152344
I;49;4.063103914260864;10;172.314453125;147.625;[  7  16  17  25  69  86  94 106 131 136];33;36;0;0;0.02913689613342285
I;50;4.1382341384887695;10;172.205078125;147.625;[  1   7  16  17  25  69  86 106 131 136];36;36;0;0;0.02913689613342285
I;51;4.218193054199219;10;172.068359375;147.625;[  7  16  17  25  69  86  94 106 131 136];36;36;0;0;0.02913689613342285
I;52;4.610454082489014;10;171.771484375;148.3671875;[  7  16  17  25  48  69  86 106 131 136];36;41;0;0;0.033267974853515625
I;53;4.693171977996826;10;171.705078125;148.3671875;[  7  16  17  25  69  86  88 106 131 136];41;41;0;0;0.033267974853515625
I;54;4.796324014663696;10;171.6875;148.3671875;[  7  16  25  48  69  86  88 106 131 136];41;41;0;0;0.033267974853515625
I;55;4.919687986373901;10;171.5859375;148.3671875;[  7  16  17  25  49  69  86 106 131 136];41;41;0;0;0.033267974853515625
I;56;5.013574123382568;10;171.4296875;148.3671875;[  7  16  17  25  38  69  86 106 131 136];41;41;0;0;0.033267974853515625
I;57;5.100356101989746;10;171.40625;148.3671875;[  1   7  16  17  25  69  86 106 131 136];41;41;0;0;0.033267974853515625
I;58;5.1869261264801025;10;171.1484375;148.3671875;[  7  16  17  25  49  69  86 106 131 136];41;41;0;0;0.033267974853515625
I;59;5.34810996055603;10;171.1484375;148.5625;[  7  16  17  25  69  86  94 106 131 136];41;42;0;0;0.03408002853393555
I;60;5.440123081207275;10;171.146484375;148.5625;[  7  16  25  48  69  73  86 106 131 136];42;42;0;0;0.03408002853393555
I;61;5.545083045959473;10;170.927734375;148.5625;[  7  16  25  48  49  69  73 106 111 136];42;42;0;0;0.03408002853393555
I;62;5.656370162963867;10;170.90625;148.5625;[  7  16  17  25  49  69  86 106 124 136];42;42;0;0;0.03408002853393555
I;63;5.759666919708252;10;170.90625;148.5625;[  7  16  17  25  49  69  86 106 131 136];42;42;0;0;0.03408002853393555
I;64;6.285159111022949;10;170.90625;149.7734375;[  7  16  17  25  69  86  94 106 131 136];42;49;0;0;0.03977346420288086
I;65;6.384103059768677;10;170.8984375;149.7734375;[  1   7  16  17  25  69  86 106 131 136];49;49;0;0;0.03977346420288086
I;66;6.515291213989258;10;170.76171875;149.7734375;[  7  16  17  25  49  69  86 106 131 136];49;49;0;0;0.03977346420288086
I;67;6.686139106750488;10;170.76171875;149.8427734375;[  7  16  17  25  69  86  94 106 131 136];49;50;0;0;0.04056668281555176
I;68;6.796110153198242;10;170.7451171875;149.8427734375;[  7  16  17  25  69  86  94 106 131 136];50;50;0;0;0.04056668281555176
I;69;6.966321229934692;10;170.7451171875;149.9013671875;[  7  16  17  25  49  69  86 106 131 136];50;51;0;0;0.04137277603149414
I;70;7.074753999710083;10;170.6982421875;149.9013671875;[  7  16  17  25  49  69  86 106 131 136];51;51;0;0;0.04137277603149414
I;71;7.488180875778198;10;170.6982421875;150.2685546875;[  7  16  17  25  69  86  94 106 131 136];51;56;0;0;0.0454099178314209
I;72;7.608350038528442;10;170.5;150.2685546875;[  7  16  17  25  38  69  86 106 111 136];56;56;0;0;0.0454099178314209
I;73;7.726861000061035;10;170.5;150.2685546875;[  7  16  17  25  38  69  86 106 131 136];56;56;0;0;0.0454099178314209
I;74;7.840290069580078;10;170.49609375;150.2685546875;[  1   7  16  17  25  69  86 106 131 136];56;56;0;0;0.0454099178314209
I;75;7.9672040939331055;10;170.3818359375;150.2685546875;[  7  16  17  25  49  69  86 106 131 136];56;56;0;0;0.0454099178314209
I;76;8.550262928009033;10;170.38183593750057;150.6748046875;[  7  16  17  25  69  86  94 106 131 136];56;63;0;0;0.05123496055603027
I;77;8.697901964187622;10;170.140625;150.6748046875;[  1   7  16  17  25  69  86 106 131 136];63;63;0;0;0.05123496055603027
I;78;8.831813097000122;10;170.0703125;150.6748046875;[  7  16  25  48  69  73  88 106 131 136];63;63;0;0;0.05123496055603027
I;79;8.972186088562012;10;169.9453125000001;150.6748046875;[  7  16  25  49  69  86  94 106 124 136];63;63;0;0;0.05123496055603027
I;80;9.103078126907349;10;169.7919921875;150.6748046875;[  7  16  17  25  49  69  86 106 131 136];63;63;0;0;0.05123496055603027
I;81;9.307292222976685;10;169.79199218750017;150.7724609375;[  7  16  17  25  69  86  94 106 131 136];63;64;0;0;0.052146196365356445
I;82;9.43842887878418;10;169.775390625;150.7724609375;[  7  16  25  38  69  86  94 106 131 136];64;64;0;0;0.052146196365356445
I;83;9.562474012374878;10;169.76367187500048;150.7724609375;[  7  16  17  25  69  86  88 106 131 136];64;64;0;0;0.052146196365356445
I;84;9.71931004524231;10;169.763671875;150.7724609375;[  7  16  17  25  38  69  86 106 124 136];64;64;0;0;0.052146196365356445
I;85;9.840368032455444;10;169.75390625;150.7724609375;[  7  16  17  25  38  69  86 106 131 136];64;64;0;0;0.052146196365356445
I;86;9.961267948150635;10;169.6708984375;150.7724609375;[  7  16  17  25  49  69  86 106 131 136];64;64;0;0;0.052146196365356445
I;87;10.270493030548096;10;169.67089843750057;151.0224609375;[  7  16  17  25  69  86  94 106 131 136];64;67;0;0;0.05457162857055664
I;88;10.40690803527832;10;169.626953125;151.0224609375;[  1   7  16  17  25  69  86 106 131 136];67;67;0;0;0.05457162857055664
I;89;10.534827947616577;10;169.4404296875;151.0224609375;[  7  16  17  25  57  69  86 106 131 136];67;67;0;0;0.05457162857055664
I;90;10.674183130264282;10;169.4287109375006;151.0224609375;[  7  16  17  25  49  69  86 106 131 136];67;67;0;0;0.05457162857055664
I;91;11.538166999816895;10;169.4287109375;152.35693359375;[  7  16  17  25  69  86  94 106 131 136];67;78;0;0;0.06345438957214355
I;92;11.692869186401367;10;169.3671875;152.35693359375;[  7  16  17  25  69  86  94 106 131 136];78;78;0;0;0.06345438957214355
I;93;11.91365909576416;10;169.3671875000006;152.4013671875;[  7  16  17  25  49  69  86 106 131 136];78;79;0;0;0.06425738334655762
I;94;12.069977045059204;10;169.326171875;152.4013671875;[  7  16  25  48  49  69  73 106 131 136];79;79;0;0;0.06425738334655762
I;95;12.24935007095337;10;169.29638673578026;152.4013671875;[  7  16  17  25  69  86  94 106 131 136];79;79;0;0;0.06425738334655762
I;96;12.526780843734741;10;169.29638671875063;152.4638671875;[  7  16  17  25  49  69  86 106 131 136];79;81;0;0;0.06588459014892578
I;97;12.68079686164856;10;169.240234375;152.4638671875;[  1   7  16  17  25  69  86 106 131 136];81;81;0;0;0.06588459014892578
I;98;12.867938995361328;10;169.16259765625;152.4638671875;[  7  16  17  25  49  69  86 106 111 136];81;81;0;0;0.06588459014892578
I;99;13.03723692893982;10;169.16259765625063;152.4638671875;[  7  16  17  25  49  69  86 106 131 136];81;81;0;0;0.06588459014892578
I;100;13.410295009613037;10;169.16259765625;152.7666015625;[  7  16  17  25  69  86  94 106 131 136];81;84;0;0;0.06827998161315918
I;101;13.57879114151001;10;169.1533203125;152.7666015625;[  7  16  17  25  57  69  86 106 131 136];84;84;0;0;0.06827998161315918
I;102;13.751592874526978;10;169.11230468750063;152.7666015625;[  7  16  17  25  49  69  86 106 131 136];84;84;0;0;0.06827998161315918
I;103;14.048705101013184;10;169.1123046875;152.9970703125;[  7  16  17  25  69  86  94 106 131 136];84;86;0;0;0.06989908218383789
I;104;14.23743200302124;10;169.08642578125;152.9970703125;[  7  16  17  25  69  86  94 106 131 136];86;86;0;0;0.06989908218383789
I;105;15.199607133865356;10;168.9775390625007;153.5146484375;[  7  16  17  25  49  69  86 106 131 136];86;98;0;0;0.07981443405151367
I;106;15.378952026367188;10;168.97412109375;153.5146484375;[  1   7  16  17  25  69  86 106 131 136];98;98;0;0;0.07981443405151367
I;107;15.571615934371948;10;168.9101562500001;153.5146484375;[  7  16  17  25  69  86  88 106 131 136];98;98;0;0;0.07981443405151367
I;108;15.776249170303345;10;168.7900390625;153.5146484375;[  7  16  17  25  57  69  86 106 131 136];98;98;0;0;0.07981443405151367
I;109;15.99094009399414;10;168.7861328125;153.5146484375;[  7  16  25  49  69  86  94 106 131 136];98;98;0;0;0.07981443405151367
I;110;16.20605206489563;10;168.6025390625;153.5146484375;[  7  16  17  25  49  69  86 106 131 136];98;98;0;0;0.07981443405151367
I;111;16.551393032073975;10;168.60253906250017;153.6123046875;[  7  16  17  25  69  86  94 106 131 136];98;100;0;0;0.08140850067138672
I;112;16.763801097869873;10;168.59912109375;153.6123046875;[  1   7  16  17  25  69  86 106 131 136];100;100;0;0;0.08140850067138672
I;113;16.955361127853394;10;168.48144531250074;153.6123046875;[  7  16  17  25  49  69  86 106 131 136];100;100;0;0;0.08140850067138672
I;114;17.448028087615967;10;168.4814453125001;153.8017578125;[  7  16  17  25  69  86  94 106 131 136];100;105;0;0;0.08542060852050781
I;115;17.691690921783447;10;168.47021484375;153.8017578125;[  1   7  16  17  25  69  86 106 131 136];105;105;0;0;0.08542060852050781
I;116;17.924338817596436;10;168.435546875;153.8017578125;[  7  16  25  48  49  69  73 106 124 136];105;105;0;0;0.08542060852050781
I;117;18.133828163146973;10;168.41210937500014;153.8017578125;[  7  16  17  25  49  69  86 106 131 136];105;105;0;0;0.08542060852050781
I;118;18.413169145584106;10;168.41210937500063;153.8779296875;[  7  16  17  25  69  86  94 106 131 136];105;106;0;0;0.0862264633178711
I;119;18.62357187271118;10;168.40283203125;153.8779296875;[  7  16  17  25  69  86  94 106 131 136];106;106;0;0;0.0862264633178711
I;120;19.468350887298584;10;168.40283203125074;154.6787109375;[  7  16  17  25  49  69  86 106 131 136];106;116;0;0;0.09433436393737793
I;121;19.69068217277527;10;168.3969726562506;154.6787109375;[  1   7  16  17  25  69  86 106 131 136];116;116;0;0;0.09433436393737793
I;122;19.92352795600891;10;168.3564453125;154.6787109375;[  1   7  16  17  25  69  86 106 131 136];116;116;0;0;0.09433436393737793
I;123;20.423716068267822;10;168.34619140625074;154.8359375;[  7  16  17  25  49  69  86 106 131 136];116;120;0;0;0.09753203392028809
I;124;20.674705028533936;10;168.34619140625065;154.8359375;[  7  16  17  25  69  86  94 106 131 136];120;120;0;0;0.09753203392028809
I;125;20.931562900543213;10;168.333984375;154.8359375;[  1   7  16  17  25  69  86 106 124 136];120;120;0;0;0.09753203392028809
I;126;21.144976139068604;10;168.333984375;154.8359375;[  1   7  16  17  25  69  86 106 131 136];120;120;0;0;0.09753203392028809
I;127;21.75671124458313;10;168.32373046875074;155.212646484375;[  7  16  17  25  49  69  86 106 131 136];120;126;0;0;0.10263347625732422
I;128;22.012755870819092;10;168.32373046875;155.212646484375;[  7  16  17  25  69  86  94 106 131 136];126;126;0;0;0.10263347625732422
I;129;22.26969289779663;10;168.296630859375;155.212646484375;[  1   7  16  17  25  69  86 106 131 136];126;126;0;0;0.10263347625732422
I;130;22.60260510444641;10;168.29443359375065;155.231201171875;[  7  16  17  25  57  69  86 106 131 136];126;127;0;0;0.10342955589294434
I;131;22.8393452167511;10;168.28833007812574;155.231201171875;[  7  16  17  25  49  69  86 106 131 136];127;127;0;0;0.10342955589294434
I;132;23.075114965438843;10;168.288330078125;155.231201171875;[  7  16  17  25  69  86  94 106 131 136];127;127;0;0;0.10342955589294434
I;133;23.31459617614746;10;168.26318359375;155.231201171875;[  1   7  16  17  25  69  86 106 131 136];127;127;0;0;0.10342955589294434
I;134;24.024898052215576;10;168.2548828125;155.520751953125;[  7  16  17  25  69  86  94 106 131 136];127;133;0;0;0.10830259323120117
I;135;24.287302017211914;10;168.25488281250074;155.520751953125;[  7  16  17  25  49  69  86 106 131 136];133;133;0;0;0.10830259323120117
I;136;24.55229115486145;10;168.24169921875;155.520751953125;[  1   7  16  17  25  69  86 106 131 136];133;133;0;0;0.10830259323120117
I;137;25.22351312637329;10;168.203857421875;155.840087890625;[  1   7  16  17  25  69  86 106 131 136];133;139;0;0;0.1134178638458252
I;138;25.834431886672974;10;168.19042968750085;156.07373046875;[  7  16  17  25  49  69  86 106 131 136];133;144;0;0;0.11749672889709473
I;139;26.128072023391724;10;168.19042968750014;156.07373046875;[  7  16  17  25  69  86  94 106 131 136];144;144;0;0;0.11749672889709473
I;140;26.40572500228882;10;168.15087890625065;156.07373046875;[  7  16  17  25  57  69  86 106 131 136];144;144;0;0;0.11749672889709473
I;141;26.724792957305908;10;168.11474609375;156.07373046875;[  1   7  16  17  25  69  86 106 131 136];144;144;0;0;0.11749672889709473
I;142;27.861446142196655;10;168.08544921875082;156.6845703125;[  7  16  25  48  49  69  86 106 131 136];144;156;0;0;0.12721848487854004
I;143;28.144202947616577;10;168.06787109375063;156.6845703125;[  7  16  25  48  57  69  86 106 131 136];156;156;0;0;0.12721848487854004
I;144;28.42203998565674;10;168.052734375;156.6845703125;[  7  16  17  25  49  69  86 106 124 136];156;156;0;0;0.12721848487854004
I;145;28.775118112564087;10;168.02734375;156.6845703125;[  7  16  17  25  38  69  86 106 131 136];156;156;0;0;0.12721848487854004
I;146;29.087504148483276;10;168.01000976562503;156.6845703125;[  1   7  16  17  25  69  86 106 131 136];156;156;0;0;0.12721848487854004
I;147;29.48573589324951;10;168.005859375;156.693359375;[  7  16  25  48  57  69  78 106 131 136];156;157;0;0;0.12802863121032715
I;148;29.807422876358032;10;167.99951171875;156.693359375;[  7  16  17  25  48  69  86 106 131 136];157;157;0;0;0.12802863121032715
I;149;30.16163992881775;10;167.998291015625;156.693359375;[  1   7  16  17  25  69  86 106 131 136];157;157;0;0;0.12802863121032715
I;150;30.71852707862854;10;167.9746093750001;156.808349609375;[  7  16  17  25  49  69  86 106 131 136];157;160;0;0;0.13043785095214844
I;151;31.044540882110596;10;167.97460937500014;156.808349609375;[  7  16  17  25  69  86  94 106 131 136];160;160;0;0;0.13043785095214844
I;152;31.393397092819214;10;167.96435546875;156.808349609375;[  7  16  17  25  57  69  86 106 124 136];160;160;0;0;0.13043785095214844
I;153;31.70112895965576;10;167.950439453125;156.808349609375;[  1   7  16  17  25  69  86 106 131 136];160;160;0;0;0.13043785095214844
I;154;32.64631104469299;10;167.927978515625;157.102294921875;[  1   7  16  17  25  69  86 106 131 136];160;170;0;0;0.13880515098571777
I;155;33.74080300331116;10;167.91894531250048;157.53076171875;[  7  16  25  57  69  86  94 106 131 136];160;181;0;0;0.14799284934997559
I;156;34.090506076812744;10;167.8984375;157.53076171875;[  7  16  25  48  69  73  86 106 131 136];181;181;0;0;0.14799284934997559
I;157;34.40896415710449;10;167.8966064453125;157.53076171875;[  1   7  16  17  25  69  86 106 131 136];181;181;0;0;0.14799284934997559
I;158;36.828402280807495;10;167.88745117187514;158.29150390625;[  7  16  17  25  57  69  86 106 131 136];181;210;0;0;0.17210865020751953
I;159;37.23929405212402;10;167.7904052734375;158.29150390625;[  1   7  16  17  25  69  86 106 131 136];210;210;0;0;0.17210865020751953
I;160;37.8656120300293;10;167.78173828125014;158.36083984375;[  7  16  17  25  49  69  86 106 131 136];210;213;0;0;0.17450928688049316
I;161;38.23318409919739;10;167.78173828125;158.36083984375;[  7  16  17  25  69  86  94 106 131 136];213;213;0;0;0.17450928688049316
I;162;38.609577894210815;10;167.7708740234375;158.36083984375;[  1   7  16  17  25  69  86 106 111 136];213;213;0;0;0.17450928688049316
I;163;39.024492025375366;10;167.77087402343773;158.36083984375;[  1   7  16  17  25  69  86 106 131 136];213;213;0;0;0.17450928688049316
I;164;40.03719902038574;10;167.7625732421875;158.544189453125;[  1   7  16  17  25  69  86 106 131 136];213;221;0;0;0.18111300468444824
I;165;40.527235984802246;10;167.7470703125;158.553955078125;[  7  16  17  25  69  73  86 106 131 136];213;222;0;0;0.18191194534301758
I;166;40.95971703529358;10;167.746215820313;158.553955078125;[  1   7  16  17  25  69  86 106 131 136];222;222;0;0;0.18191194534301758
I;167;41.90998816490173;10;167.73779296875045;158.7386474609375;[  7  16  25  49  69  86  94 106 131 136];222;229;0;0;0.1875452995300293
I;168;42.34490203857422;10;167.7207031250007;158.7386474609375;[  1   7  16  17  25  69  86 106 131 136];229;229;0;0;0.1875452995300293
I;169;44.77426505088806;10;167.6348876953125;159.1268310546875;[  1   7  16  17  25  69  86 106 131 136];229;257;0;0;0.2108457088470459
I;170;46.092617988586426;10;167.56915283203125;159.25537109375;[  1   7  16  17  25  69  86 106 131 136];229;268;0;0;0.21970367431640625
I;171;47.25607490539551;10;167.55963134765625;159.334716796875;[  1   7  16  17  25  69  86 106 131 136];229;278;0;0;0.2278287410736084
I;172;48.57435393333435;10;167.552490234375;159.529541015625;[  7  16  17  25  49  69  86 106 131 136];229;291;0;0;0.23864388465881348
I;173;49.07973027229309;10;167.53778076171875;159.529541015625;[  1   7  16  17  25  69  86 106 131 136];291;291;0;0;0.23864388465881348
I;174;49.99728989601135;10;167.53485107421875;159.59429931640625;[  1   7  16  17  25  69  86 106 131 136];291;296;0;0;0.24277067184448242
I;175;51.30496311187744;10;167.5234375000001;159.68975830078125;[  7  16  17  25  57  69  86 106 131 136];291;306;0;0;0.2514019012451172
I;176;51.85233211517334;10;167.50909423828125;159.68975830078125;[  1   7  16  17  25  69  86 106 131 136];306;306;0;0;0.2514019012451172
I;177;53.467207193374634;10;167.4871826171875;159.82427978515625;[  7  16  25  48  69  86  88 106 131 136];306;320;0;0;0.26291799545288086
I;178;54.061564207077026;10;167.48388671875;159.82427978515625;[  1   7  16  17  25  69  86 106 131 136];320;320;0;0;0.26291799545288086
I;179;54.724613189697266;10;167.47906494140625;159.8353271484375;[  1   7  16  17  25  69  86 106 131 136];320;321;0;0;0.26370692253112793
I;180;55.73839998245239;10;167.46685791015625;159.8916015625;[  1   7  16  17  25  69  86 106 131 136];320;326;0;0;0.26773548126220703
I;181;56.69056510925293;10;167.44781494140625;159.9609375;[  1   7  16  17  25  69  86 106 131 136];320;332;0;0;0.2725684642791748
I;182;58.197980880737305;10;167.4271240234375;160.07965087890625;[  1   7  16  17  25  69  86 106 131 136];320;343;0;0;0.2814981937408447
I;183;59.16731595993042;10;167.4219970703125;160.10723876953125;[  1   7  16  17  25  69  86 106 131 136];320;348;0;0;0.2855377197265625
I;184;60.13255190849304;10;167.4007568359375;160.14801025390625;[  1   7  16  17  25  69  86 106 131 136];320;353;0;0;0.2897515296936035
I;185;61.3250470161438;10;167.4002685546875;160.25421142578125;[  1   7  16  17  25  69  86 106 131 136];320;361;0;0;0.29647016525268555
I;186;62.10723400115967;10;167.3978271484375;160.27362060546875;[  1   7  16  17  25  69  86 106 131 136];320;363;0;0;0.2981243133544922
I;187;65.44778203964233;10;167.36550903320312;160.48239135742188;[  1   7  16  17  25  69  86 106 131 136];320;400;0;0;0.32869577407836914
I;188;66.72813892364502;10;167.34893798828125;160.54046630859375;[  1   7  16  17  25  69  86 106 131 136];320;408;0;0;0.3351452350616455
I;189;67.99955987930298;10;167.318603515625;160.6051025390625;[  7  16  17  25  48  69  86 106 131 136];320;416;0;0;0.3415501117706299
I;190;68.73668599128723;10;167.3129272460944;160.6051025390625;[  1   7  16  17  25  69  86 106 131 136];416;416;0;0;0.3415501117706299
I;191;69.923495054245;10;167.30374145507812;160.6317138671875;[  1   7  16  17  25  69  86 106 131 136];416;422;0;0;0.3464210033416748
I;192;70.97750091552734;10;167.29449462890625;160.65509033203125;[  1   7  16  17  25  69  86 106 131 136];416;426;0;0;0.34964489936828613
I;193;72.34560298919678;10;167.28414916992188;160.69198608398438;[  1   7  16  17  25  69  86 106 131 136];416;435;0;0;0.3569822311401367
I;194;73.32113814353943;10;167.28207397460938;160.701416015625;[  1   7  16  17  25  69  86 106 131 136];416;437;0;0;0.35858845710754395
I;195;74.32215905189514;10;167.28012084960938;160.72314453125;[  1   7  16  17  25  69  86 106 131 136];416;440;0;0;0.36099743843078613
I;196;76.10171103477478;10;167.27334594726562;160.8363037109375;[  1   7  16  17  25  69  86 106 131 136];416;455;0;0;0.37364864349365234
I;197;77.72186207771301;10;167.27099609375088;160.91714477539062;[  7  16  25  48  49  69  86 106 131 136];416;467;0;0;0.3841989040374756
I;198;78.52424502372742;10;167.261962890625;160.91714477539062;[  7  16  17  25  49  69  86 106 131 136];467;467;0;0;0.3841989040374756
I;199;79.36369824409485;10;167.26181030273438;160.91714477539062;[  1   7  16  17  25  69  86 106 131 136];467;467;0;0;0.3841989040374756
I;200;80.544016122818;10;167.26123046875;160.94808959960938;[  7  16  25  38  48  69  78 106 111 136];467;471;0;0;0.3874225616455078
I;201;81.33089900016785;10;167.25436401367188;160.94808959960938;[  1   7  16  17  25  69  86 106 131 136];471;471;0;0;0.3874225616455078
I;202;83.69294095039368;10;167.23852539062585;161.06787109375;[  7  16  22  25  48  69  86 106 131 136];471;492;0;0;0.4046156406402588
I;203;84.53706908226013;10;167.23086547851562;161.06787109375;[  1   7  16  17  25  69  86 106 131 136];492;492;0;0;0.4046156406402588
I;204;85.80994510650635;10;167.22842407226562;161.0914306640625;[  1   7  16  17  25  69  86 106 131 136];492;497;0;0;0.40874576568603516
I;205;86.80167007446289;10;167.22821044921875;161.09576416015625;[  1   7  16  17  25  69  86 106 131 136];492;498;0;0;0.40953660011291504
I;206;88.08576798439026;10;167.21487426757812;161.1080322265625;[  1   7  16  17  25  69  86 106 131 136];492;503;0;0;0.4136617183685303
I;207;90.20970392227173;10;167.20758056640625;161.21170043945312;[  7  16  17  22  25  69  86 106 131 136];492;520;0;0;0.42767858505249023
I;208;91.10680603981018;10;167.19973754882812;161.21170043945312;[  1   7  16  17  25  69  86 106 131 136];520;520;0;0;0.42767858505249023
I;209;92.97930383682251;10;167.19537353515625;161.27224731445312;[  1   7  16  17  25  69  86 106 131 136];520;531;0;0;0.4367549419403076
I;210;94.20389699935913;10;167.18939208984375;161.28463745117188;[  1   7  16  17  25  69  86 106 131 136];520;534;0;0;0.43920469284057617
I;211;96.34046506881714;10;167.18554687500037;161.34567260742188;[  7  16  25  48  49  69  73 106 131 136];520;549;0;0;0.45141172409057617
I;212;97.3006751537323;10;167.175048828125;161.34567260742188;[  7  16  17  25  38  69  86 106 124 136];549;549;0;0;0.45141172409057617
I;213;98.24757599830627;10;167.16799926757812;161.34567260742188;[  1   7  16  17  25  69  86 106 131 136];549;549;0;0;0.45141172409057617
I;214;99.35590600967407;10;167.16299438476562;161.35531616210938;[  1   7  16  17  25  69  86 106 131 136];549;551;0;0;0.45304107666015625
I;215;100.4335868358612;10;167.15887451171875;161.35964965820312;[  1   7  16  17  25  69  86 106 131 136];549;552;0;0;0.4538452625274658
I;216;102.99444818496704;10;167.14898681640625;161.46640014648438;[  1   7  16  17  25  69  86 106 131 136];549;571;0;0;0.46950221061706543
I;217;105.17790508270264;10;167.135986328125;161.52474975585938;[  1   7  16  17  25  69  86 106 131 136];549;587;0;0;0.4833228588104248
I;218;106.90958309173584;10;167.121826171875;161.55343627929688;[  1   7  16  17  25  69  86 106 131 136];549;595;0;0;0.48973989486694336
I;219;108.02999186515808;10;167.12049865722656;161.56072998046875;[  1   7  16  17  25  69  86 106 131 136];549;597;0;0;0.4913339614868164
I;220;111.41702508926392;10;167.0999755859375;161.6697998046875;[  1   7  16  25  49  69  86 106 124 136];549;633;0;0;0.5216162204742432
I;221;112.49518585205078;10;167.09446716308653;161.6697998046875;[  1   7  16  17  25  69  86 106 131 136];633;633;0;0;0.5216162204742432
I;222;113.72004103660583;10;167.09173583984375;161.6725616455078;[  1   7  16  17  25  69  86 106 131 136];633;634;0;0;0.5224058628082275
I;223;116.2188971042633;10;167.0863037109375;161.74508666992188;[  7  16  25  48  69  86  94 106 131 136];633;652;0;0;0.5373413562774658
I;224;117.32872200012207;10;167.08311462402395;161.74508666992188;[  1   7  16  17  25  69  86 106 131 136];652;652;0;0;0.5373413562774658
I;225;119.50848603248596;10;167.0685882568364;161.79318237304688;[  1   7  16  25  69  86  94 106 131 136];652;664;0;0;0.5473098754882812
I;226;120.6491551399231;10;167.0597991943366;161.79318237304688;[  1   7  16  17  25  69  86 106 131 136];664;664;0;0;0.5473098754882812
I;227;122.3962631225586;10;167.0530242919922;161.8131561279297;[  1   7  16  17  25  69  86 106 131 136];664;671;0;0;0.5529708862304688
I;228;125.17434906959534;10;167.0426025390625;161.8674774169922;[  1   7  16  17  25  69  86 106 131 136];664;691;0;0;0.569488525390625
I;229;126.50251483917236;10;167.04209899902344;161.8694305419922;[  1   7  16  17  25  69  86 106 131 136];664;692;0;0;0.5702815055847168
I;230;128.1790771484375;10;167.038818359375;161.8883056640625;[  1   7  16  17  25  69  86 106 131 136];664;698;0;0;0.5751588344573975
I;231;130.65641808509827;10;167.03330993652344;161.9626007080078;[  1   7  16  17  25  69  86 106 131 136];664;716;0;0;0.5896487236022949
I;232;132.50883507728577;10;167.0294647216797;161.97970581054688;[  1   7  16  17  25  69  86 106 131 136];664;723;0;0;0.5953116416931152
I;233;135.66624307632446;10;167.0194549560547;162.07211303710938;[  1   7  16  17  25  69  86 106 131 136];664;749;0;0;0.6166539192199707
I;234;137.14536499977112;10;167.01702880859375;162.07752990722656;[  1   7  16  17  25  69  86 106 131 136];664;751;0;0;0.6182613372802734
I;235;140.30526614189148;10;167.015869140625;162.14942932128906;[  7  16  17  25  48  69  78 106 131 136];664;775;0;0;0.6379232406616211
I;236;141.6307508945465;10;167.001586914063;162.14942932128906;[  1   7  16  17  25  69  86 106 131 136];775;775;0;0;0.6379232406616211
I;237;144.7779619693756;10;166.98629760742188;162.20440673828125;[  1   7  16  17  25  69  86 106 131 136];775;797;0;0;0.6569597721099854
I;238;146.325453042984;10;166.9845733642578;162.20623779296875;[  1   7  16  17  25  69  86 106 131 136];775;798;0;0;0.6577835083007812
I;239;149.6687080860138;10;166.97662353515625;162.29653930664062;[  1   7  16  17  25  69  86 106 131 136];775;826;0;0;0.6808195114135742
I;240;151.4866280555725;10;166.97555541992188;162.3146209716797;[  1   7  16  17  25  69  86 106 131 136];775;831;0;0;0.6851511001586914
I;241;153.02769827842712;10;166.97459411621094;162.3172149658203;[  1   7  16  17  25  69  86 106 131 136];775;833;0;0;0.6867880821228027
I;242;157.7821559906006;10;166.96923828125;162.39984130859375;[  7  16  25  49  57  69  86 106 131 136];775;869;0;0;0.717811107635498
I;243;159.21858191490173;10;166.9539794921875;162.39984130859375;[  7  16  25  48  69  73  88 106 131 136];869;869;0;0;0.717811107635498
I;244;160.67469692230225;10;166.9527130126953;162.39984130859375;[  1   7  16  17  25  69  86 106 131 136];869;869;0;0;0.717811107635498
I;245;162.54843401908875;10;166.9505615234375;162.4095458984375;[  1   7  16  17  25  69  86 106 131 136];869;872;0;0;0.7202303409576416
I;246;164.17388105392456;10;166.94964599609375;162.41241455078125;[  1   7  16  17  25  69  86 106 131 136];869;873;0;0;0.7210335731506348
I;247;167.91093802452087;10;166.94532775878906;162.49887084960938;[  1   7  16  17  25  69  86 106 131 136];869;902;0;0;0.7455770969390869
I;248;169.89212799072266;10;166.9413299560547;162.51040649414062;[  1   7  16  17  25  69  86 106 131 136];869;907;0;0;0.7497475147247314
I;249;174.84297490119934;10;166.9306640625;162.58065795898438;[  7  16  25  48  49  57  69 106 124 136];869;948;0;0;0.784726619720459
I;250;176.43595910072327;10;166.92669677734375;162.58065795898438;[  1   7  16  17  25  69  86 106 131 136];948;948;0;0;0.784726619720459
I;251;181.50672507286072;10;166.92474365234375;162.66079711914062;[  1   7  16  17  25  69  86 106 124 136];948;992;0;0;0.8219656944274902
I;252;183.12113094329834;10;166.90800476074241;162.66079711914062;[  1   7  16  17  25  69  86 106 131 136];992;992;0;0;0.8219656944274902
I;253;187.19218516349792;10;166.89647674560547;162.72757720947266;[  1   7  16  17  25  69  86 106 131 136];992;1025;0;0;0.8494243621826172
I;254;189.57316207885742;10;166.89575958251953;162.74059295654297;[  1   7  16  17  25  69  86 106 131 136];992;1031;0;0;0.8542735576629639
I;255;191.67274498939514;10;166.88612365722656;162.75149536132812;[  1   7  16  17  25  69  86 106 131 136];992;1036;0;0;0.8584134578704834
I;256;195.3870141506195;10;166.88418579101574;162.79570770263672;[  7  16  17  25  49  69  86 106 131 136];992;1060;0;0;0.878403902053833
I;257;197.1253969669342;10;166.878486633301;162.79570770263672;[  1   7  16  17  25  69  86 106 131 136];1060;1060;0;0;0.878403902053833
I;258;200.98548913002014;10;166.87393951416016;162.82537841796875;[  1   7  16  17  25  69  86 106 131 136];1060;1084;0;0;0.8977944850921631
I;259;202.92912197113037;10;166.87329864501953;162.82638549804688;[  1   7  16  17  25  69  86 106 131 136];1060;1085;0;0;0.8985886573791504
I;260;205.6322500705719;10;166.86829376220703;162.84408569335938;[  1   7  16  17  25  69  86 106 131 136];1060;1096;0;0;0.9075803756713867
I;261;207.7769820690155;10;166.86780548095703;162.84568786621094;[  1   7  16  17  25  69  86 106 131 136];1060;1098;0;0;0.9091846942901611
I;262;211.93142914772034;10;166.8642807006836;162.90422821044922;[  1   7  16  17  25  69  86 106 131 136];1060;1129;0;0;0.9351060390472412
I;263;214.5684609413147;10;166.86158752441406;162.91378021240234;[  1   7  16  17  25  69  86 106 131 136];1060;1136;0;0;0.9407546520233154
I;264;218.68211913108826;10;166.85594940185547;162.96694946289062;[  1   7  16  17  25  69  86 106 131 136];1060;1169;0;0;0.9687285423278809
I;265;223.7239589691162;10;166.84725189208984;163.01728057861328;[  1   7  16  17  25  69  86 106 131 136];1060;1201;0;0;0.9955320358276367
I;266;228.4629008769989;10;166.8348388671875;163.06256103515625;[  1   7  16  17  25  69  86 106 131 136];1060;1233;0;0;1.0216021537780762
I;267;232.87976813316345;10;166.82745361328125;163.09537506103516;[  1   7  16  17  25  69  86 106 131 136];1060;1261;0;0;1.0447421073913574
I;268;234.89035415649414;10;166.82678985595703;163.0967025756836;[  1   7  16  17  25  69  86 106 131 136];1060;1262;0;0;1.0455472469329834
I;269;238.97018098831177;10;166.8223419189453;163.1458511352539;[  1   7  16  17  25  69  86 106 131 136];1060;1293;0;0;1.0710160732269287
I;270;241.73929691314697;10;166.81759643554688;163.15845489501953;[  1   7  16  17  25  69  86 106 131 136];1060;1306;0;0;1.0818367004394531
I;271;244.22316694259644;10;166.81659698486328;163.1678466796875;[  1   7  16  17  25  69  86 106 131 136];1060;1312;0;0;1.0866658687591553
I;272;246.2700321674347;10;166.81575775146484;163.1690673828125;[  1   7  16  17  25  69  86 106 131 136];1060;1313;0;0;1.0875699520111084
I;273;249.16278505325317;10;166.8122787475586;163.18199157714844;[  1   7  16  17  25  69  86 106 131 136];1060;1323;0;0;1.0958402156829834
I;274;252.90581917762756;10;166.81082153320312;163.2059097290039;[  7  16  17  25  57  69  86 106 131 136];1060;1344;0;0;1.113175630569458
I;275;255.06592297554016;10;166.8069610595703;163.2059097290039;[  1   7  16  17  25  69  86 106 131 136];1344;1344;0;0;1.113175630569458
I;276;259.95669293403625;10;166.8020782470703;163.22933197021484;[  1   7  16  17  25  69  86 106 131 136];1344;1365;0;0;1.1304717063903809
I;277;263.6197831630707;10;166.79603576660156;163.25264739990234;[  1   7  16  17  25  69  86 106 131 136];1344;1381;0;0;1.143744945526123
I;278;266.1179850101471;10;166.7958755493164;163.2529525756836;[  1   7  16  17  25  69  86 106 131 136];1344;1382;0;0;1.144538164138794
I;279;273.5378510951996;10;166.78620147705078;163.32704162597656;[  1   7  16  17  25  69  86 106 131 136];1344;1440;0;0;1.1930546760559082
I;280;276.0859410762787;10;166.78528594970703;163.3287811279297;[  1   7  16  17  25  69  86 106 131 136];1344;1442;0;0;1.1946589946746826
I;281;283.0969409942627;10;166.77605819702148;163.3706817626953;[  1   7  16  17  25  69  86 106 131 136];1344;1494;0;0;1.2383673191070557
I;282;288.33634996414185;10;166.77246093750088;163.39777374267578;[  7  16  25  48  49  69  86 106 131 136];1344;1522;0;0;1.2618670463562012
I;283;290.80805706977844;10;166.77043533325215;163.39777374267578;[  1   7  16  17  25  69  86 106 131 136];1522;1522;0;0;1.2618670463562012
I;284;298.0767719745636;10;166.7625846862793;163.45651245117188;[  1   7  16  17  25  69  86 106 131 136];1522;1572;0;0;1.3038678169250488
I;285;300.89292907714844;10;166.7621726989746;163.45761108398438;[  1   7  16  17  25  69  86 106 131 136];1522;1574;0;0;1.3055214881896973
I;286;303.7253339290619;10;166.76080703735352;163.45885848999023;[  1   7  16  17  25  69  86 106 131 136];1522;1576;0;0;1.3071954250335693
I;287;310.02533507347107;10;166.7516860961914;163.5057830810547;[  1   7  16  17  25  69  86 106 131 136];1522;1620;0;0;1.3438429832458496
I;288;313.47388792037964;10;166.75132751464844;163.51168823242188;[  1   7  16  17  25  69  86 106 131 136];1522;1626;0;0;1.3488285541534424
I;289;316.43142199516296;10;166.74800872802734;163.51544952392578;[  1   7  16  17  25  69  86 106 131 136];1522;1630;0;0;1.352100133895874
I;290;322.0271420478821;10;166.74436950683594;163.5466079711914;[  1   7  16  17  25  69  86 106 131 136];1522;1665;0;0;1.381744623184204
I;291;324.81665205955505;10;166.74375915527344;163.54730987548828;[  1   7  16  17  25  69  86 106 131 136];1522;1666;0;0;1.3827135562896729
I;292;330.94571900367737;10;166.73844528198242;163.57374954223633;[  1   7  16  17  25  69  86 106 131 136];1522;1709;0;0;1.4189932346343994
I;293;335.6565029621124;10;166.73423385620117;163.5897560119629;[  1   7  16  17  25  69  86 106 131 136];1522;1728;0;0;1.4348998069763184
I;294;342.29314708709717;10;166.73031997680664;163.63780975341797;[  1   7  16  17  25  69  86 106 131 136];1522;1778;0;0;1.476757287979126
I;295;349.5369851589203;10;166.7254638671883;163.68162536621094;[  7  16  25  48  57  69  86 106 131 136];1522;1839;0;0;1.527799129486084
I;296;352.60116505622864;10;166.72222518920898;163.68162536621094;[  1   7  16  17  25  69  86 106 131 136];1839;1839;0;0;1.527799129486084
I;297;358.83705401420593;10;166.71665954589844;163.7005958557129;[  1   7  16  17  25  69  86 106 131 136];1839;1864;0;0;1.5486679077148438
I;298;365.1212568283081;10;166.71496200561523;163.72256469726562;[  7  16  17  25  38  69  86 106 131 136];1839;1891;0;0;1.570676565170288
I;299;368.1793909072876;10;166.71490859985354;163.72256469726562;[  1   7  16  17  25  69  86 106 131 136];1891;1891;0;0;1.570676565170288
I;300;372.62970900535583;10;166.71436309814453;163.7230682373047;[  1   7  16  17  25  69  86 106 131 136];1891;1892;0;0;1.5714833736419678
I;301;379.7368052005768;10;166.70315170288086;163.76050567626953;[  1   7  16  17  25  69  86 106 131 136];1891;1935;0;0;1.6072092056274414
I;302;384.55080699920654;10;166.70228576660156;163.77464294433594;[  1   7  16  17  25  69  86 106 131 136];1891;1956;0;0;1.624429702758789
I;303;388.2703449726105;10;166.70163536071777;163.7767162322998;[  1   7  16  17  25  69  86 106 131 136];1891;1962;0;0;1.6294634342193604
I;304;393.3606939315796;10;166.69946289062514;163.79031944274902;[  7  16  17  25  69  78  86 106 131 136];1891;1983;0;0;1.6466891765594482
I;305;396.5544891357422;10;166.69365119934082;163.79031944274902;[  1   7  16  17  25  69  86 106 131 136];1983;1983;0;0;1.6466891765594482
I;306;401.78742814064026;10;166.6933193206787;163.79125785827637;[  1   7  16  17  25  69  86 106 131 136];1983;1985;0;0;1.6484360694885254
I;307;409.78605008125305;10;166.68597602844238;163.83201789855957;[  1   7  16  17  25  69  86 106 131 136];1983;2049;0;0;1.7006351947784424
I;308;415.2075960636139;10;166.68394660949707;163.84225273132324;[  1   7  16  17  25  69  86 106 131 136];1983;2063;0;0;1.7120816707611084
I;309;420.01192593574524;10;166.68234062194824;163.85493278503418;[  1   7  16  17  25  69  86 106 131 136];1983;2081;0;0;1.727381706237793
I;310;423.90935802459717;10;166.6817455291748;163.85970878601074;[  1   7  16  17  25  69  86 106 131 136];1983;2087;0;0;1.7326204776763916
I;311;428.87970519065857;10;166.67866706848145;163.87210273742676;[  1   7  16  17  25  69  86 106 131 136];1983;2107;0;0;1.7490696907043457
I;312;432.5004370212555;10;166.67848014831543;163.87283515930176;[  1   7  16  17  25  69  86 106 131 136];1983;2109;0;0;1.7507927417755127
I;313;436.7714228630066;10;166.67775917053223;163.87703895568848;[  1   7  16  17  25  69  86 106 131 136];1983;2117;0;0;1.7574622631072998
I;314;440.7220962047577;10;166.6771640777588;163.87829780578613;[  1   7  16  17  25  69  86 106 131 136];1983;2119;0;0;1.7590885162353516
I;315;445.94033312797546;10;166.67379188537598;163.8873119354248;[  1   7  16  17  25  69  86 106 131 136];1983;2138;0;0;1.7754640579223633
I;316;451.6901550292969;10;166.66915321350098;163.90553855895996;[  1   7  16  17  25  69  86 106 131 136];1983;2166;0;0;1.799337387084961
I;317;463.9551348686218;10;166.6656036376953;163.9639434814453;[  7  16  17  25  48  69  86 106 131 136];1983;2260;0;0;1.8786578178405762
I;318;467.5707058906555;10;166.66072273254395;163.9639434814453;[  1   7  16  17  25  69  86 106 131 136];2260;2260;0;0;1.8786578178405762
I;319;473.7572259902954;10;166.65934944152832;163.9656219482422;[  1   7  16  17  25  69  86 106 131 136];2260;2265;0;0;1.8827314376831055
I;320;488.95914912223816;10;166.65167236328125;164.01707458496094;[  7  16  25  49  69  86  94 106 131 136];2260;2383;0;0;1.9831418991088867
I;321;492.82159304618835;10;166.64700317382872;164.01707458496094;[  1   7  16  17  25  69  86 106 131 136];2383;2383;0;0;1.9831418991088867
I;322;499.83301305770874;10;166.64679336547852;164.02002716064453;[  1   7  16  17  25  69  86 106 131 136];2383;2387;0;0;1.9864201545715332
I;323;511.67481112480164;10;166.64074325561523;164.07275772094727;[  1   7  16  17  25  69  86 106 131 136];2383;2474;0;0;2.059284210205078
I;324;516.1122140884399;10;166.64005851745605;164.07348442077637;[  1   7  16  17  25  69  86 106 131 136];2383;2477;0;0;2.0618467330932617
I;325;524.7161269187927;10;166.63688468933105;164.0985279083252;[  1   7  16  17  25  69  86 106 131 136];2383;2525;0;0;2.1015446186065674
I;326;529.9616072177887;10;166.63497734069824;164.10152626037598;[  1   7  16  17  25  69  86 106 131 136];2383;2536;0;0;2.111074447631836
I;327;535.7977521419525;10;166.63437271118164;164.10526657104492;[  1   7  16  17  25  69  86 106 131 136];2383;2546;0;0;2.1194424629211426
I;328;540.2042100429535;10;166.6327133178711;164.10714721679688;[  1   7  16  17  25  69  86 106 131 136];2383;2550;0;0;2.122694730758667
I;329;546.1634140014648;10;166.63202095031738;164.1194019317627;[  1   7  16  17  25  69  86 106 131 136];2383;2574;0;0;2.142834424972534
I;330;552.7272582054138;10;166.63047790527344;164.1300868988037;[  1   7  16  17  25  69  86 106 131 136];2383;2602;0;0;2.16584849357605
I;331;557.1129560470581;10;166.6301727294922;164.13074111938477;[  1   7  16  17  25  69  86 106 131 136];2383;2604;0;0;2.1676056385040283
I;332;566.6550011634827;10;166.62702751159668;164.14686584472656;[  1   7  16  17  25  69  86 106 131 136];2383;2665;0;0;2.219677686691284
I;333;575.2446720600128;10;166.62475967407227;164.16118812561035;[  1   7  16  17  25  69  86 106 131 136];2383;2697;0;0;2.246408462524414
I;334;580.0820322036743;10;166.6230525970459;164.16457557678223;[  1   7  16  17  25  69  86 106 131 136];2383;2706;0;0;2.2539222240448
I;335;591.3242650032043;10;166.61767196655273;164.20397567749023;[  1   7  16  17  25  69  86 106 131 136];2383;2787;0;0;2.3212828636169434
I;336;603.1005339622498;10;166.61412811279317;164.2390480041504;[  7  16  17  22  25  69  86 106 131 136];2383;2884;0;0;2.4027185440063477
I;337;607.6965839862823;10;166.6103458404541;164.2390480041504;[  1   7  16  17  25  69  86 106 131 136];2884;2884;0;0;2.4027185440063477
I;338;617.8919780254364;10;166.60791206359863;164.24542999267578;[  1   7  16  17  25  69  86 106 131 136];2884;2903;0;0;2.418416976928711
I;339;629.1098139286041;10;166.60529708862305;164.2671947479248;[  1   7  16  17  25  69  86 106 131 136];2884;2955;0;0;2.4613029956817627
I;340;639.2824079990387;10;166.5990695953369;164.2893829345703;[  1   7  16  17  25  69  86 106 131 136];2884;3008;0;0;2.505031108856201
I;341;646.6293771266937;10;166.59843254089355;164.30089569091797;[  1   7  16  17  25  69  86 106 131 136];2884;3039;0;0;2.5310144424438477
I;342;652.0999889373779;10;166.5982961654663;164.30181980133057;[  1   7  16  17  25  69  86 106 131 136];2884;3045;0;0;2.5359926223754883
I;343;660.101998090744;10;166.59185695648193;164.31384754180908;[  1   7  16  17  25  69  86 106 131 136];2884;3081;0;0;2.5660274028778076
I;344;666.2636239528656;10;166.59169101715088;164.31504917144775;[  1   7  16  17  25  69  86 106 131 136];2884;3085;0;0;2.569300651550293
I;345;675.0891408920288;10;166.59007358551025;164.3387269973755;[  1   7  16  17  25  69  86 106 131 136];2884;3148;0;0;2.622105121612549
I;346;681.346953868866;10;166.58946704864502;164.34107875823975;[  1   7  16  17  25  69  86 106 131 136];2884;3160;0;0;2.6323046684265137
I;347;687.9960680007935;10;166.58739948272705;164.3472661972046;[  1   7  16  17  25  69  86 106 131 136];2884;3182;0;0;2.6504292488098145
I;348;697.1593022346497;10;166.58608150482178;164.35714054107666;[  1   7  16  17  25  69  86 106 131 136];2884;3210;0;0;2.674197196960449
I;349;708.4074511528015;10;166.58304119110107;164.3805856704712;[  1   7  16  17  25  69  86 106 131 136];2884;3277;0;0;2.732614517211914
I;350;714.030611038208;10;166.58265018463135;164.38121509552002;[  1   7  16  17  25  69  86 106 131 136];2884;3281;0;0;2.7359001636505127
I;351;720.3535401821136;10;166.58201503753662;164.3835096359253;[  1   7  16  17  25  69  86 106 131 136];2884;3289;0;0;2.742502450942993
I;352;726.3922381401062;10;166.5816888809204;164.38447093963623;[  1   7  16  17  25  69  86 106 131 136];2884;3292;0;0;2.7452430725097656
I;353;733.1343431472778;10;166.58011531829834;164.3900327682495;[  1   7  16  17  25  69  86 106 131 136];2884;3314;0;0;2.7638356685638428
I;354;739.3800439834595;10;166.5790147781372;164.39190578460693;[  1   7  16  17  25  69  86 106 131 136];2884;3321;0;0;2.7697737216949463
I;355;747.7544300556183;10;166.57718467712402;164.40405750274658;[  1   7  16  17  25  69  86 106 131 136];2884;3355;0;0;2.7990128993988037
I;356;753.2083950042725;10;166.57703018188477;164.4043550491333;[  1   7  16  17  25  69  86 106 131 136];2884;3356;0;0;2.7998270988464355
I;357;759.2765250205994;10;166.5762939453125;164.40692234039307;[  1   7  16  17  25  69  86 106 131 136];2884;3367;0;0;2.8095788955688477
I;358;772.931529045105;10;166.5735788345337;164.44208431243896;[  1   7  16  17  25  69  86 106 131 136];2884;3465;0;0;2.8925259113311768
I;359;778.3980641365051;10;166.57347106933594;164.4424352645874;[  1   7  16  17  25  69  86 106 131 136];2884;3466;0;0;2.8933348655700684
I;360;790.0701968669891;10;166.57014274597168;164.45523166656494;[  1   7  16  17  25  69  86 106 131 136];2884;3514;0;0;2.9342079162597656
I;361;795.9904549121857;10;166.56937980651855;164.45679569244385;[  1   7  16  17  25  69  86 106 131 136];2884;3521;0;0;2.9402124881744385
I;362;801.4888370037079;10;166.56926250457764;164.4568967819214;[  1   7  16  17  25  69  86 106 131 136];2884;3522;0;0;2.9410266876220703
I;363;814.0687549114227;10;166.56678104400635;164.47014141082764;[  1   7  16  17  25  69  86 106 131 136];2884;3592;0;0;2.9998269081115723
I;364;823.5897409915924;10;166.56519317626953;164.47877597808838;[  1   7  16  17  25  69  86 106 131 136];2884;3625;0;0;3.0274181365966797
I;365;829.6613318920135;10;166.56508445739746;164.47952938079834;[  1   7  16  17  25  69  86 106 131 136];2884;3627;0;0;3.0290708541870117
I;366;841.700434923172;10;166.56108474731445;164.4986925125122;[  1   7  16  17  25  69  86 106 131 136];2884;3692;0;0;3.0846521854400635
I;367;849.8760161399841;10;166.56026077270508;164.50480937957764;[  1   7  16  17  25  69  86 106 131 136];2884;3711;0;0;3.1009111404418945
I;368;857.3170831203461;10;166.55918502807617;164.511887550354;[  1   7  16  17  25  69  86 106 131 136];2884;3734;0;0;3.120471239089966
I;369;870.1742770671844;10;166.5579833984375;164.53579235076904;[  1   7  16  17  25  69  86 106 131 136];2884;3820;0;0;3.193314552307129
I;370;876.8768141269684;10;166.5565357208252;164.54008769989014;[  1   7  16  17  25  69  86 106 131 136];2884;3838;0;0;3.2089309692382812
I;371;883.3847210407257;10;166.55597686767578;164.54113483428955;[  1   7  16  17  25  69  86 106 131 136];2884;3845;0;0;3.214862823486328
I;372;889.0338208675385;10;166.55585193634033;164.54126644134521;[  1   7  16  17  25  69  86 106 131 136];2884;3846;0;0;3.2156777381896973
I;373;896.3567008972168;10;166.5537805557251;164.54774570465088;[  1   7  16  17  25  69  86 106 131 136];2884;3873;0;0;3.238316774368286
I;374;911.5991868972778;10;166.55146503448486;164.56471824645996;[  1   7  16  17  25  69  86 106 131 136];2884;3952;0;0;3.3071744441986084
I;375;917.4369320869446;10;166.5507469177246;164.5655336380005;[  1   7  16  17  25  69  86 106 131 136];2884;3956;0;0;3.3104724884033203
I;376;943.5425450801849;10;166.54478454589844;164.6031551361084;[  1   7  16  17  25  69  86 106 131 136];2884;4169;0;0;3.4927592277526855
I;377;953.1739151477814;10;166.54330825805664;164.60822772979736;[  1   7  16  17  25  69  86 106 131 136];2884;4197;0;0;3.5165114402770996
I;378;959.8368859291077;10;166.54300689697266;164.60888195037842;[  1   7  16  17  25  69  86 106 131 136];2884;4203;0;0;3.521480083465576
I;379;966.7251918315887;10;166.5428762435913;164.6119565963745;[  1   7  16  17  25  69  86 106 131 136];2884;4213;0;0;3.529754877090454
I;380;994.1944041252136;10;166.53626251220703;164.66442394256592;[  7  16  22  25  48  69  86 106 131 136];2884;4458;0;0;3.735020637512207
I;381;1001.6540222167969;10;166.53201866149902;164.66442394256592;[  1   7  16  17  25  69  86 106 131 136];4458;4458;0;0;3.735020637512207
I;382;1021.6633431911469;10;166.53138542175293;164.66607570648193;[  1   7  16  17  25  69  86 106 131 136];4458;4468;0;0;3.7434804439544678
I;383;1034.6272139549255;10;166.52899646759033;164.67573261260986;[  1   7  16  17  25  69  86 106 131 136];4458;4517;0;0;3.784646511077881
I;384;1046.5764982700348;10;166.52756786346436;164.68170642852783;[  1   7  16  17  25  69  86 106 131 136];4458;4547;0;0;3.810199737548828
I;385;1058.7502150535583;10;166.5267744064331;164.68741512298584;[  1   7  16  17  25  69  86 106 131 136];4458;4583;0;0;3.841691732406616
I;386;1068.7518060207367;10;166.5261640548706;164.6908826828003;[  1   7  16  17  25  69  86 106 131 136];4458;4602;0;0;3.857936143875122
I;387;1076.7197880744934;10;166.5261640548706;164.6910285949707;[  1   7  16  17  25  69  86 106 131 136];4458;4603;0;0;3.8587682247161865
I;388;1089.1164910793304;10;166.52356624603271;164.70160961151123;[  1   7  16  17  25  69  86 106 131 136];4458;4650;0;0;3.8986668586730957
I;389;1104.2004120349884;10;166.52157831192017;164.71244621276855;[  1   7  16  17  25  69  86 106 131 136];4458;4719;0;0;3.9572880268096924
I;390;1117.5429990291595;10;166.51749658584595;164.7217378616333;[  1   7  16  17  25  69  86 106 131 136];4458;4771;0;0;4.001177549362183
I;391;1125.5257589817047;10;166.51749658584595;164.72190380096436;[  1   7  16  17  25  69  86 106 131 136];4458;4772;0;0;4.002077341079712
I;392;1135.465460062027;10;166.5173192024231;164.72284984588623;[  1   7  16  17  25  69  86 106 131 136];4458;4778;0;0;4.0076093673706055
I;393;1151.938320159912;10;166.51481676101685;164.74190044403076;[  1   7  16  17  25  69  86 106 131 136];4458;4890;0;0;4.104273319244385
I;394;1160.0894529819489;10;166.51481676101685;164.74206638336182;[  1   7  16  17  25  69  86 106 131 136];4458;4891;0;0;4.105048418045044
I;395;1170.5781540870667;10;166.51353406906128;164.7467679977417;[  1   7  16  17  25  69  86 106 131 136];4458;4926;0;0;4.1349732875823975
I;396;1182.2385551929474;10;166.51284551620483;164.74983501434326;[  1   7  16  17  25  69  86 106 131 136];4458;4949;0;0;4.154477596282959
I;397;1190.4017441272736;10;166.51284551620483;164.7498483657837;[  1   7  16  17  25  69  86 106 131 136];4458;4950;0;0;4.155340671539307
I;398;1201.5846750736237;10;166.51214933395386;164.75481510162354;[  1   7  16  17  25  69  86 106 131 136];4458;4975;0;0;4.1771111488342285
I;399;1209.6561529636383;10;166.51214933395386;164.7549810409546;[  1   7  16  17  25  69  86 106 131 136];4458;4976;0;0;4.17820930480957
I;400;1223.1037991046906;10;166.51141500473022;164.76573753356934;[  1   7  16  17  25  69  86 106 131 136];4458;5035;0;0;4.22731614112854
I;401;1235.032273054123;10;166.51062440872192;164.77208709716797;[  1   7  16  17  25  69  86 106 131 136];4458;5071;0;0;4.258769273757935
I;402;1243.5530560016632;10;166.51045751571655;164.77238750457764;[  1   7  16  17  25  69  86 106 131 136];4458;5074;0;0;4.261649131774902
I;403;1253.6246020793915;10;166.51011419296265;164.77493572235107;[  1   7  16  17  25  69  86 106 131 136];4458;5090;0;0;4.275254011154175
I;404;1261.7472608089447;10;166.51011419296265;164.77526760101318;[  1   7  16  17  25  69  86 106 131 136];4458;5092;0;0;4.276919841766357
I;405;1274.3224771022797;10;166.50881052017212;164.77964878082275;[  1   7  16  17  25  69  86 106 131 136];4458;5127;0;0;4.306481122970581
I;406;1289.4417562484741;10;166.50765895843506;164.7907590866089;[  1   7  16  17  25  69  86 106 131 136];4458;5189;0;0;4.359870195388794
I;407;1298.761188030243;10;166.5074405670166;164.7911033630371;[  1   7  16  17  25  69  86 106 131 136];4458;5192;0;0;4.362273454666138
I;408;1308.9699110984802;10;166.50693702697754;164.7946548461914;[  1   7  16  17  25  69  86 106 131 136];4458;5221;0;0;4.387382507324219
I;409;1324.5725240707397;10;166.50492906570435;164.8017063140869;[  1   7  16  17  25  69  86 106 131 136];4458;5280;0;0;4.43693470954895
I;410;1339.7313520908356;10;166.50360345840454;164.82155418395996;[  1   7  16  17  25  69  86 106 131 136];4458;5377;0;0;4.518790245056152
I;411;1347.9493639469147;10;166.50360345840454;164.82172966003418;[  1   7  16  17  25  69  86 106 131 136];4458;5378;0;0;4.519613981246948
I;412;1367.342269897461;10;166.50118350982666;164.83098030090332;[  1   7  16  17  25  69  86 106 131 136];4458;5449;0;0;4.579684257507324
I;413;1376.5844180583954;10;166.50085449218773;164.83258247375488;[  7  16  25  38  48  69  78 106 131 136];4458;5461;0;0;4.5897440910339355
I;414;1385.9711389541626;10;166.5007905960083;164.83258247375488;[  1   7  16  17  25  69  86 106 131 136];5461;5461;0;0;4.5897440910339355
I;415;1414.6960382461548;10;166.5007905960083;164.83263301849365;[  1   7  16  17  25  69  86 106 131 136];5461;5462;0;0;4.590552091598511
C;415;1434.5191621780396;10;166.5007905960083;164.84280157089233;[  1   7  16  17  25  69  86 106 131 136];0;5562;0;0;4.675864219665527
