1;0.4563288688659668;10;182.0;0;[  0   1   2   3   4   5   6   7 114 212];1;1;0;0
2;0.9273998737335205;10;182.0;0.0;[  0   1   2   3 112 114 141 164 203 212];1;1;0;0
2;1.0523581504821777;10;182.0;182.0;[  0   1   2   3 112 114 141 164 203 212];0;1;0.09210896492004395;1
1;0.390178918838501;10;182.0;0;[  0   1   2   3   4   5   6   7 114 212];1;1;0;0
2;0.8136518001556396;10;182.0;0.0;[  0   1   2   3 112 114 141 164 203 212];1;1;0;0
2;0.936058759689331;10;182.0;182.0;[  0   1   2   3 112 114 141 164 203 212];0;1;0.09150004386901855;1
1;0.3795480728149414;10;182.0;0;[  0   1   2   3   4   5   6   7 114 212];1;1;0;0
2;0.7773940563201904;10;182.0;0.0;[  0   1   2   3 112 114 141 164 203 212];1;1;0;0
2;0.9011490345001221;10;182.0;182.0;[  0   1   2   3 112 114 141 164 203 212];0;1;0.09258508682250977;1
I;1;0.4079608917236328;10;182.0;0;[  0   1   2   3   4   5   6   7 114 212];1;1;0;0
I;2;0.8330879211425781;10;182.0;0;[  0   1   2   3 112 114 141 164 203 212];1;1;0;0
C;2;1.0138928890228271;10;182.0;182.0;[  0   1   2   3 112 114 141 164 203 212];0;1;0.1483309268951416;1
