I;1;0.006673336029052734;10;1000000.0;0;[0 1 2 3 4 5 6 7 8 9];1;1;0;0;0
I;2;0.02444314956665039;10;145.0;0;[  0   1   2   3   4   5   6   7  21 156];1;1;0;0;0
I;3;0.04218029975891113;10;145.0;0;[  0   1   2  10  21  66  92 156 330 374];1;1;0;0;0
I;4;0.18793225288391113;10;145.0;139.5;[  0   1   2  10  21  66  92 156 330 374];2;2;0;0;0.0009353160858154297
I;5;0.4681391716003418;10;145.0;141.125;[  0   1   2  10  21  66  92 156 330 374];4;4;0;0;0.0026819705963134766
I;6;0.8433520793914795;10;145.0;141.9375;[  0  10  21  43 156 371 372 373 375 379];6;6;0;0;0.004382133483886719
I;7;0.8727149963378906;10;145.0;141.9375;[  0   1  21  26 156 371 372 374 375 379];6;6;0;0;0.004382133483886719
I;8;0.922370195388794;10;145.0;141.9375;[  0  10  21  26 156 370 371 375 380 381];6;6;0;0;0.004382133483886719
I;9;0.9525182247161865;10;145.0;141.9375;[  0   1  10  21  26 156 370 373 375 380];6;6;0;0;0.004382133483886719
C;9;1.3156023025512695;10;145.0;144.3125;[  0   1  10  21  26 156 370 373 375 380];0;7;0;0;0.00522303581237793
