I;1;0.0007441043853759766;10;1000000.0;0;[0 1 2 3 4 5 6 7 8 9];1;1;0;0;0
I;2;0.015757083892822266;10;341.0;0;[  0   1   2   3  49  62 234 239 250 256];1;1;0;0;0
I;3;0.029382944107055664;10;341.0;0;[  0  49  60  62 194 198 234 239 250 256];1;1;0;0;0
I;4;0.04426908493041992;10;302.0;0;[  0  60  83  93 167 198 234 239 250 256];1;1;0;0;0
I;5;0.05958914756774902;10;276.0;0;[  0  49  60  62  83 167 194 234 239 246];1;1;0;0;0
I;6;0.07505512237548828;10;271.0;0;[  0  49  62  83 167 198 234 246 250 256];1;1;0;0;0
I;7;0.09033823013305664;10;263.0;0;[  0   1  62  83 167 198 234 246 250 256];1;1;0;0;0
I;8;0.20241904258728027;10;260.0;194.73692810457516;[  0  49  60  62  83 160 167 198 234 250];2;2;1;1;0.002864837646484375
I;9;0.22072815895080566;10;253.0;194.73692810457516;[  0   1  60  62  83 167 198 234 250 256];2;2;1;1;0.002864837646484375
I;10;0.2409191131591797;10;249.0;194.73692810457516;[  0   1  62 160 167 198 234 246 250 256];2;2;1;1;0.002864837646484375
I;11;0.2599611282348633;10;249.0;194.73692810457516;[  0   1  62 160 167 184 198 234 246 250];2;2;1;1;0.002864837646484375
I;12;0.2799251079559326;10;248.93300653594804;194.73692810457516;[  0   1  62 160 161 167 184 198 234 250];2;2;1;1;0.002864837646484375
I;13;0.29778099060058594;10;248.93300653594773;194.73692810457516;[  0   1  62  83 160 167 198 234 250 256];2;2;1;1;0.002864837646484375
I;14;0.3164222240447998;10;248.93300653594773;194.73692810457516;[  0   1  62  93 160 167 184 198 234 250];2;2;1;1;0.002864837646484375
I;15;0.3346669673919678;10;248.7892156862745;194.73692810457516;[  0   1  62  83 160 161 167 198 234 250];2;2;1;1;0.002864837646484375
I;16;0.3540811538696289;10;248.36111111111111;194.73692810457516;[  0   1  62  83 160 161 167 198 234 250];2;2;1;1;0.002864837646484375
I;17;0.5687851905822754;10;247.61566418071766;201.14727817196916;[  0   1  62  83 160 161 167 198 234 250];4;4;3;3;0.009317159652709961
I;18;0.8553290367126465;10;247.6070262182978;203.26872456332967;[  0   1  62  83 160 161 167 198 234 250];8;8;7;4;0.020620346069335938
I;19;1.4414892196655273;10;246.6454248366013;209.36483743926192;[  0   1  62 160 161 167 198 234 250 256];16;16;15;9;0.04558968544006348
I;20;1.4884049892425537;10;244.80228758169935;209.36483743926192;[  0   1  49  62  83 160 167 198 234 250];16;16;15;9;0.04558968544006348
I;21;1.5383622646331787;10;242.7386898584924;209.36483743926192;[  0   1  62 160 161 167 198 231 234 250];16;16;15;9;0.04558968544006348
I;22;1.5884110927581787;10;242.68602835128308;209.36483743926192;[  0   1  62  83 160 167 184 198 234 250];16;16;15;9;0.04558968544006348
I;23;1.6383070945739746;10;242.68602835128252;209.36483743926192;[  0   1  62  93 160 161 167 198 234 250];16;16;15;9;0.04558968544006348
I;24;3.1881721019744873;10;241.99504977113511;213.67547181666947;[  0   1  62 160 161 167 198 234 250 256];32;32;31;21;0.09564661979675293
I;25;3.2695460319519043;10;240.8848221012627;213.67547181666947;[  0   1  49  62  83 160 167 198 234 250];32;32;31;21;0.09564661979675293
I;26;3.3537180423736572;10;240.79901960784312;213.67547181666947;[  0   1  62  83 160 167 198 234 250 256];32;32;31;21;0.09564661979675293
I;27;3.4384641647338867;10;240.5220102882337;213.67547181666947;[  0   1  62 160 161 167 198 231 234 250];32;32;31;21;0.09564661979675293
I;28;3.5278472900390625;10;240.09738208423462;213.67547181666947;[  0   1  49  60  62 160 167 184 234 250];32;32;31;21;0.09564661979675293
I;29;3.6246819496154785;10;240.09738208423465;213.67547181666947;[  0   1  49  62 160 167 184 198 234 250];32;32;31;21;0.09564661979675293
I;30;3.7204270362854004;10;240.09738208423465;213.67547181666947;[  0   1  49  62 160 161 167 198 234 250];32;32;31;21;0.09564661979675293
I;31;3.8289380073547363;10;240.08909514746978;213.67547181666947;[  0   1  62  83 160 161 167 198 234 250];32;32;31;21;0.09564661979675293
I;32;6.914845943450928;10;240.08580672878506;216.1902626977278;[  0   1  49  62 160 161 167 198 234 250];64;64;63;42;0.19507265090942383
I;33;7.065024137496948;10;239.5811025131287;216.1902626977278;[  0   1  62 160 161 167 198 234 246 250];64;64;63;42;0.19507265090942383
I;34;7.214405298233032;10;239.2576676110529;216.1902626977278;[  0   1  49  62 160 161 167 198 234 250];64;64;63;42;0.19507265090942383
I;35;13.228292226791382;10;239.198628559218;223.5273908363944;[  0   1  49  62  83 160 167 198 234 250];122;125;124;76;0.385448694229126
I;36;13.502912044525146;10;238.52460121320317;223.5273908363944;[  0   1  62  83 160 161 167 198 234 250];125;125;124;76;0.385448694229126
I;37;13.770750045776367;10;238.250501779425;223.5273908363944;[  0   1  62  83 160 167 198 234 246 250];125;125;124;76;0.385448694229126
I;38;14.064932107925415;10;238.0936800619294;223.5273908363944;[  0   1  49  62 160 167 198 231 234 250];125;125;124;76;0.385448694229126
I;39;14.345781087875366;10;238.0359674261833;223.5273908363944;[  0   1  49  62 160 161 167 198 234 256];125;125;124;76;0.385448694229126
I;40;14.630129098892212;10;238.035967426184;223.5273908363944;[  0   1  49  62 160 161 167 202 234 250];125;125;124;76;0.385448694229126
I;41;14.907135963439941;10;238.035967426184;223.5273908363944;[  0   1  49  62 160 161 167 198 234 250];125;125;124;76;0.385448694229126
I;42;24.68433403968811;10;237.84281980103498;225.5794293318667;[  0   1  50  60  62 160 161 167 234 250];180;215;214;114;0.6645815372467041
I;43;25.127984285354614;10;237.8428198010353;225.5794293318667;[  0   1  62  83 160 161 167 198 234 250];215;215;214;114;0.6645815372467041
I;44;25.60032629966736;10;237.7365154916654;225.5794293318667;[  0   1  62 160 161 167 198 234 246 250];215;215;214;114;0.6645815372467041
I;45;26.04435110092163;10;237.61525592097277;225.5794293318667;[  0   1  49  62 160 161 167 198 234 250];215;215;214;114;0.6645815372467041
I;46;41.62802314758301;10;237.51405478231132;226.3603535225439;[  0   1  49  62  93 160 167 198 234 250];276;353;352;173;1.1086902618408203
I;47;42.360860109329224;10;237.48831107702492;226.3603535225439;[  0   1  50  62 160 161 167 198 234 250];353;353;352;173;1.1086902618408203
I;48;43.10145902633667;10;237.40270455971415;226.3603535225439;[  0   1  49  62 160 161 167 198 234 256];353;353;352;173;1.1086902618408203
I;49;43.81620216369629;10;237.40270455971415;226.3603535225439;[  0   1  49  62 160 161 167 198 234 250];353;353;352;173;1.1086902618408203
I;50;68.29955720901489;10;237.29622669640955;226.92368362008128;[  0   1  62  83 160 161 167 198 234 250];426;566;565;253;1.7728497982025146
I;51;69.43608808517456;10;237.2485122031161;226.92368362008128;[  0   1  49  62 160 161 167 198 234 250];566;566;565;253;1.7728497982025146
I;52;107.5755181312561;10;237.19049999019597;227.33564710981727;[  0   1  49  62  93 160 167 198 234 250];652;892;891;371;2.7849843502044678
I;53;109.35326409339905;10;237.16215668908885;227.33564710981727;[  0   1  62  83 160 161 167 198 234 250];892;892;891;371;2.7849843502044678
I;54;111.14836812019348;10;237.141489523682;227.33564710981727;[  0   1  49  62 160 161 167 198 234 250];892;892;891;371;2.7849843502044678
I;55;168.27306699752808;10;237.08630057942693;227.59689607790105;[  0   1  49  62 160 161 167 198 234 250];938;1361;1360;523;4.298232316970825
I;56;239.06764602661133;10;237.0724061871035;227.7463395312473;[  0   1  62  93 160 161 167 198 234 250];1294;2008;2007;726;6.380114316940308
I;57;243.10931205749512;10;237.06293174092616;227.7463395312473;[  0   1  49  62 160 161 167 198 234 250];2008;2008;2007;726;6.380114316940308
I;58;361.6009421348572;10;237.0506658744903;227.83076301868982;[  0   1  49  62 160 161 167 198 234 250];1796;2906;2905;1007;9.28331446647644
I;59;494.2294442653656;10;237.0436387391423;227.88333358258194;[  0   1  49  62 160 161 167 198 234 250];2374;4093;4092;1398;13.059945344924927
I;60;602.9969689846039;10;237.0397930423708;227.91434509330273;[  0   1  49  62 160 161 167 198 234 250];3048;5617;5616;1903;18.030290365219116
I;61;741.0629551410675;10;237.0375345355187;227.93153785652171;[  0   1  49  62 160 161 167 198 234 250];3790;7512;7511;2555;24.113260984420776
I;62;912.8942589759827;10;237.03617528556856;227.9416370314837;[  0   1  49  62 160 161 167 198 234 250];4686;9855;9854;3403;31.757077932357788
I;63;1127.6582562923431;10;237.03529771341044;227.94803308610645;[  0   1  49  62 160 161 167 198 234 250];5746;12728;12727;4483;41.03374242782593
I;64;1390.4242861270905;10;237.03470040174452;227.95202602372342;[  0   1  49  62 160 161 167 198 234 250];6980;16218;16217;5815;52.19999623298645
I;65;1716.2446022033691;10;237.03431190296058;227.95447517041057;[  0   1  49  62 160 161 167 198 234 250];8444;20440;20439;7470;65.8112370967865
I;66;2110.924557209015;10;237.03406196778215;227.96459476109698;[  0   1  49  62 160 161 167 198 234 250];10088;25484;25483;9507;82.01935958862305
I;67;2594.1259400844574;10;237.031198791258;229.56889149675547;[  0   1  49  62 160 161 167 198 234 250];11968;31468;31467;11951;104.87795519828796
I;68;3164.892651081085;10;236.98548111896037;231.12880458368846;[  0   1  62 160 167 198 231 234 250 256];13748;38342;38341;14862;126.98710680007935
I;69;3252.9288861751556;10;236.98152897986694;231.12880458368846;[  0   1  49  62  83 160 167 198 234 250];38342;38342;38341;14862;126.98710680007935
I;70;3345.297194004059;10;236.9766217879126;231.12880458368846;[  0   1  62  83 160 161 167 198 234 250];38342;38342;38341;14862;126.98710680007935
I;71;3433.765067100525;10;236.8670554261099;231.12880458368846;[  0   1  62 160 161 167 198 234 246 250];38342;38342;38341;14862;126.98710680007935
I;72;3524.8463990688324;10;236.80574385033503;231.12880458368846;[  0   1  62  83 160 167 198 234 250 256];38342;38342;38341;14862;126.98710680007935
