1;0.3928530216217041;10;525.0;0;[  0   1   2   3  87 109 182 224 244 267];1;1
2;0.8219180107116699;10;478.0;0.0;[  0  87 112 131 182 224 244 267 289 330];1;1
3;1.248485803604126;10;465.0;0.0;[  0  87 131 156 182 200 244 267 289 330];1;1
4;1.6748440265655518;10;464.0;0.0;[  0  85  87 109 131 156 170 182 244 289];1;1
5;2.095189094543457;10;463.0;0.0;[  0   1  87 109 131 170 182 200 244 289];1;1
6;2.517906904220581;10;442.0;0.0;[  0   1 109 131 170 182 200 244 267 289];1;1
7;2.947563886642456;10;431.0;0.0;[  0  87 109 131 170 182 200 244 289 315];1;1
8;3.3734447956085205;10;431.0;0.0;[  0 109 131 170 182 200 244 267 289 315];1;1
9;3.805962085723877;10;426.0;0.0;[  0 109 131 170 182 200 244 267 289 315];1;1
10;4.374995946884155;10;426.0;0.0;[  0 109 131 170 182 200 244 267 289 315];2;2
11;5.098893880844116;10;426.0;0.0;[  0 109 131 170 182 200 244 267 289 315];4;4
12;6.071337938308716;10;426.0;106.125;[  0 109 131 170 182 200 244 267 289 315];6;7
13;7.314903736114502;10;425.8046875;212.25;[  0 109 131 170 182 200 244 267 289 315];8;11
14;8.988687992095947;10;425.70703125;265.3125;[  0 109 131 170 182 200 244 267 289 315];12;17
15;11.18652081489563;10;425.6298828125;318.375;[  0 109 131 170 182 200 244 267 289 315];16;25
16;14.345493078231812;10;425.547607421875;338.1484375;[  0 109 131 170 182 200 244 267 289 315];26;38
17;18.973466873168945;10;425.51416015625;357.92578125;[  0 109 131 170 182 200 244 267 289 315];40;58
18;25.817184925079346;10;425.4805908203125;372.7301025390625;[  0 109 131 170 182 200 244 267 289 315];62;89
19;36.273212909698486;10;425.462646484375;384.26641845703125;[  0 109 131 170 182 200 224 244 289 315];96;137
20;38.80178904533386;10;425.4605407714844;384.26641845703125;[  0 109 131 170 182 200 244 267 289 315];137;137
21;55.31223511695862;10;425.4425926208496;394.5961456298828;[  0 109 131 170 182 200 244 267 289 315];142;208
22;78.37452983856201;10;425.4277591705322;403.8995895385742;[  0 109 131 170 182 200 244 267 289 315];194;305
23;110.20140075683594;10;425.41682147979736;410.62063217163086;[  0 109 131 170 182 200 244 267 289 315];258;434
24;154.07160687446594;10;425.4088282585144;414.90754318237305;[  0 109 131 170 182 200 244 267 289 315];350;609
25;216.69235372543335;10;425.40433502197266;417.6925411224365;[  0  87 109 131 170 182 200 244 289 315];484;851
26;223.02010703086853;10;425.4043159484863;417.6925411224365;[  0 109 131 170 182 200 244 267 289 315];851;851
27;310.7872588634491;10;425.40180790424347;419.61153841018677;[  0 109 131 170 182 200 244 267 289 315];670;1186
28;430.9176290035248;10;425.40038537979126;421.0535020828247;[  0 109 131 170 182 200 244 267 289 315];892;1632
29;594.5791249275208;10;425.399553835392;422.1026510000229;[  0 109 131 170 182 200 244 267 289 315];1132;2198
30;801.4341459274292;10;425.39906230568886;422.8233922421932;[  0 109 131 170 182 200 244 267 289 315];1368;2882
31;1066.471002817154;10;425.3987757116556;423.2906336039305;[  0 109 131 170 182 200 244 267 289 315];1574;3669
32;1388.9674699306488;10;425.3986196741462;423.56873466074467;[  0 109 131 170 182 200 244 267 289 315];1764;4551
33;1770.1248247623444;10;425.3985366355628;423.72840670123696;[  0 109 131 170 182 200 244 267 289 315];1938;5520
34;2218.9497079849243;10;425.39849404711276;423.81855631805956;[  0 109 131 170 182 200 244 267 289 315];2080;6560
35;2729.985116004944;10;425.39847359992564;423.8695852262899;[  0 109 131 170 182 200 244 267 289 315];2126;7623
36;3317.2177670001984;10;425.3984647109173;423.89701302722096;[  0 109 131 170 182 200 244 267 289 315];2066;8656
