1;0.39538002014160156;10;296.0;0;[  0   1   2   3   4   5   6  80  86 111];1;1;0;0
2;0.8857431411743164;10;296.0;0.0;[  0   1   2   3   4   5   6  80  86 111];2;2;0.06506896018981934;1
3;1.4674432277679443;10;296.0;0.0;[  0   1   2   3   4   5   6  80  86 111];4;4;0.1827392578125;3
4;2.2620480060577393;10;296.0;59.75;[  0   1   2   3  67  80  86 104 111 118];6;7;0.4665374755859375;7
5;2.6767830848693848;10;295.0;59.75;[  0   1   2  67  80  86 103 104 111 118];7;7;0.4665374755859375;7
6;3.0946311950683594;10;295.0;59.75;[  0   1  63  67  80  86 103 111 120 121];7;7;0.4665374755859375;7
7;3.5156619548797607;10;295.0;59.75;[  0   1  63  67  80  86 103 104 111 118];7;7;0.4665374755859375;7
8;3.9402852058410645;10;295.0;59.75;[  0   1  46  63  80  86 103 104 111 118];7;7;0.4665374755859375;7
9;4.949295997619629;10;293.25;130.5;[  0   1  46  63  80  86 103 104 111 118];8;11;0.8753037452697754;14
10;6.311451196670532;10;293.25;168.375;[  0   1  46  80  86 103 104 111 118 123];12;17;1.5204691886901855;25
11;6.759534120559692;10;293.25;168.375;[  0   1  46  67  68  80  86 103 111 123];17;17;1.5204691886901855;25
12;8.700139999389648;10;293.203125;225.125;[  0   1  46  67  80  86  93 103 104 111];14;24;2.5510387420654297;42
13;11.409737825393677;10;292.935546875;204.03125;[  0   1  46  67  68  80  86 103 105 111];30;39;4.004467964172363;66
14;15.470046043395996;10;292.84375;247.22265625;[  0   1  46  67  68  80  86  98 103 111];36;57;6.35683536529541;105
15;15.957258939743042;10;292.8310546875;247.22265625;[  0   1  15  67  68  80  86  98 103 111];57;57;6.35683536529541;105
16;21.95566415786743;10;292.818359375;256.005859375;[  0   1  67  68  80  86  98 103 105 111];58;86;9.760465860366821;162
17;31.16895890235901;10;292.783203125;261.0048828125;[  0   1  67  68  80  86  98 103 105 111];96;134;14.977005004882812;248
18;45.322471141815186;10;292.76165771484375;268.32080078125;[  0   1  67  68  80  86  98 103 105 111];150;209;23.151667833328247;382
19;67.09551310539246;10;292.75172424316406;272.91943359375;[  0   1  67  68  80  86  98 103 105 111];232;325;35.94389581680298;591
20;101.04916906356812;10;292.74082946777344;276.909423828125;[  0   1  67  68  80  86  98 103 105 111];360;505;55.92023706436157;916
21;152.90869903564453;10;292.7331314086914;281.28953552246094;[  0   1  67  68  80  86  98 103 105 111];518;764;86.93861126899719;1421
22;231.0397448539734;10;292.7280263900757;283.9143981933594;[  0   1  67  68  80  86  98 103 105 111];744;1136;134.26913142204285;2185
23;346.31967306137085;10;292.7240695953369;286.2502431869507;[  0   1  67  68  80  86  98 103 105 111];1034;1653;204.69546627998352;3321
24;511.68634486198425;10;292.7211742401123;288.0756769180298;[  0   1  67  68  80  86  98 103 105 111];1348;2327;307.5246253013611;4974
25;744.4639809131622;10;292.71905666589737;289.2190933227539;[  0   1  67  68  80  86  98 103 105 111];1716;3185;452.44760513305664;7301
25;1055.0390629768372;10;292.71905666589737;290.29719775915146;[  0   1  67  68  80  86  98 103 105 111];0;4192;651.9744560718536;10486
1;0.42579102516174316;10;296.0;0;[  0   1   2   3   4   5   6  80  86 111];1;1;0;0
2;0.9402172565460205;10;296.0;0.0;[  0   1   2   3   4   5   6  80  86 111];2;2;0.06492424011230469;1
3;1.5655932426452637;10;296.0;0.0;[  0   1   2   3   4   5   6  80  86 111];4;4;0.18427634239196777;3
4;2.390383243560791;10;296.0;59.75;[  0   1   2   3  67  80  86 104 111 118];6;7;0.47176432609558105;7
5;2.8368639945983887;10;295.0;59.75;[  0   1   2  67  80  86 103 104 111 118];7;7;0.47176432609558105;7
6;3.2819762229919434;10;295.0;59.75;[  0   1  63  67  80  86 103 111 120 121];7;7;0.47176432609558105;7
7;3.7246181964874268;10;295.0;59.75;[  0   1  63  67  80  86 103 104 111 118];7;7;0.47176432609558105;7
8;4.1654322147369385;10;295.0;59.75;[  0   1  46  63  80  86 103 104 111 118];7;7;0.47176432609558105;7
9;5.189700126647949;10;293.25;177.6875;[  0   1  46  63  80  86 103 104 111 118];6;10;0.8831825256347656;14
10;6.491717100143433;10;293.25;214.53125;[  0   1  46  80  86 103 104 111 118 123];8;14;1.471970558166504;24
11;6.954883098602295;10;293.25;214.53125;[  0   1  46  67  68  80  86 103 111 123];14;14;1.471970558166504;24
12;8.702973127365112;10;293.21875;225.125;[  0   1  67  80  86  93  98 103 104 111];14;21;2.324791669845581;38
13;11.176206111907959;10;292.84375;231.28125;[  0   1  46  67  68  80  86 103 105 111];24;33;3.6049580574035645;59
14;14.81833028793335;10;292.84375;250.171875;[  0   1  46  67  68  80  86  98 103 111];34;50;5.610122203826904;92
15;15.341161012649536;10;292.84375;250.171875;[  0   1  67  68  80  86  98 103 105 111];50;50;5.610122203826904;92
16;20.635545253753662;10;292.7978515625;263.927734375;[  0   1  67  68  80  86  98 103 111 120];46;73;8.656407117843628;142
17;28.532711029052734;10;292.783203125;263.8837890625;[  0   1  67  68  80  86  98 103 105 111];82;114;13.086283445358276;215
18;40.63421320915222;10;292.76141357421875;272.15283203125;[  0   1  67  68  80  86  98 103 105 111];118;173;20.076821327209473;329
19;58.313085079193115;10;292.75233459472656;278.12939453125;[  0   1  67  68  80  86  98 103 105 111];164;255;30.769200563430786;502
20;83.7939441204071;10;292.74298095703125;281.68341064453125;[  0   1  67  68  80  86  98 103 105 111];218;364;46.57491660118103;757
21;119.4137670993805;10;292.7372169494629;285.87760162353516;[  0   1  67  68  80  86  98 103 105 111];276;502;69.17237591743469;1121
22;167.3569140434265;10;292.7335433959961;286.7856636047363;[  0   1  67  68  80  86  98 103 105 111];338;671;100.3998441696167;1623
23;230.9215750694275;10;292.7309503555298;288.3294382095337;[  0   1  67  68  80  86  98 103 105 111];434;888;142.31938672065735;2294
24;314.46488404273987;10;292.72890615463257;289.35879373550415;[  0   1  67  68  80  86  98 103 105 111];532;1154;198.12849283218384;3182
24;419.27618527412415;10;292.72890615463257;290.28640580177307;[  0   1  67  68  80  86  98 103 105 111];0;1433;271.1119313240051;4336
I;1;0.41489696502685547;10;296.0;0;[  0   1   2   3   4   5   6  80  86 111];1;1;0;0
I;2;1.0120978355407715;10;296.0;237.75;[  0   1   2   3   4   5   6  80  86 111];2;2;0.11634182929992676;1
I;3;1.7487258911132812;10;296.0;258.5;[  0   1   2   3   4   5   6  80  86 111];4;4;0.33638882637023926;3
I;4;2.804879903793335;10;296.0;270.8125;[  0   1   2   3  67  80  86 104 111 118];6;7;0.8272910118103027;7
I;5;3.2371490001678467;10;295.0;270.8125;[  0   1   2  67  80  86 103 104 111 118];7;7;0.8272910118103027;7
I;6;3.6749069690704346;10;295.0;270.8125;[  0   1  63  67  80  86 103 111 120 121];7;7;0.8272910118103027;7
I;7;4.112720966339111;10;295.0;270.8125;[  0   1  63  67  80  86 103 104 111 118];7;7;0.8272910118103027;7
I;8;4.556907653808594;10;295.0;270.8125;[  0   1  46  63  80  86 103 104 111 118];7;7;0.8272910118103027;7
I;9;6.039931774139404;10;293.25;283.28125;[  0   1  46  63  80  86 103 104 111 118];6;10;1.5907189846038818;14
I;10;7.382073879241943;10;293.25;286.34375;[  0   1  46  80  86 103 104 111 118 123];8;14;2.2503502368927;20
I;11;7.850459814071655;10;293.25;286.34375;[  0   1  46  67  68  80  86 103 111 123];14;14;2.2503502368927;20
I;12;10.56578278541565;10;293.21875;287.84375;[  0   1  67  80  86  93  98 103 104 111];14;21;3.813828945159912;34
I;13;14.566313982009888;10;292.84375;289.72265625;[  0   1  46  67  68  80  86 103 105 111];24;33;6.162240743637085;55
C;13;20.134896755218506;10;292.84375;291.0390625;[  0   1  46  67  68  80  86 103 105 111];0;50;9.858972787857056;88
