1;0.3990960121154785;10;312.0;0;[  0   1   2  29  57  78  85  98 103 110];1;1
2;0.8159003257751465;10;295.0;0.0;[  0   1  40  51  57  78  98 103 110 119];1;1
3;1.2287030220031738;10;279.0;0.0;[  0   1  40  54  57  78  98 110 119 125];1;1
4;1.6570920944213867;10;275.0;0.0;[  0   1  40  57  78  87  98 110 119 125];1;1
5;2.072080135345459;10;262.0;0.0;[  0   1  18  40  43  57  78  87  98 119];1;1
6;2.488474130630493;10;262.0;0.0;[  0   1  18  40  43  78  98 103 110 119];1;1
7;2.9167721271514893;10;262.0;0.0;[  0   1  18  40  43  57  78 103 110 119];1;1
8;3.348680257797241;10;262.0;0.0;[  0   1  28  40  43  57  78 103 110 119];1;1
9;3.8504321575164795;10;249.25;0.0;[  0   1  28  43  51  57  78 103 110 119];2;2
10;4.426103115081787;10;247.25;0.0;[  0   1  28  40  43  57  78 103 110 119];4;4
11;5.09212327003479;10;245.765625;53.375;[  0   1  28  40  43  57  78 103 110 119];6;7
12;5.993729114532471;10;244.984375;53.375;[  0   1  28  43  51  57  78 103 110 119];12;13
13;7.4040491580963135;10;244.765625;53.375;[  0   1  28  40  43  57  78 103 110 119];24;25
14;9.69149899482727;10;244.56640625;60.78125;[  0   1  18  28  40  78  87  98 110 125];46;48
15;10.514365196228027;10;244.5400390625;60.78125;[  0   1  28  40  43  57  78 103 110 119];48;48
16;14.79193902015686;10;244.443359375;72.5283203125;[  0   1  28  40  43  57  78 103 110 119];86;91
17;21.843653202056885;10;244.3466796875;102.04052734375;[  0   1  28  43  51  57  78 103 110 119];142;162
18;33.631609201431274;10;244.283447265625;127.6337890625;[  0   1  28  43  51  57  78 103 110 119];232;278
19;52.84249806404114;10;244.23486328125;149.31072998046875;[  0   1  28  40  43  57  78 103 110 119];376;466
20;83.5729820728302;10;244.19886016845703;169.32574462890625;[  0   1  28  40  43  57  78 103 110 119];590;761
21;133.0948851108551;10;244.17433166503906;187.80615234375;[  0   1  28  43  51  57  78 103 110 119];882;1202
22;210.4818103313446;10;244.15813064575195;202.17798614501953;[  0   1  28  43  51  57  78 103 110 119];1302;1853
23;335.380912065506;10;244.14503860473633;214.50247764587402;[  0   1  28  40  43  57  78 103 110 119];1814;2760
24;510.63126826286316;10;244.13646411895752;224.6834716796875;[  0   1  28  43  51  57  78 103 110 119];2326;3923
25;742.6890339851379;10;244.13177025318146;232.71702527999878;[  0   1  28  43  51  57  78 103 110 119];2600;5223
26;1171.017375946045;10;244.12893599271774;236.93658030033112;[  0   1  28  40  43  57  78 103 110 119];3038;6742
27;1684.0310521125793;10;244.12742811441422;239.66867995262146;[  0   1  28  43  51  57  78 103 110 119];3294;8389
28;2230.5481741428375;10;244.12656688690186;241.19263285398483;[  0   1  28  43  51  57  78 103 110 119];3490;10134
28;2594.355268239975;10;244.12656688690186;242.0928128361702;[  0   1  28  43  51  57  78 103 110 119];0;11797
1;0.3812880516052246;10;312.0;0;[  0   1   2  29  57  78  85  98 103 110];1;1;0;0
2;0.7838389873504639;10;295.0;0.0;[  0   1  40  51  57  78  98 103 110 119];1;1;0;0
3;1.1913318634033203;10;279.0;0.0;[  0   1  40  54  57  78  98 110 119 125];1;1;0;0
4;1.591318130493164;10;275.0;0.0;[  0   1  40  57  78  87  98 110 119 125];1;1;0;0
5;1.992082118988037;10;262.0;0.0;[  0   1  18  40  43  57  78  87  98 119];1;1;0;0
6;2.3903489112854004;10;262.0;0.0;[  0   1  18  40  43  78  98 103 110 119];1;1;0;0
7;2.8079750537872314;10;262.0;0.0;[  0   1  18  40  43  57  78 103 110 119];1;1;0;0
8;3.2244269847869873;10;262.0;0.0;[  0   1  28  40  43  57  78 103 110 119];1;1;0;0
9;3.715150833129883;10;248.39999999999998;0.0;[  0   1  28  40  43  57  78 103 110 119];2;2;1;1
10;4.295210123062134;10;245.99166666666667;0.0;[  0   1  28  40  43  57  78 103 110 119];4;4;3;2
11;4.95683217048645;10;244.90020833333332;42.2;[  0   1  28  43  51  57  78 103 110 119];6;7;6;4
12;5.883738994598389;10;244.7147239328023;42.2;[  0   1  28  43  51  57  78 103 110 119];12;13;12;7
13;7.284345865249634;10;244.6145301378038;42.2;[  0   1  28  43  51  57  78 103 110 119];24;25;24;12
14;9.57778000831604;10;244.4809394626991;61.09601562500001;[  0   1  28  40  43  57  78 103 110 119];44;47;46;19
15;13.546015977859497;10;244.38260404932058;69.8660272288603;[  0   1  28  40  43  57  78 103 110 119];82;88;87;32
16;20.567766904830933;10;244.3069540909868;87.88911879535752;[  0   1  28  43  51  57  78 103 110 119];152;164;163;57
17;32.63604497909546;10;244.25032234905473;108.92021177514602;[  0   1  28  43  51  57  78 103 110 119];252;290;289;116
18;51.65303993225098;10;244.21071558420087;128.01754422245398;[  0   1  28  43  51  57  78 103 110 119];386;483;482;194
19;80.2993528842926;10;244.18835814835677;147.3418891627811;[  0   1  28  43  51  57  78 103 110 119];560;763;762;299
20;124.32237601280212;10;244.16978447045466;165.5182751091849;[  0   1  28  40  43  57  78 103 110 119];810;1168;1167;481
21;187.81244492530823;10;244.15567123554644;182.43384182619633;[  0   1  28  43  51  57  78 103 110 119];1050;1693;1692;712
22;277.1008629798889;10;244.14313404472497;197.11892051429652;[  0   1  28  40  43  57  78 103 110 119];1350;2368;2367;1029
23;398.12832403182983;10;244.13319577527173;208.9655827918626;[  0   1  28  43  51  57  78 103 110 119];1678;3207;3206;1452
24;555.2210760116577;10;244.12503325440392;218.83407602816678;[  0   1  28  40  43  57  78 103 110 119];1900;4157;4156;1915
25;751.5618960857391;10;244.12021417713848;226.44217606471327;[  0   1  28  43  51  57  78 103 110 119];2106;5210;5209;2454
26;1002.9572079181671;10;244.11694761111366;231.60228039831193;[  0   1  28  40  43  57  78 103 110 119];2358;6389;6388;3069
27;1386.2424437999725;10;244.1149960024239;235.82357346457738;[  0   1  28  43  51  57  78 103 110 119];2436;7607;7606;3691
28;1761.2726049423218;10;244.11366110867095;238.79289511666454;[  0   1  28  43  51  57  78 103 110 119];2344;8779;8778;4356
29;2146.3639459609985;10;244.1128428068615;240.55191816111392;[  0   1  28  40  43  57  78 103 110 119];2148;9853;9852;4981
30;2621.124790906906;10;244.1124070925454;241.6590570420067;[  0   1  28  43  51  57  78 103 110 119];1862;10784;10783;5535
30;2890.868061065674;10;244.1124070925454;242.2909955336415;[  0   1  28  43  51  57  78 103 110 119];0;11553;11552;5988
